id,class,xmin,ymin,xmax,ymax,detected
100,2,29.0,15.0,39.0,45.0,True
101,2,33.0,16.0,43.0,46.0,True
102,2,25.0,24.0,35.0,54.0,True
103,2,24.0,18.0,34.0,48.0,True
104,2,28.0,15.0,38.0,45.0,True
105,2,32.0,53.0,42.0,83.0,True
106,2,23.0,55.0,33.0,85.0,True
107,2,34.0,53.0,44.0,83.0,True
108,2,25.0,93.0,35.0,123.0,True
109,2,25.0,100.0,35.0,130.0,True
110,2,27.0,95.0,37.0,125.0,True
111,2,25.0,94.0,35.0,124.0,True
112,2,29.0,132.0,39.0,162.0,True
113,2,24.0,138.0,34.0,168.0,True
114,2,34.0,133.0,44.0,163.0,True
115,2,25.0,176.0,35.0,206.0,True
116,2,27.0,174.0,37.0,204.0,True
117,2,24.0,170.0,34.0,200.0,True
118,2,67.0,16.0,77.0,46.0,True
119,2,66.0,14.0,76.0,44.0,True
120,2,69.0,56.0,79.0,86.0,True
121,2,62.0,57.0,72.0,87.0,True
122,2,62.0,61.0,72.0,91.0,True
123,2,73.0,95.0,83.0,125.0,True
124,2,62.0,91.0,72.0,121.0,True
125,2,72.0,134.0,82.0,164.0,True
126,2,71.0,139.0,81.0,169.0,True
127,2,65.0,141.0,75.0,171.0,True
128,2,73.0,139.0,83.0,169.0,True
129,2,69.0,132.0,79.0,162.0,True
130,2,70.0,137.0,80.0,167.0,True
131,2,67.0,140.0,77.0,170.0,True
132,2,66.0,178.0,76.0,208.0,True
133,2,64.0,169.0,74.0,199.0,True
134,2,69.0,170.0,79.0,200.0,True
135,2,67.0,180.0,77.0,210.0,True
136,2,103.0,21.0,113.0,51.0,True
137,2,111.0,15.0,121.0,45.0,True
138,2,111.0,21.0,121.0,51.0,True
139,2,108.0,62.0,118.0,92.0,True
140,2,108.0,56.0,118.0,86.0,True
141,2,101.0,60.0,111.0,90.0,True
142,2,103.0,61.0,113.0,91.0,True
143,2,101.0,93.0,111.0,123.0,True
144,2,111.0,96.0,121.0,126.0,True
145,2,101.0,132.0,111.0,162.0,True
146,2,108.0,132.0,118.0,162.0,True
147,2,103.0,138.0,113.0,168.0,True
148,2,101.0,174.0,111.0,204.0,True
149,2,111.0,171.0,121.0,201.0,True
150,2,104.0,178.0,114.0,208.0,True
151,2,102.0,180.0,112.0,210.0,True
152,2,112.0,175.0,122.0,205.0,True
153,2,144.0,23.0,154.0,53.0,True
154,2,140.0,24.0,150.0,54.0,True
155,2,141.0,18.0,151.0,48.0,True
156,2,144.0,18.0,154.0,48.0,True
157,2,142.0,13.0,152.0,43.0,True
158,2,141.0,59.0,151.0,89.0,True
159,2,146.0,52.0,156.0,82.0,True
160,2,140.0,55.0,150.0,85.0,True
161,2,146.0,55.0,156.0,85.0,True
162,2,148.0,63.0,158.0,93.0,True
163,2,147.0,58.0,157.0,88.0,True
164,2,141.0,102.0,151.0,132.0,True
165,2,140.0,101.0,150.0,131.0,True
166,2,140.0,139.0,150.0,169.0,True
167,2,145.0,135.0,155.0,165.0,True
168,2,147.0,139.0,157.0,169.0,True
169,2,141.0,136.0,151.0,166.0,True
170,2,143.0,177.0,153.0,207.0,True
171,2,142.0,180.0,152.0,210.0,True
172,2,149.0,174.0,159.0,204.0,True
173,2,147.0,180.0,157.0,210.0,True
174,2,144.0,178.0,154.0,208.0,True
175,2,184.0,17.0,194.0,47.0,True
176,2,181.0,20.0,191.0,50.0,True
177,2,188.0,19.0,198.0,49.0,True
178,2,190.0,20.0,200.0,50.0,True
179,2,189.0,22.0,199.0,52.0,True
180,2,184.0,63.0,194.0,93.0,True
181,2,187.0,58.0,197.0,88.0,True
182,2,180.0,58.0,190.0,88.0,True
183,2,180.0,100.0,190.0,130.0,True
184,2,189.0,92.0,199.0,122.0,True
185,2,179.0,99.0,189.0,129.0,True
186,2,183.0,93.0,193.0,123.0,True
187,2,181.0,102.0,191.0,132.0,True
188,2,189.0,99.0,199.0,129.0,True
189,2,183.0,102.0,193.0,132.0,True
190,2,188.0,135.0,198.0,165.0,True
191,2,183.0,132.0,193.0,162.0,True
192,2,189.0,140.0,199.0,170.0,True
193,2,187.0,139.0,197.0,169.0,True
194,2,187.0,133.0,197.0,163.0,True
195,2,180.0,132.0,190.0,162.0,True
196,2,181.0,136.0,191.0,166.0,True
197,2,179.0,175.0,189.0,205.0,True
198,2,186.0,180.0,196.0,210.0,True
199,2,179.0,179.0,189.0,209.0,True
200,2,27.0,177.0,37.0,207.0,True
201,2,27.0,15.0,37.0,45.0,True
202,2,69.0,93.0,79.0,123.0,True
203,2,183.0,20.0,193.0,50.0,True
204,2,187.0,56.0,197.0,86.0,True
205,2,30.0,15.0,40.0,45.0,True
206,2,24.0,19.0,34.0,49.0,True
207,2,28.0,53.0,38.0,83.0,True
208,2,30.0,53.0,40.0,83.0,True
209,2,64.0,133.0,74.0,163.0,True
210,2,104.0,96.0,114.0,126.0,True
211,2,142.0,134.0,152.0,164.0,True
212,2,183.0,94.0,193.0,124.0,True
213,2,181.0,96.0,191.0,126.0,True
214,2,31.0,57.0,41.0,87.0,True
215,2,71.0,16.0,81.0,46.0,True
216,2,68.0,132.0,78.0,162.0,True
217,2,23.0,99.0,33.0,129.0,True
218,2,31.0,92.0,41.0,122.0,True
219,2,29.0,97.0,39.0,127.0,True
220,2,26.0,131.0,36.0,161.0,True
221,2,64.0,22.0,74.0,52.0,True
222,2,64.0,179.0,74.0,209.0,True
223,2,109.0,22.0,119.0,52.0,True
224,2,32.0,136.0,42.0,166.0,True
225,2,31.0,134.0,41.0,164.0,True
226,2,29.0,140.0,39.0,170.0,True
227,2,149.0,180.0,159.0,210.0,True
228,2,33.0,141.0,43.0,171.0,True
229,2,188.0,176.0,198.0,206.0,True
230,2,32.0,140.0,42.0,170.0,True
231,2,70.0,179.0,80.0,209.0,True
232,2,67.0,171.0,77.0,201.0,True
233,2,142.0,17.0,152.0,47.0,True
234,2,70.0,14.0,80.0,44.0,True
235,2,111.0,22.0,121.0,52.0,True
236,2,65.0,13.0,75.0,43.0,True
237,2,102.0,94.0,112.0,124.0,True
238,2,145.0,53.0,155.0,83.0,True
239,2,65.0,19.0,75.0,49.0,True
240,2,180.0,23.0,190.0,53.0,True
241,2,190.0,91.0,200.0,121.0,True
242,2,180.0,93.0,190.0,123.0,True
243,2,70.0,136.0,80.0,166.0,True
244,2,64.0,63.0,74.0,93.0,True
245,2,102.0,60.0,112.0,90.0,True
246,2,69.0,58.0,79.0,88.0,True
247,2,73.0,54.0,83.0,84.0,True
248,2,66.0,63.0,76.0,93.0,True
249,2,150.0,169.0,160.0,199.0,True
250,2,179.0,136.0,189.0,166.0,True
251,2,180.0,173.0,190.0,203.0,True
252,2,67.0,95.0,77.0,125.0,True
253,2,73.0,91.0,83.0,121.0,True
254,2,72.0,178.0,82.0,208.0,True
255,2,68.0,99.0,78.0,129.0,True
256,2,141.0,140.0,151.0,170.0,True
257,2,72.0,132.0,82.0,162.0,True
258,2,147.0,55.0,157.0,85.0,True
259,2,67.0,136.0,77.0,166.0,True
260,2,148.0,100.0,158.0,130.0,True
261,2,185.0,53.0,195.0,83.0,True
262,2,66.0,174.0,76.0,204.0,True
263,2,65.0,180.0,75.0,210.0,True
264,2,101.0,177.0,111.0,207.0,True
265,2,64.0,180.0,74.0,210.0,True
266,2,180.0,24.0,190.0,54.0,True
267,2,185.0,99.0,195.0,129.0,True
268,2,110.0,23.0,120.0,53.0,True
269,2,150.0,18.0,160.0,48.0,True
270,2,102.0,21.0,112.0,51.0,True
271,2,103.0,13.0,113.0,43.0,True
272,2,109.0,19.0,119.0,49.0,True
273,2,105.0,53.0,115.0,83.0,True
274,2,107.0,59.0,117.0,89.0,True
275,2,104.0,62.0,114.0,92.0,True
276,2,108.0,54.0,118.0,84.0,True
277,2,108.0,96.0,118.0,126.0,True
278,2,151.0,101.0,161.0,131.0,True
279,2,151.0,180.0,161.0,210.0,True
280,2,101.0,102.0,111.0,132.0,True
281,2,107.0,132.0,117.0,162.0,True
282,2,107.0,136.0,117.0,166.0,True
283,2,140.0,15.0,150.0,45.0,True
284,2,188.0,21.0,198.0,51.0,True
285,2,184.0,139.0,194.0,169.0,True
286,2,188.0,175.0,198.0,205.0,True
287,2,149.0,135.0,159.0,165.0,True
288,2,151.0,62.0,161.0,92.0,True
289,2,181.0,14.0,191.0,44.0,True
290,2,146.0,52.0,156.0,82.0,True
291,2,151.0,95.0,161.0,125.0,True
292,2,147.0,140.0,157.0,170.0,True
293,2,142.0,134.0,152.0,164.0,True
294,2,145.0,172.0,155.0,202.0,True
295,2,141.0,174.0,151.0,204.0,True
296,2,190.0,179.0,200.0,209.0,True
297,2,190.0,61.0,200.0,91.0,True
298,2,186.0,135.0,196.0,165.0,True
299,2,188.0,174.0,198.0,204.0,True
300,2,30.0,14.0,40.0,44.0,True
300,2,30.0,53.0,40.0,83.0,True
301,2,26.0,21.0,36.0,51.0,True
301,2,26.0,99.0,36.0,129.0,True
302,2,27.0,17.0,37.0,47.0,True
302,2,105.0,56.0,115.0,86.0,True
303,2,29.0,16.0,39.0,46.0,True
303,2,107.0,55.0,117.0,85.0,True
304,2,25.0,21.0,35.0,51.0,True
304,2,103.0,177.0,113.0,207.0,True
305,2,24.0,23.0,34.0,53.0,True
305,2,141.0,23.0,151.0,53.0,True
306,2,24.0,17.0,34.0,47.0,True
306,2,141.0,56.0,151.0,86.0,True
307,2,24.0,16.0,34.0,46.0,True
307,2,180.0,94.0,190.0,124.0,True
308,2,30.0,61.0,40.0,91.0,True
308,2,30.0,178.0,40.0,208.0,True
309,2,23.0,54.0,33.0,84.0,True
309,2,101.0,15.0,111.0,45.0,True
310,2,31.0,54.0,41.0,84.0,True
310,2,109.0,54.0,119.0,84.0,True
311,2,31.0,63.0,41.0,93.0,True
311,2,148.0,63.0,158.0,93.0,True
312,2,26.0,54.0,36.0,84.0,True
312,2,143.0,93.0,153.0,123.0,True
313,2,24.0,58.0,34.0,88.0,True
313,2,141.0,175.0,151.0,205.0,True
314,2,30.0,101.0,40.0,131.0,True
314,2,30.0,140.0,40.0,170.0,True
315,2,27.0,93.0,37.0,123.0,True
315,2,105.0,93.0,115.0,123.0,True
316,2,31.0,92.0,41.0,122.0,True
316,2,109.0,131.0,119.0,161.0,True
317,2,31.0,93.0,41.0,123.0,True
317,2,109.0,132.0,119.0,162.0,True
318,2,23.0,94.0,33.0,124.0,True
318,2,179.0,94.0,189.0,124.0,True
319,2,25.0,137.0,35.0,167.0,True
319,2,64.0,59.0,74.0,89.0,True
320,2,26.0,137.0,36.0,167.0,True
320,2,65.0,176.0,75.0,206.0,True
321,2,26.0,141.0,36.0,171.0,True
321,2,104.0,141.0,114.0,171.0,True
322,2,24.0,140.0,34.0,170.0,True
322,2,141.0,23.0,151.0,53.0,True
323,2,33.0,133.0,43.0,163.0,True
323,2,189.0,16.0,199.0,46.0,True
324,2,25.0,138.0,35.0,168.0,True
324,2,181.0,21.0,191.0,51.0,True
325,2,24.0,134.0,34.0,164.0,True
325,2,180.0,95.0,190.0,125.0,True
326,2,31.0,133.0,41.0,163.0,True
326,2,187.0,172.0,197.0,202.0,True
327,2,25.0,172.0,35.0,202.0,True
327,2,64.0,16.0,74.0,46.0,True
328,2,31.0,176.0,41.0,206.0,True
328,2,109.0,59.0,119.0,89.0,True
329,2,33.0,179.0,43.0,209.0,True
329,2,111.0,62.0,121.0,92.0,True
330,2,29.0,175.0,39.0,205.0,True
330,2,185.0,175.0,195.0,205.0,True
331,2,73.0,14.0,83.0,44.0,True
331,2,73.0,53.0,83.0,83.0,True
332,2,70.0,22.0,80.0,52.0,True
332,2,70.0,100.0,80.0,130.0,True
333,2,70.0,19.0,80.0,49.0,True
333,2,109.0,58.0,119.0,88.0,True
334,2,69.0,22.0,79.0,52.0,True
334,2,108.0,100.0,118.0,130.0,True
335,2,67.0,22.0,77.0,52.0,True
335,2,106.0,178.0,116.0,208.0,True
336,2,73.0,20.0,83.0,50.0,True
336,2,190.0,20.0,200.0,50.0,True
337,2,68.0,20.0,78.0,50.0,True
337,2,185.0,98.0,195.0,128.0,True
338,2,67.0,53.0,77.0,83.0,True
338,2,67.0,170.0,77.0,200.0,True
339,2,62.0,60.0,72.0,90.0,True
339,2,140.0,99.0,150.0,129.0,True
340,2,62.0,56.0,72.0,86.0,True
340,2,140.0,134.0,150.0,164.0,True
341,2,72.0,59.0,82.0,89.0,True
341,2,189.0,137.0,199.0,167.0,True
342,2,69.0,94.0,79.0,124.0,True
342,2,69.0,133.0,79.0,163.0,True
343,2,67.0,93.0,77.0,123.0,True
343,2,67.0,132.0,77.0,162.0,True
344,2,69.0,92.0,79.0,122.0,True
344,2,69.0,170.0,79.0,200.0,True
345,2,62.0,95.0,72.0,125.0,True
345,2,101.0,17.0,111.0,47.0,True
346,2,67.0,96.0,77.0,126.0,True
346,2,106.0,18.0,116.0,48.0,True
347,2,65.0,100.0,75.0,130.0,True
347,2,104.0,22.0,114.0,52.0,True
348,2,67.0,94.0,77.0,124.0,True
348,2,145.0,133.0,155.0,163.0,True
349,2,67.0,92.0,77.0,122.0,True
349,2,184.0,14.0,194.0,44.0,True
350,2,68.0,92.0,78.0,122.0,True
350,2,185.0,92.0,195.0,122.0,True
351,2,63.0,102.0,73.0,132.0,True
351,2,180.0,180.0,190.0,210.0,True
352,2,67.0,136.0,77.0,166.0,True
352,2,106.0,19.0,116.0,49.0,True
353,2,71.0,139.0,81.0,169.0,True
353,2,110.0,139.0,120.0,169.0,True
354,2,72.0,138.0,82.0,168.0,True
354,2,111.0,177.0,121.0,207.0,True
355,2,73.0,138.0,83.0,168.0,True
355,2,151.0,21.0,161.0,51.0,True
356,2,64.0,136.0,74.0,166.0,True
356,2,142.0,58.0,152.0,88.0,True
357,2,67.0,135.0,77.0,165.0,True
357,2,184.0,174.0,194.0,204.0,True
358,2,69.0,174.0,79.0,204.0,True
358,2,108.0,57.0,118.0,87.0,True
359,2,72.0,174.0,82.0,204.0,True
359,2,111.0,96.0,121.0,126.0,True
360,2,66.0,169.0,76.0,199.0,True
360,2,144.0,13.0,154.0,43.0,True
361,2,108.0,20.0,118.0,50.0,True
361,2,108.0,98.0,118.0,128.0,True
362,2,109.0,22.0,119.0,52.0,True
362,2,109.0,178.0,119.0,208.0,True
363,2,109.0,19.0,119.0,49.0,True
363,2,148.0,58.0,158.0,88.0,True
364,2,112.0,59.0,122.0,89.0,True
364,2,112.0,176.0,122.0,206.0,True
365,2,105.0,57.0,115.0,87.0,True
365,2,144.0,18.0,154.0,48.0,True
366,2,111.0,58.0,121.0,88.0,True
366,2,189.0,58.0,199.0,88.0,True
367,2,109.0,53.0,119.0,83.0,True
367,2,187.0,53.0,197.0,83.0,True
368,2,111.0,62.0,121.0,92.0,True
368,2,189.0,101.0,199.0,131.0,True
369,2,111.0,55.0,121.0,85.0,True
369,2,189.0,94.0,199.0,124.0,True
370,2,107.0,62.0,117.0,92.0,True
370,2,185.0,101.0,195.0,131.0,True
371,2,111.0,55.0,121.0,85.0,True
371,2,189.0,133.0,199.0,163.0,True
372,2,106.0,102.0,116.0,132.0,True
372,2,145.0,24.0,155.0,54.0,True
373,2,102.0,93.0,112.0,123.0,True
373,2,141.0,54.0,151.0,84.0,True
374,2,111.0,95.0,121.0,125.0,True
374,2,150.0,173.0,160.0,203.0,True
375,2,103.0,91.0,113.0,121.0,True
375,2,181.0,52.0,191.0,82.0,True
376,2,109.0,140.0,119.0,170.0,True
376,2,187.0,23.0,197.0,53.0,True
377,2,110.0,135.0,120.0,165.0,True
377,2,188.0,18.0,198.0,48.0,True
378,2,110.0,130.0,120.0,160.0,True
378,2,188.0,169.0,198.0,199.0,True
379,2,110.0,173.0,120.0,203.0,True
379,2,149.0,17.0,159.0,47.0,True
380,2,104.0,178.0,114.0,208.0,True
380,2,182.0,22.0,192.0,52.0,True
381,2,107.0,180.0,117.0,210.0,True
381,2,185.0,24.0,195.0,54.0,True
382,2,106.0,180.0,116.0,210.0,True
382,2,184.0,180.0,194.0,210.0,True
383,2,149.0,21.0,159.0,51.0,True
383,2,149.0,60.0,159.0,90.0,True
384,2,147.0,23.0,157.0,53.0,True
384,2,186.0,140.0,196.0,170.0,True
385,2,145.0,60.0,155.0,90.0,True
385,2,145.0,138.0,155.0,168.0,True
386,2,144.0,54.0,154.0,84.0,True
386,2,144.0,132.0,154.0,162.0,True
387,2,144.0,57.0,154.0,87.0,True
387,2,183.0,96.0,193.0,126.0,True
388,2,143.0,101.0,153.0,131.0,True
388,2,143.0,140.0,153.0,170.0,True
389,2,145.0,92.0,155.0,122.0,True
389,2,145.0,170.0,155.0,200.0,True
390,2,143.0,100.0,153.0,130.0,True
390,2,182.0,61.0,192.0,91.0,True
391,2,142.0,140.0,152.0,170.0,True
391,2,142.0,179.0,152.0,209.0,True
392,2,141.0,140.0,151.0,170.0,True
392,2,180.0,140.0,190.0,170.0,True
393,2,150.0,170.0,160.0,200.0,True
393,2,189.0,53.0,199.0,83.0,True
394,2,151.0,176.0,161.0,206.0,True
394,2,190.0,137.0,200.0,167.0,True
395,2,189.0,13.0,199.0,43.0,True
395,2,189.0,130.0,199.0,160.0,True
396,2,190.0,18.0,200.0,48.0,True
396,2,190.0,174.0,200.0,204.0,True
397,2,190.0,61.0,200.0,91.0,True
397,2,190.0,100.0,200.0,130.0,True
398,2,181.0,96.0,191.0,126.0,True
398,2,181.0,135.0,191.0,165.0,True
399,2,186.0,92.0,196.0,122.0,True
399,2,186.0,131.0,196.0,161.0,True
400,2,35.0,61.0,45.0,91.0,True
400,2,35.0,178.0,45.0,208.0,True
400,2,152.0,22.0,162.0,52.0,True
401,2,31.0,14.0,41.0,44.0,True
401,2,70.0,53.0,80.0,83.0,True
401,2,187.0,53.0,197.0,83.0,True
402,2,29.0,62.0,39.0,92.0,True
402,2,68.0,179.0,78.0,209.0,True
402,2,107.0,101.0,117.0,131.0,True
403,2,35.0,92.0,45.0,122.0,True
403,2,74.0,131.0,84.0,161.0,True
403,2,152.0,53.0,162.0,83.0,True
404,2,26.0,24.0,36.0,54.0,True
404,2,143.0,24.0,153.0,54.0,True
404,2,143.0,102.0,153.0,132.0,True
405,2,24.0,133.0,34.0,163.0,True
405,2,102.0,16.0,112.0,46.0,True
405,2,180.0,133.0,190.0,163.0,True
406,2,25.0,16.0,35.0,46.0,True
406,2,103.0,133.0,113.0,163.0,True
406,2,142.0,94.0,152.0,124.0,True
407,2,73.0,20.0,83.0,50.0,True
407,2,190.0,98.0,200.0,128.0,True
407,2,190.0,137.0,200.0,167.0,True
408,2,70.0,63.0,80.0,93.0,True
408,2,70.0,141.0,80.0,171.0,True
408,2,187.0,141.0,197.0,171.0,True
409,2,30.0,24.0,40.0,54.0,True
409,2,69.0,63.0,79.0,93.0,True
409,2,108.0,141.0,118.0,171.0,True
410,2,64.0,98.0,74.0,128.0,True
410,2,103.0,59.0,113.0,89.0,True
410,2,103.0,98.0,113.0,128.0,True
411,2,28.0,21.0,38.0,51.0,True
411,2,67.0,99.0,77.0,129.0,True
411,2,106.0,177.0,116.0,207.0,True
412,2,29.0,21.0,39.0,51.0,True
412,2,107.0,138.0,117.0,168.0,True
412,2,185.0,138.0,195.0,168.0,True
413,2,31.0,18.0,41.0,48.0,True
413,2,70.0,135.0,80.0,165.0,True
413,2,109.0,174.0,119.0,204.0,True
414,2,33.0,14.0,43.0,44.0,True
414,2,150.0,14.0,160.0,44.0,True
414,2,189.0,92.0,199.0,122.0,True
415,2,113.0,141.0,123.0,171.0,True
415,2,191.0,24.0,201.0,54.0,True
415,2,191.0,180.0,201.0,210.0,True
416,2,29.0,58.0,39.0,88.0,True
416,2,29.0,97.0,39.0,127.0,True
416,2,29.0,136.0,39.0,166.0,True
417,2,35.0,63.0,45.0,93.0,True
417,2,35.0,102.0,45.0,132.0,True
417,2,113.0,180.0,123.0,210.0,True
418,2,34.0,56.0,44.0,86.0,True
418,2,34.0,95.0,44.0,125.0,True
418,2,190.0,17.0,200.0,47.0,True
419,2,31.0,55.0,41.0,85.0,True
419,2,70.0,94.0,80.0,124.0,True
419,2,187.0,94.0,197.0,124.0,True
420,2,69.0,24.0,79.0,54.0,True
420,2,108.0,180.0,118.0,210.0,True
420,2,147.0,24.0,157.0,54.0,True
421,2,66.0,16.0,76.0,46.0,True
421,2,144.0,16.0,154.0,46.0,True
421,2,183.0,172.0,193.0,202.0,True
422,2,28.0,60.0,38.0,90.0,True
422,2,106.0,21.0,116.0,51.0,True
422,2,145.0,60.0,155.0,90.0,True
423,2,35.0,53.0,45.0,83.0,True
423,2,74.0,53.0,84.0,83.0,True
423,2,191.0,170.0,201.0,200.0,True
424,2,24.0,55.0,34.0,85.0,True
424,2,63.0,133.0,73.0,163.0,True
424,2,141.0,16.0,151.0,46.0,True
425,2,31.0,64.0,41.0,94.0,True
425,2,148.0,103.0,158.0,133.0,True
425,2,187.0,181.0,197.0,211.0,True
426,2,35.0,63.0,45.0,93.0,True
426,2,113.0,180.0,123.0,210.0,True
426,2,152.0,63.0,162.0,93.0,True
427,2,29.0,61.0,39.0,91.0,True
427,2,185.0,100.0,195.0,130.0,True
427,2,185.0,178.0,195.0,208.0,True
428,2,35.0,62.0,45.0,92.0,True
428,2,113.0,140.0,123.0,170.0,True
428,2,191.0,179.0,201.0,209.0,True
429,2,29.0,57.0,39.0,87.0,True
429,2,146.0,57.0,156.0,87.0,True
429,2,185.0,57.0,195.0,87.0,True
430,2,35.0,100.0,45.0,130.0,True
430,2,35.0,139.0,45.0,169.0,True
430,2,152.0,22.0,162.0,52.0,True
431,2,25.0,97.0,35.0,127.0,True
431,2,25.0,136.0,35.0,166.0,True
431,2,181.0,58.0,191.0,88.0,True
432,2,30.0,97.0,40.0,127.0,True
432,2,30.0,175.0,40.0,205.0,True
432,2,69.0,136.0,79.0,166.0,True
433,2,31.0,92.0,41.0,122.0,True
433,2,70.0,14.0,80.0,44.0,True
433,2,109.0,92.0,119.0,122.0,True
434,2,26.0,97.0,36.0,127.0,True
434,2,65.0,97.0,75.0,127.0,True
434,2,104.0,136.0,114.0,166.0,True
435,2,29.0,94.0,39.0,124.0,True
435,2,68.0,133.0,78.0,163.0,True
435,2,185.0,55.0,195.0,85.0,True
436,2,26.0,97.0,36.0,127.0,True
436,2,104.0,136.0,114.0,166.0,True
436,2,143.0,136.0,153.0,166.0,True
437,2,31.0,98.0,41.0,128.0,True
437,2,109.0,98.0,119.0,128.0,True
437,2,148.0,98.0,158.0,128.0,True
438,2,26.0,101.0,36.0,131.0,True
438,2,104.0,179.0,114.0,209.0,True
438,2,182.0,62.0,192.0,92.0,True
439,2,30.0,96.0,40.0,126.0,True
439,2,147.0,135.0,157.0,165.0,True
439,2,186.0,96.0,196.0,126.0,True
440,2,25.0,94.0,35.0,124.0,True
440,2,181.0,94.0,191.0,124.0,True
440,2,181.0,133.0,191.0,163.0,True
441,2,186.0,54.0,196.0,84.0,True
441,2,186.0,132.0,196.0,162.0,True
441,2,186.0,171.0,196.0,201.0,True
442,2,72.0,19.0,82.0,49.0,True
442,2,72.0,97.0,82.0,127.0,True
442,2,150.0,136.0,160.0,166.0,True
443,2,34.0,142.0,44.0,172.0,True
443,2,112.0,142.0,122.0,172.0,True
443,2,190.0,103.0,200.0,133.0,True
444,2,69.0,54.0,79.0,84.0,True
444,2,108.0,15.0,118.0,45.0,True
444,2,108.0,93.0,118.0,123.0,True
445,2,30.0,141.0,40.0,171.0,True
445,2,69.0,63.0,79.0,93.0,True
445,2,108.0,24.0,118.0,54.0,True
446,2,33.0,131.0,43.0,161.0,True
446,2,72.0,131.0,82.0,161.0,True
446,2,72.0,170.0,82.0,200.0,True
447,2,106.0,17.0,116.0,47.0,True
447,2,106.0,56.0,116.0,86.0,True
447,2,184.0,56.0,194.0,86.0,True
448,2,113.0,23.0,123.0,53.0,True
448,2,152.0,101.0,162.0,131.0,True
448,2,191.0,62.0,201.0,92.0,True
449,2,33.0,179.0,43.0,209.0,True
449,2,72.0,101.0,82.0,131.0,True
449,2,189.0,23.0,199.0,53.0,True
450,2,35.0,179.0,45.0,209.0,True
450,2,74.0,101.0,84.0,131.0,True
450,2,191.0,23.0,201.0,53.0,True
451,2,34.0,181.0,44.0,211.0,True
451,2,73.0,142.0,83.0,172.0,True
451,2,151.0,181.0,161.0,211.0,True
452,2,30.0,170.0,40.0,200.0,True
452,2,69.0,131.0,79.0,161.0,True
452,2,147.0,14.0,157.0,44.0,True
453,2,25.0,178.0,35.0,208.0,True
453,2,103.0,22.0,113.0,52.0,True
453,2,181.0,22.0,191.0,52.0,True
454,2,33.0,175.0,43.0,205.0,True
454,2,111.0,136.0,121.0,166.0,True
454,2,111.0,175.0,121.0,205.0,True
455,2,33.0,180.0,43.0,210.0,True
455,2,150.0,102.0,160.0,132.0,True
455,2,189.0,63.0,199.0,93.0,True
456,2,66.0,19.0,76.0,49.0,True
456,2,66.0,58.0,76.0,88.0,True
456,2,183.0,136.0,193.0,166.0,True
457,2,67.0,16.0,77.0,46.0,True
457,2,67.0,94.0,77.0,124.0,True
457,2,106.0,94.0,116.0,124.0,True
458,2,74.0,23.0,84.0,53.0,True
458,2,74.0,140.0,84.0,170.0,True
458,2,113.0,140.0,123.0,170.0,True
459,2,69.0,21.0,79.0,51.0,True
459,2,69.0,138.0,79.0,168.0,True
459,2,108.0,138.0,118.0,168.0,True
460,2,72.0,22.0,82.0,52.0,True
460,2,111.0,100.0,121.0,130.0,True
460,2,150.0,22.0,160.0,52.0,True
461,2,63.0,17.0,73.0,47.0,True
461,2,141.0,134.0,151.0,164.0,True
461,2,180.0,17.0,190.0,47.0,True
462,2,69.0,94.0,79.0,124.0,True
462,2,69.0,133.0,79.0,163.0,True
462,2,147.0,55.0,157.0,85.0,True
463,2,63.0,138.0,73.0,168.0,True
463,2,102.0,177.0,112.0,207.0,True
463,2,180.0,99.0,190.0,129.0,True
464,2,67.0,60.0,77.0,90.0,True
464,2,106.0,21.0,116.0,51.0,True
464,2,106.0,138.0,116.0,168.0,True
465,2,73.0,58.0,83.0,88.0,True
465,2,112.0,58.0,122.0,88.0,True
465,2,151.0,58.0,161.0,88.0,True
466,2,69.0,53.0,79.0,83.0,True
466,2,108.0,92.0,118.0,122.0,True
466,2,147.0,14.0,157.0,44.0,True
467,2,66.0,63.0,76.0,93.0,True
467,2,144.0,141.0,154.0,171.0,True
467,2,183.0,180.0,193.0,210.0,True
468,2,68.0,54.0,78.0,84.0,True
468,2,107.0,132.0,117.0,162.0,True
468,2,146.0,15.0,156.0,45.0,True
469,2,63.0,55.0,73.0,85.0,True
469,2,180.0,94.0,190.0,124.0,True
469,2,180.0,133.0,190.0,163.0,True
470,2,74.0,103.0,84.0,133.0,True
470,2,74.0,181.0,84.0,211.0,True
470,2,191.0,142.0,201.0,172.0,True
471,2,63.0,92.0,73.0,122.0,True
471,2,102.0,92.0,112.0,122.0,True
471,2,180.0,170.0,190.0,200.0,True
472,2,68.0,92.0,78.0,122.0,True
472,2,107.0,170.0,117.0,200.0,True
472,2,185.0,131.0,195.0,161.0,True
473,2,70.0,95.0,80.0,125.0,True
473,2,109.0,95.0,119.0,125.0,True
473,2,187.0,173.0,197.0,203.0,True
474,2,63.0,92.0,73.0,122.0,True
474,2,102.0,131.0,112.0,161.0,True
474,2,180.0,53.0,190.0,83.0,True
475,2,142.0,133.0,152.0,163.0,True
475,2,181.0,16.0,191.0,46.0,True
475,2,181.0,55.0,191.0,85.0,True
476,2,70.0,136.0,80.0,166.0,True
476,2,70.0,175.0,80.0,205.0,True
476,2,148.0,19.0,158.0,49.0,True
477,2,68.0,139.0,78.0,169.0,True
477,2,107.0,100.0,117.0,130.0,True
477,2,107.0,178.0,117.0,208.0,True
478,2,74.0,136.0,84.0,166.0,True
478,2,74.0,175.0,84.0,205.0,True
478,2,191.0,19.0,201.0,49.0,True
479,2,70.0,178.0,80.0,208.0,True
479,2,148.0,178.0,158.0,208.0,True
479,2,187.0,22.0,197.0,52.0,True
480,2,72.0,138.0,82.0,168.0,True
480,2,111.0,177.0,121.0,207.0,True
480,2,150.0,21.0,160.0,51.0,True
481,2,72.0,141.0,82.0,171.0,True
481,2,189.0,63.0,199.0,93.0,True
481,2,189.0,141.0,199.0,171.0,True
482,2,73.0,136.0,83.0,166.0,True
482,2,151.0,136.0,161.0,166.0,True
482,2,190.0,58.0,200.0,88.0,True
483,2,152.0,99.0,162.0,129.0,True
483,2,152.0,138.0,162.0,168.0,True
483,2,191.0,99.0,201.0,129.0,True
484,2,65.0,174.0,75.0,204.0,True
484,2,104.0,18.0,114.0,48.0,True
484,2,104.0,135.0,114.0,165.0,True
485,2,106.0,58.0,116.0,88.0,True
485,2,106.0,175.0,116.0,205.0,True
485,2,145.0,97.0,155.0,127.0,True
486,2,68.0,173.0,78.0,203.0,True
486,2,107.0,56.0,117.0,86.0,True
486,2,146.0,95.0,156.0,125.0,True
487,2,71.0,173.0,81.0,203.0,True
487,2,110.0,134.0,120.0,164.0,True
487,2,149.0,95.0,159.0,125.0,True
488,2,74.0,172.0,84.0,202.0,True
488,2,152.0,16.0,162.0,46.0,True
488,2,152.0,55.0,162.0,85.0,True
489,2,70.0,172.0,80.0,202.0,True
489,2,187.0,133.0,197.0,163.0,True
489,2,187.0,172.0,197.0,202.0,True
490,2,189.0,19.0,199.0,49.0,True
490,2,189.0,58.0,199.0,88.0,True
490,2,189.0,97.0,199.0,127.0,True
491,2,108.0,15.0,118.0,45.0,True
491,2,108.0,54.0,118.0,84.0,True
491,2,186.0,54.0,196.0,84.0,True
492,2,104.0,174.0,114.0,204.0,True
492,2,182.0,96.0,192.0,126.0,True
492,2,182.0,135.0,192.0,165.0,True
493,2,107.0,54.0,117.0,84.0,True
493,2,146.0,93.0,156.0,123.0,True
493,2,185.0,15.0,195.0,45.0,True
494,2,113.0,58.0,123.0,88.0,True
494,2,152.0,19.0,162.0,49.0,True
494,2,152.0,97.0,162.0,127.0,True
495,2,105.0,58.0,115.0,88.0,True
495,2,183.0,136.0,193.0,166.0,True
495,2,183.0,175.0,193.0,205.0,True
496,2,113.0,95.0,123.0,125.0,True
496,2,113.0,173.0,123.0,203.0,True
496,2,152.0,17.0,162.0,47.0,True
497,2,102.0,141.0,112.0,171.0,True
497,2,141.0,24.0,151.0,54.0,True
497,2,180.0,141.0,190.0,171.0,True
498,2,113.0,138.0,123.0,168.0,True
498,2,152.0,60.0,162.0,90.0,True
498,2,191.0,99.0,201.0,129.0,True
499,2,113.0,142.0,123.0,172.0,True
499,2,191.0,64.0,201.0,94.0,True
499,2,191.0,142.0,201.0,172.0,True
500,2,23.0,23.0,33.0,53.0,True
500,2,23.0,62.0,33.0,92.0,True
500,2,62.0,62.0,72.0,92.0,True
500,2,62.0,179.0,72.0,209.0,True
501,2,25.0,23.0,35.0,53.0,True
501,2,25.0,62.0,35.0,92.0,True
501,2,103.0,62.0,113.0,92.0,True
501,2,142.0,179.0,152.0,209.0,True
502,2,27.0,16.0,37.0,46.0,True
502,2,27.0,55.0,37.0,85.0,True
502,2,144.0,16.0,154.0,46.0,True
502,2,183.0,55.0,193.0,85.0,True
503,2,28.0,16.0,38.0,46.0,True
503,2,28.0,94.0,38.0,124.0,True
503,2,145.0,55.0,155.0,85.0,True
503,2,184.0,133.0,194.0,163.0,True
504,2,23.0,13.0,33.0,43.0,True
504,2,23.0,91.0,33.0,121.0,True
504,2,179.0,52.0,189.0,82.0,True
504,2,179.0,130.0,189.0,160.0,True
505,2,34.0,23.0,44.0,53.0,True
505,2,34.0,140.0,44.0,170.0,True
505,2,73.0,23.0,83.0,53.0,True
505,2,73.0,62.0,83.0,92.0,True
506,2,26.0,24.0,36.0,54.0,True
506,2,26.0,141.0,36.0,171.0,True
506,2,104.0,102.0,114.0,132.0,True
506,2,182.0,24.0,192.0,54.0,True
507,2,23.0,20.0,33.0,50.0,True
507,2,23.0,137.0,33.0,167.0,True
507,2,101.0,98.0,111.0,128.0,True
507,2,179.0,137.0,189.0,167.0,True
508,2,28.0,23.0,38.0,53.0,True
508,2,28.0,179.0,38.0,209.0,True
508,2,67.0,23.0,77.0,53.0,True
508,2,145.0,140.0,155.0,170.0,True
509,2,24.0,17.0,34.0,47.0,True
509,2,24.0,173.0,34.0,203.0,True
509,2,102.0,17.0,112.0,47.0,True
509,2,180.0,95.0,190.0,125.0,True
510,2,24.0,24.0,34.0,54.0,True
510,2,24.0,180.0,34.0,210.0,True
510,2,180.0,63.0,190.0,93.0,True
510,2,180.0,180.0,190.0,210.0,True
511,2,29.0,18.0,39.0,48.0,True
511,2,68.0,18.0,78.0,48.0,True
511,2,68.0,174.0,78.0,204.0,True
511,2,107.0,96.0,117.0,126.0,True
512,2,25.0,18.0,35.0,48.0,True
512,2,64.0,18.0,74.0,48.0,True
512,2,103.0,135.0,113.0,165.0,True
512,2,181.0,96.0,191.0,126.0,True
513,2,33.0,23.0,43.0,53.0,True
513,2,72.0,23.0,82.0,53.0,True
513,2,150.0,62.0,160.0,92.0,True
513,2,189.0,140.0,199.0,170.0,True
514,2,28.0,22.0,38.0,52.0,True
514,2,67.0,61.0,77.0,91.0,True
514,2,67.0,139.0,77.0,169.0,True
514,2,145.0,22.0,155.0,52.0,True
515,2,30.0,15.0,40.0,45.0,True
515,2,69.0,132.0,79.0,162.0,True
515,2,108.0,171.0,118.0,201.0,True
515,2,186.0,132.0,196.0,162.0,True
516,2,28.0,20.0,38.0,50.0,True
516,2,106.0,98.0,116.0,128.0,True
516,2,184.0,20.0,194.0,50.0,True
516,2,184.0,137.0,194.0,167.0,True
517,2,28.0,22.0,38.0,52.0,True
517,2,145.0,61.0,155.0,91.0,True
517,2,145.0,100.0,155.0,130.0,True
517,2,184.0,61.0,194.0,91.0,True
518,2,30.0,13.0,40.0,43.0,True
518,2,147.0,52.0,157.0,82.0,True
518,2,147.0,169.0,157.0,199.0,True
518,2,186.0,52.0,196.0,82.0,True
519,2,32.0,57.0,42.0,87.0,True
519,2,32.0,96.0,42.0,126.0,True
519,2,32.0,174.0,42.0,204.0,True
519,2,188.0,18.0,198.0,48.0,True
520,2,27.0,60.0,37.0,90.0,True
520,2,27.0,99.0,37.0,129.0,True
520,2,105.0,177.0,115.0,207.0,True
520,2,183.0,138.0,193.0,168.0,True
521,2,29.0,54.0,39.0,84.0,True
521,2,29.0,132.0,39.0,162.0,True
521,2,68.0,93.0,78.0,123.0,True
521,2,146.0,171.0,156.0,201.0,True
522,2,26.0,61.0,36.0,91.0,True
522,2,26.0,139.0,36.0,169.0,True
522,2,65.0,139.0,75.0,169.0,True
522,2,182.0,100.0,192.0,130.0,True
523,2,25.0,56.0,35.0,86.0,True
523,2,64.0,17.0,74.0,47.0,True
523,2,64.0,56.0,74.0,86.0,True
523,2,142.0,17.0,152.0,47.0,True
524,2,29.0,54.0,39.0,84.0,True
524,2,68.0,15.0,78.0,45.0,True
524,2,68.0,171.0,78.0,201.0,True
524,2,185.0,54.0,195.0,84.0,True
525,2,25.0,60.0,35.0,90.0,True
525,2,64.0,60.0,74.0,90.0,True
525,2,142.0,21.0,152.0,51.0,True
525,2,181.0,99.0,191.0,129.0,True
526,2,29.0,56.0,39.0,86.0,True
526,2,107.0,17.0,117.0,47.0,True
526,2,146.0,95.0,156.0,125.0,True
526,2,146.0,134.0,156.0,164.0,True
527,2,30.0,54.0,40.0,84.0,True
527,2,108.0,93.0,118.0,123.0,True
527,2,108.0,171.0,118.0,201.0,True
527,2,147.0,171.0,157.0,201.0,True
528,2,25.0,53.0,35.0,83.0,True
528,2,103.0,92.0,113.0,122.0,True
528,2,142.0,170.0,152.0,200.0,True
528,2,181.0,53.0,191.0,83.0,True
529,2,32.0,52.0,42.0,82.0,True
529,2,110.0,91.0,120.0,121.0,True
529,2,188.0,130.0,198.0,160.0,True
529,2,188.0,169.0,198.0,199.0,True
530,2,30.0,102.0,40.0,132.0,True
530,2,30.0,141.0,40.0,171.0,True
530,2,69.0,141.0,79.0,171.0,True
530,2,108.0,24.0,118.0,54.0,True
531,2,27.0,94.0,37.0,124.0,True
531,2,27.0,133.0,37.0,163.0,True
531,2,105.0,94.0,115.0,124.0,True
531,2,144.0,172.0,154.0,202.0,True
532,2,29.0,101.0,39.0,131.0,True
532,2,68.0,23.0,78.0,53.0,True
532,2,68.0,62.0,78.0,92.0,True
532,2,68.0,179.0,78.0,209.0,True
533,2,30.0,97.0,40.0,127.0,True
533,2,69.0,58.0,79.0,88.0,True
533,2,69.0,175.0,79.0,205.0,True
533,2,108.0,58.0,118.0,88.0,True
534,2,30.0,92.0,40.0,122.0,True
534,2,69.0,53.0,79.0,83.0,True
534,2,186.0,53.0,196.0,83.0,True
534,2,186.0,131.0,196.0,161.0,True
535,2,31.0,101.0,41.0,131.0,True
535,2,70.0,101.0,80.0,131.0,True
535,2,70.0,140.0,80.0,170.0,True
535,2,187.0,62.0,197.0,92.0,True
536,2,34.0,92.0,44.0,122.0,True
536,2,73.0,92.0,83.0,122.0,True
536,2,73.0,170.0,83.0,200.0,True
536,2,190.0,170.0,200.0,200.0,True
537,2,27.0,99.0,37.0,129.0,True
537,2,66.0,99.0,76.0,129.0,True
537,2,144.0,99.0,154.0,129.0,True
537,2,144.0,177.0,154.0,207.0,True
538,2,24.0,100.0,34.0,130.0,True
538,2,63.0,178.0,73.0,208.0,True
538,2,141.0,22.0,151.0,52.0,True
538,2,180.0,139.0,190.0,169.0,True
539,2,23.0,137.0,33.0,167.0,True
539,2,23.0,176.0,33.0,206.0,True
539,2,62.0,59.0,72.0,89.0,True
539,2,101.0,137.0,111.0,167.0,True
540,2,26.0,139.0,36.0,169.0,True
540,2,65.0,22.0,75.0,52.0,True
540,2,65.0,61.0,75.0,91.0,True
540,2,143.0,22.0,153.0,52.0,True
541,2,26.0,140.0,36.0,170.0,True
541,2,65.0,23.0,75.0,53.0,True
541,2,65.0,62.0,75.0,92.0,True
541,2,182.0,23.0,192.0,53.0,True
542,2,31.0,141.0,41.0,171.0,True
542,2,70.0,102.0,80.0,132.0,True
542,2,70.0,180.0,80.0,210.0,True
542,2,109.0,180.0,119.0,210.0,True
543,2,23.0,132.0,33.0,162.0,True
543,2,62.0,93.0,72.0,123.0,True
543,2,101.0,132.0,111.0,162.0,True
543,2,179.0,54.0,189.0,84.0,True
544,2,28.0,132.0,38.0,162.0,True
544,2,67.0,171.0,77.0,201.0,True
544,2,145.0,15.0,155.0,45.0,True
544,2,145.0,54.0,155.0,84.0,True
545,2,24.0,134.0,34.0,164.0,True
545,2,102.0,17.0,112.0,47.0,True
545,2,102.0,173.0,112.0,203.0,True
545,2,180.0,17.0,190.0,47.0,True
546,2,27.0,137.0,37.0,167.0,True
546,2,105.0,98.0,115.0,128.0,True
546,2,144.0,137.0,154.0,167.0,True
546,2,183.0,98.0,193.0,128.0,True
547,2,24.0,130.0,34.0,160.0,True
547,2,102.0,130.0,112.0,160.0,True
547,2,180.0,52.0,190.0,82.0,True
547,2,180.0,130.0,190.0,160.0,True
548,2,30.0,136.0,40.0,166.0,True
548,2,147.0,97.0,157.0,127.0,True
548,2,186.0,19.0,196.0,49.0,True
548,2,186.0,175.0,196.0,205.0,True
549,2,32.0,131.0,42.0,161.0,True
549,2,149.0,131.0,159.0,161.0,True
549,2,188.0,92.0,198.0,122.0,True
549,2,188.0,170.0,198.0,200.0,True
550,2,25.0,180.0,35.0,210.0,True
550,2,64.0,24.0,74.0,54.0,True
550,2,64.0,141.0,74.0,171.0,True
550,2,142.0,24.0,152.0,54.0,True
551,2,31.0,169.0,41.0,199.0,True
551,2,70.0,91.0,80.0,121.0,True
551,2,109.0,130.0,119.0,160.0,True
551,2,187.0,13.0,197.0,43.0,True
552,2,26.0,178.0,36.0,208.0,True
552,2,65.0,100.0,75.0,130.0,True
552,2,182.0,22.0,192.0,52.0,True
552,2,182.0,100.0,192.0,130.0,True
553,2,25.0,174.0,35.0,204.0,True
553,2,64.0,135.0,74.0,165.0,True
553,2,103.0,57.0,113.0,87.0,True
553,2,142.0,135.0,152.0,165.0,True
554,2,25.0,175.0,35.0,205.0,True
554,2,64.0,136.0,74.0,166.0,True
554,2,103.0,175.0,113.0,205.0,True
554,2,181.0,97.0,191.0,127.0,True
555,2,30.0,179.0,40.0,209.0,True
555,2,69.0,179.0,79.0,209.0,True
555,2,108.0,179.0,118.0,209.0,True
555,2,186.0,62.0,196.0,92.0,True
556,2,28.0,175.0,38.0,205.0,True
556,2,67.0,175.0,77.0,205.0,True
556,2,184.0,97.0,194.0,127.0,True
556,2,184.0,136.0,194.0,166.0,True
557,2,34.0,171.0,44.0,201.0,True
557,2,112.0,15.0,122.0,45.0,True
557,2,112.0,132.0,122.0,162.0,True
557,2,151.0,171.0,161.0,201.0,True
558,2,32.0,170.0,42.0,200.0,True
558,2,110.0,14.0,120.0,44.0,True
558,2,110.0,131.0,120.0,161.0,True
558,2,188.0,14.0,198.0,44.0,True
559,2,33.0,171.0,43.0,201.0,True
559,2,111.0,15.0,121.0,45.0,True
559,2,150.0,54.0,160.0,84.0,True
559,2,150.0,132.0,160.0,162.0,True
560,2,23.0,175.0,33.0,205.0,True
560,2,101.0,58.0,111.0,88.0,True
560,2,101.0,175.0,111.0,205.0,True
560,2,179.0,97.0,189.0,127.0,True
561,2,24.0,174.0,34.0,204.0,True
561,2,102.0,57.0,112.0,87.0,True
561,2,141.0,174.0,151.0,204.0,True
561,2,180.0,96.0,190.0,126.0,True
562,2,26.0,180.0,36.0,210.0,True
562,2,104.0,141.0,114.0,171.0,True
562,2,143.0,63.0,153.0,93.0,True
562,2,182.0,141.0,192.0,171.0,True
563,2,26.0,172.0,36.0,202.0,True
563,2,143.0,55.0,153.0,85.0,True
563,2,182.0,55.0,192.0,85.0,True
563,2,182.0,172.0,192.0,202.0,True
564,2,67.0,20.0,77.0,50.0,True
564,2,67.0,59.0,77.0,89.0,True
564,2,106.0,98.0,116.0,128.0,True
564,2,184.0,176.0,194.0,206.0,True
565,2,71.0,24.0,81.0,54.0,True
565,2,71.0,102.0,81.0,132.0,True
565,2,110.0,63.0,120.0,93.0,True
565,2,110.0,141.0,120.0,171.0,True
566,2,62.0,18.0,72.0,48.0,True
566,2,62.0,96.0,72.0,126.0,True
566,2,101.0,96.0,111.0,126.0,True
566,2,179.0,18.0,189.0,48.0,True
567,2,66.0,24.0,76.0,54.0,True
567,2,66.0,180.0,76.0,210.0,True
567,2,105.0,63.0,115.0,93.0,True
567,2,105.0,141.0,115.0,171.0,True
568,2,65.0,23.0,75.0,53.0,True
568,2,143.0,179.0,153.0,209.0,True
568,2,182.0,23.0,192.0,53.0,True
568,2,182.0,179.0,192.0,209.0,True
569,2,68.0,61.0,78.0,91.0,True
569,2,68.0,139.0,78.0,169.0,True
569,2,107.0,139.0,117.0,169.0,True
569,2,185.0,139.0,195.0,169.0,True
570,2,63.0,56.0,73.0,86.0,True
570,2,63.0,173.0,73.0,203.0,True
570,2,141.0,95.0,151.0,125.0,True
570,2,180.0,56.0,190.0,86.0,True
571,2,68.0,53.0,78.0,83.0,True
571,2,107.0,14.0,117.0,44.0,True
571,2,107.0,131.0,117.0,161.0,True
571,2,146.0,170.0,156.0,200.0,True
572,2,62.0,56.0,72.0,86.0,True
572,2,101.0,95.0,111.0,125.0,True
572,2,101.0,173.0,111.0,203.0,True
572,2,179.0,56.0,189.0,86.0,True
573,2,71.0,53.0,81.0,83.0,True
573,2,110.0,92.0,120.0,122.0,True
573,2,149.0,53.0,159.0,83.0,True
573,2,149.0,170.0,159.0,200.0,True
574,2,63.0,57.0,73.0,87.0,True
574,2,102.0,135.0,112.0,165.0,True
574,2,141.0,174.0,151.0,204.0,True
574,2,180.0,174.0,190.0,204.0,True
575,2,64.0,54.0,74.0,84.0,True
575,2,103.0,171.0,113.0,201.0,True
575,2,142.0,15.0,152.0,45.0,True
575,2,181.0,15.0,191.0,45.0,True
576,2,67.0,55.0,77.0,85.0,True
576,2,145.0,133.0,155.0,163.0,True
576,2,184.0,133.0,194.0,163.0,True
576,2,184.0,172.0,194.0,202.0,True
577,2,71.0,99.0,81.0,129.0,True
577,2,71.0,138.0,81.0,168.0,True
577,2,149.0,99.0,159.0,129.0,True
577,2,149.0,177.0,159.0,207.0,True
578,2,62.0,100.0,72.0,130.0,True
578,2,62.0,178.0,72.0,208.0,True
578,2,140.0,22.0,150.0,52.0,True
578,2,179.0,100.0,189.0,130.0,True
579,2,72.0,97.0,82.0,127.0,True
579,2,111.0,58.0,121.0,88.0,True
579,2,111.0,136.0,121.0,166.0,True
579,2,150.0,175.0,160.0,205.0,True
580,2,67.0,100.0,77.0,130.0,True
580,2,106.0,100.0,116.0,130.0,True
580,2,106.0,139.0,116.0,169.0,True
580,2,184.0,22.0,194.0,52.0,True
581,2,70.0,102.0,80.0,132.0,True
581,2,109.0,102.0,119.0,132.0,True
581,2,109.0,141.0,119.0,171.0,True
581,2,187.0,141.0,197.0,171.0,True
582,2,62.0,95.0,72.0,125.0,True
582,2,101.0,134.0,111.0,164.0,True
582,2,101.0,173.0,111.0,203.0,True
582,2,140.0,134.0,150.0,164.0,True
583,2,64.0,99.0,74.0,129.0,True
583,2,142.0,60.0,152.0,90.0,True
583,2,142.0,99.0,152.0,129.0,True
583,2,142.0,138.0,152.0,168.0,True
584,2,66.0,100.0,76.0,130.0,True
584,2,144.0,139.0,154.0,169.0,True
584,2,183.0,61.0,193.0,91.0,True
584,2,183.0,100.0,193.0,130.0,True
585,2,69.0,138.0,79.0,168.0,True
585,2,108.0,21.0,118.0,51.0,True
585,2,108.0,99.0,118.0,129.0,True
585,2,147.0,177.0,157.0,207.0,True
586,2,64.0,137.0,74.0,167.0,True
586,2,103.0,137.0,113.0,167.0,True
586,2,142.0,98.0,152.0,128.0,True
586,2,181.0,137.0,191.0,167.0,True
587,2,72.0,139.0,82.0,169.0,True
587,2,150.0,22.0,160.0,52.0,True
587,2,150.0,61.0,160.0,91.0,True
587,2,150.0,100.0,160.0,130.0,True
588,2,72.0,171.0,82.0,201.0,True
588,2,111.0,54.0,121.0,84.0,True
588,2,189.0,93.0,199.0,123.0,True
588,2,189.0,171.0,199.0,201.0,True
589,2,68.0,174.0,78.0,204.0,True
589,2,107.0,96.0,117.0,126.0,True
589,2,146.0,96.0,156.0,126.0,True
589,2,185.0,174.0,195.0,204.0,True
590,2,73.0,171.0,83.0,201.0,True
590,2,112.0,132.0,122.0,162.0,True
590,2,151.0,15.0,161.0,45.0,True
590,2,190.0,132.0,200.0,162.0,True
591,2,101.0,24.0,111.0,54.0,True
591,2,101.0,180.0,111.0,210.0,True
591,2,140.0,102.0,150.0,132.0,True
591,2,179.0,141.0,189.0,171.0,True
592,2,105.0,101.0,115.0,131.0,True
592,2,105.0,140.0,115.0,170.0,True
592,2,183.0,62.0,193.0,92.0,True
592,2,183.0,101.0,193.0,131.0,True
593,2,101.0,101.0,111.0,131.0,True
593,2,140.0,23.0,150.0,53.0,True
593,2,140.0,101.0,150.0,131.0,True
593,2,179.0,101.0,189.0,131.0,True
594,2,112.0,94.0,122.0,124.0,True
594,2,151.0,55.0,161.0,85.0,True
594,2,151.0,94.0,161.0,124.0,True
594,2,190.0,55.0,200.0,85.0,True
595,2,111.0,95.0,121.0,125.0,True
595,2,150.0,56.0,160.0,86.0,True
595,2,150.0,95.0,160.0,125.0,True
595,2,189.0,134.0,199.0,164.0,True
596,2,109.0,93.0,119.0,123.0,True
596,2,148.0,132.0,158.0,162.0,True
596,2,187.0,54.0,197.0,84.0,True
596,2,187.0,93.0,197.0,123.0,True
597,2,106.0,140.0,116.0,170.0,True
597,2,145.0,23.0,155.0,53.0,True
597,2,145.0,101.0,155.0,131.0,True
597,2,184.0,179.0,194.0,209.0,True
598,2,104.0,139.0,114.0,169.0,True
598,2,143.0,61.0,153.0,91.0,True
598,2,182.0,22.0,192.0,52.0,True
598,2,182.0,61.0,192.0,91.0,True
599,2,140.0,94.0,150.0,124.0,True
599,2,179.0,16.0,189.0,46.0,True
599,2,179.0,94.0,189.0,124.0,True
599,2,179.0,172.0,189.0,202.0,True
600,2,34.0,55.0,44.0,85.0,True
600,2,34.0,94.0,44.0,124.0,True
600,2,112.0,133.0,122.0,163.0,True
600,2,151.0,55.0,161.0,85.0,True
600,2,151.0,133.0,161.0,163.0,True
600,2,190.0,16.0,200.0,46.0,True
600,2,190.0,55.0,200.0,85.0,True
601,2,68.0,181.0,78.0,211.0,True
601,2,107.0,64.0,117.0,94.0,True
601,2,107.0,142.0,117.0,172.0,True
601,2,146.0,25.0,156.0,55.0,True
601,2,146.0,142.0,156.0,172.0,True
601,2,185.0,103.0,195.0,133.0,True
601,2,185.0,181.0,195.0,211.0,True
602,2,70.0,15.0,80.0,45.0,True
602,2,70.0,93.0,80.0,123.0,True
602,2,109.0,15.0,119.0,45.0,True
602,2,109.0,54.0,119.0,84.0,True
602,2,109.0,171.0,119.0,201.0,True
602,2,148.0,54.0,158.0,84.0,True
602,2,148.0,132.0,158.0,162.0,True
603,2,25.0,55.0,35.0,85.0,True
603,2,64.0,94.0,74.0,124.0,True
603,2,103.0,16.0,113.0,46.0,True
603,2,142.0,16.0,152.0,46.0,True
603,2,142.0,94.0,152.0,124.0,True
603,2,142.0,172.0,152.0,202.0,True
603,2,181.0,133.0,191.0,163.0,True
604,2,34.0,19.0,44.0,49.0,True
604,2,73.0,58.0,83.0,88.0,True
604,2,73.0,175.0,83.0,205.0,True
604,2,112.0,175.0,122.0,205.0,True
604,2,151.0,19.0,161.0,49.0,True
604,2,190.0,19.0,200.0,49.0,True
604,2,190.0,58.0,200.0,88.0,True
605,2,29.0,62.0,39.0,92.0,True
605,2,29.0,101.0,39.0,131.0,True
605,2,68.0,140.0,78.0,170.0,True
605,2,68.0,179.0,78.0,209.0,True
605,2,107.0,62.0,117.0,92.0,True
605,2,185.0,62.0,195.0,92.0,True
605,2,185.0,101.0,195.0,131.0,True
606,2,68.0,56.0,78.0,86.0,True
606,2,68.0,134.0,78.0,164.0,True
606,2,107.0,56.0,117.0,86.0,True
606,2,107.0,173.0,117.0,203.0,True
606,2,146.0,17.0,156.0,47.0,True
606,2,185.0,56.0,195.0,86.0,True
606,2,185.0,134.0,195.0,164.0,True
607,2,26.0,97.0,36.0,127.0,True
607,2,26.0,136.0,36.0,166.0,True
607,2,104.0,58.0,114.0,88.0,True
607,2,104.0,136.0,114.0,166.0,True
607,2,143.0,97.0,153.0,127.0,True
607,2,182.0,136.0,192.0,166.0,True
607,2,182.0,175.0,192.0,205.0,True
608,2,28.0,142.0,38.0,172.0,True
608,2,67.0,142.0,77.0,172.0,True
608,2,106.0,25.0,116.0,55.0,True
608,2,106.0,64.0,116.0,94.0,True
608,2,106.0,181.0,116.0,211.0,True
608,2,145.0,181.0,155.0,211.0,True
608,2,184.0,103.0,194.0,133.0,True
609,2,71.0,133.0,81.0,163.0,True
609,2,71.0,172.0,81.0,202.0,True
609,2,110.0,94.0,120.0,124.0,True
609,2,110.0,133.0,120.0,163.0,True
609,2,149.0,55.0,159.0,85.0,True
609,2,188.0,94.0,198.0,124.0,True
609,2,188.0,172.0,198.0,202.0,True
610,2,25.0,99.0,35.0,129.0,True
610,2,64.0,60.0,74.0,90.0,True
610,2,103.0,60.0,113.0,90.0,True
610,2,103.0,99.0,113.0,129.0,True
610,2,142.0,177.0,152.0,207.0,True
610,2,181.0,21.0,191.0,51.0,True
610,2,181.0,99.0,191.0,129.0,True
611,2,30.0,178.0,40.0,208.0,True
611,2,69.0,22.0,79.0,52.0,True
611,2,69.0,100.0,79.0,130.0,True
611,2,108.0,22.0,118.0,52.0,True
611,2,147.0,61.0,157.0,91.0,True
611,2,147.0,100.0,157.0,130.0,True
611,2,186.0,178.0,196.0,208.0,True
612,2,31.0,18.0,41.0,48.0,True
612,2,31.0,96.0,41.0,126.0,True
612,2,109.0,57.0,119.0,87.0,True
612,2,148.0,174.0,158.0,204.0,True
612,2,187.0,57.0,197.0,87.0,True
612,2,187.0,96.0,197.0,126.0,True
612,2,187.0,135.0,197.0,165.0,True
613,2,35.0,24.0,45.0,54.0,True
613,2,35.0,102.0,45.0,132.0,True
613,2,35.0,141.0,45.0,171.0,True
613,2,74.0,24.0,84.0,54.0,True
613,2,74.0,141.0,84.0,171.0,True
613,2,113.0,24.0,123.0,54.0,True
613,2,113.0,180.0,123.0,210.0,True
614,2,34.0,24.0,44.0,54.0,True
614,2,34.0,141.0,44.0,171.0,True
614,2,73.0,24.0,83.0,54.0,True
614,2,73.0,141.0,83.0,171.0,True
614,2,190.0,63.0,200.0,93.0,True
614,2,190.0,102.0,200.0,132.0,True
614,2,190.0,180.0,200.0,210.0,True
615,2,34.0,56.0,44.0,86.0,True
615,2,34.0,95.0,44.0,125.0,True
615,2,34.0,173.0,44.0,203.0,True
615,2,73.0,17.0,83.0,47.0,True
615,2,73.0,56.0,83.0,86.0,True
615,2,151.0,56.0,161.0,86.0,True
615,2,151.0,95.0,161.0,125.0,True
616,2,66.0,14.0,76.0,44.0,True
616,2,66.0,53.0,76.0,83.0,True
616,2,105.0,92.0,115.0,122.0,True
616,2,105.0,170.0,115.0,200.0,True
616,2,144.0,14.0,154.0,44.0,True
616,2,183.0,53.0,193.0,83.0,True
616,2,183.0,92.0,193.0,122.0,True
617,2,29.0,20.0,39.0,50.0,True
617,2,68.0,20.0,78.0,50.0,True
617,2,68.0,137.0,78.0,167.0,True
617,2,107.0,20.0,117.0,50.0,True
617,2,107.0,137.0,117.0,167.0,True
617,2,107.0,176.0,117.0,206.0,True
617,2,146.0,20.0,156.0,50.0,True
618,2,28.0,135.0,38.0,165.0,True
618,2,67.0,18.0,77.0,48.0,True
618,2,67.0,57.0,77.0,87.0,True
618,2,67.0,135.0,77.0,165.0,True
618,2,106.0,96.0,116.0,126.0,True
618,2,145.0,57.0,155.0,87.0,True
618,2,184.0,96.0,194.0,126.0,True
619,2,32.0,139.0,42.0,169.0,True
619,2,32.0,178.0,42.0,208.0,True
619,2,71.0,139.0,81.0,169.0,True
619,2,110.0,22.0,120.0,52.0,True
619,2,110.0,178.0,120.0,208.0,True
619,2,149.0,22.0,159.0,52.0,True
619,2,188.0,178.0,198.0,208.0,True
620,2,31.0,57.0,41.0,87.0,True
620,2,31.0,96.0,41.0,126.0,True
620,2,70.0,57.0,80.0,87.0,True
620,2,70.0,135.0,80.0,165.0,True
620,2,109.0,57.0,119.0,87.0,True
620,2,109.0,96.0,119.0,126.0,True
620,2,148.0,135.0,158.0,165.0,True
621,2,33.0,25.0,43.0,55.0,True
621,2,72.0,25.0,82.0,55.0,True
621,2,72.0,142.0,82.0,172.0,True
621,2,111.0,64.0,121.0,94.0,True
621,2,111.0,103.0,121.0,133.0,True
621,2,111.0,181.0,121.0,211.0,True
621,2,150.0,103.0,160.0,133.0,True
622,2,30.0,94.0,40.0,124.0,True
622,2,69.0,133.0,79.0,163.0,True
622,2,108.0,16.0,118.0,46.0,True
622,2,108.0,133.0,118.0,163.0,True
622,2,147.0,94.0,157.0,124.0,True
622,2,147.0,133.0,157.0,163.0,True
622,2,186.0,16.0,196.0,46.0,True
623,2,29.0,15.0,39.0,45.0,True
623,2,68.0,15.0,78.0,45.0,True
623,2,68.0,54.0,78.0,84.0,True
623,2,68.0,93.0,78.0,123.0,True
623,2,68.0,132.0,78.0,162.0,True
623,2,146.0,171.0,156.0,201.0,True
623,2,185.0,171.0,195.0,201.0,True
624,2,34.0,25.0,44.0,55.0,True
624,2,34.0,181.0,44.0,211.0,True
624,2,112.0,181.0,122.0,211.0,True
624,2,151.0,103.0,161.0,133.0,True
624,2,151.0,142.0,161.0,172.0,True
624,2,190.0,25.0,200.0,55.0,True
624,2,190.0,103.0,200.0,133.0,True
625,2,28.0,17.0,38.0,47.0,True
625,2,67.0,134.0,77.0,164.0,True
625,2,67.0,173.0,77.0,203.0,True
625,2,106.0,17.0,116.0,47.0,True
625,2,184.0,17.0,194.0,47.0,True
625,2,184.0,95.0,194.0,125.0,True
625,2,184.0,173.0,194.0,203.0,True
626,2,34.0,25.0,44.0,55.0,True
626,2,73.0,142.0,83.0,172.0,True
626,2,112.0,103.0,122.0,133.0,True
626,2,112.0,142.0,122.0,172.0,True
626,2,151.0,181.0,161.0,211.0,True
626,2,190.0,25.0,200.0,55.0,True
626,2,190.0,103.0,200.0,133.0,True
627,2,34.0,97.0,44.0,127.0,True
627,2,73.0,97.0,83.0,127.0,True
627,2,151.0,19.0,161.0,49.0,True
627,2,151.0,58.0,161.0,88.0,True
627,2,151.0,175.0,161.0,205.0,True
627,2,190.0,19.0,200.0,49.0,True
627,2,190.0,175.0,200.0,205.0,True
628,2,24.0,170.0,34.0,200.0,True
628,2,63.0,92.0,73.0,122.0,True
628,2,102.0,14.0,112.0,44.0,True
628,2,141.0,14.0,151.0,44.0,True
628,2,141.0,53.0,151.0,83.0,True
628,2,141.0,170.0,151.0,200.0,True
628,2,180.0,131.0,190.0,161.0,True
629,2,29.0,139.0,39.0,169.0,True
629,2,29.0,178.0,39.0,208.0,True
629,2,68.0,100.0,78.0,130.0,True
629,2,68.0,139.0,78.0,169.0,True
629,2,146.0,22.0,156.0,52.0,True
629,2,146.0,61.0,156.0,91.0,True
629,2,185.0,178.0,195.0,208.0,True
630,2,27.0,93.0,37.0,123.0,True
630,2,66.0,15.0,76.0,45.0,True
630,2,66.0,54.0,76.0,84.0,True
630,2,66.0,93.0,76.0,123.0,True
630,2,105.0,15.0,115.0,45.0,True
630,2,144.0,54.0,154.0,84.0,True
630,2,183.0,132.0,193.0,162.0,True
631,2,24.0,58.0,34.0,88.0,True
631,2,63.0,58.0,73.0,88.0,True
631,2,63.0,97.0,73.0,127.0,True
631,2,63.0,136.0,73.0,166.0,True
631,2,141.0,58.0,151.0,88.0,True
631,2,180.0,19.0,190.0,49.0,True
631,2,180.0,58.0,190.0,88.0,True
632,2,32.0,59.0,42.0,89.0,True
632,2,32.0,176.0,42.0,206.0,True
632,2,71.0,137.0,81.0,167.0,True
632,2,71.0,176.0,81.0,206.0,True
632,2,149.0,137.0,159.0,167.0,True
632,2,188.0,59.0,198.0,89.0,True
632,2,188.0,137.0,198.0,167.0,True
633,2,35.0,94.0,45.0,124.0,True
633,2,74.0,16.0,84.0,46.0,True
633,2,113.0,55.0,123.0,85.0,True
633,2,152.0,94.0,162.0,124.0,True
633,2,191.0,16.0,201.0,46.0,True
633,2,191.0,55.0,201.0,85.0,True
633,2,191.0,172.0,201.0,202.0,True
634,2,31.0,20.0,41.0,50.0,True
634,2,31.0,137.0,41.0,167.0,True
634,2,109.0,98.0,119.0,128.0,True
634,2,148.0,20.0,158.0,50.0,True
634,2,148.0,59.0,158.0,89.0,True
634,2,187.0,137.0,197.0,167.0,True
634,2,187.0,176.0,197.0,206.0,True
635,2,35.0,131.0,45.0,161.0,True
635,2,35.0,170.0,45.0,200.0,True
635,2,74.0,92.0,84.0,122.0,True
635,2,113.0,92.0,123.0,122.0,True
635,2,113.0,170.0,123.0,200.0,True
635,2,152.0,92.0,162.0,122.0,True
635,2,191.0,14.0,201.0,44.0,True
636,2,35.0,180.0,45.0,210.0,True
636,2,74.0,24.0,84.0,54.0,True
636,2,74.0,63.0,84.0,93.0,True
636,2,74.0,102.0,84.0,132.0,True
636,2,74.0,141.0,84.0,171.0,True
636,2,74.0,180.0,84.0,210.0,True
636,2,191.0,141.0,201.0,171.0,True
637,2,25.0,95.0,35.0,125.0,True
637,2,64.0,17.0,74.0,47.0,True
637,2,64.0,95.0,74.0,125.0,True
637,2,103.0,95.0,113.0,125.0,True
637,2,103.0,173.0,113.0,203.0,True
637,2,142.0,17.0,152.0,47.0,True
637,2,142.0,134.0,152.0,164.0,True
638,2,31.0,19.0,41.0,49.0,True
638,2,31.0,136.0,41.0,166.0,True
638,2,70.0,58.0,80.0,88.0,True
638,2,70.0,175.0,80.0,205.0,True
638,2,109.0,58.0,119.0,88.0,True
638,2,148.0,175.0,158.0,205.0,True
638,2,187.0,97.0,197.0,127.0,True
639,2,31.0,21.0,41.0,51.0,True
639,2,31.0,60.0,41.0,90.0,True
639,2,31.0,99.0,41.0,129.0,True
639,2,148.0,99.0,158.0,129.0,True
639,2,148.0,138.0,158.0,168.0,True
639,2,148.0,177.0,158.0,207.0,True
639,2,187.0,60.0,197.0,90.0,True
640,2,27.0,101.0,37.0,131.0,True
640,2,27.0,179.0,37.0,209.0,True
640,2,66.0,23.0,76.0,53.0,True
640,2,66.0,101.0,76.0,131.0,True
640,2,105.0,101.0,115.0,131.0,True
640,2,105.0,179.0,115.0,209.0,True
640,2,183.0,140.0,193.0,170.0,True
641,2,33.0,53.0,43.0,83.0,True
641,2,72.0,14.0,82.0,44.0,True
641,2,72.0,170.0,82.0,200.0,True
641,2,111.0,170.0,121.0,200.0,True
641,2,150.0,131.0,160.0,161.0,True
641,2,150.0,170.0,160.0,200.0,True
641,2,189.0,14.0,199.0,44.0,True
642,2,68.0,62.0,78.0,92.0,True
642,2,68.0,179.0,78.0,209.0,True
642,2,107.0,62.0,117.0,92.0,True
642,2,146.0,62.0,156.0,92.0,True
642,2,146.0,179.0,156.0,209.0,True
642,2,185.0,23.0,195.0,53.0,True
642,2,185.0,101.0,195.0,131.0,True
643,2,73.0,17.0,83.0,47.0,True
643,2,73.0,56.0,83.0,86.0,True
643,2,73.0,134.0,83.0,164.0,True
643,2,73.0,173.0,83.0,203.0,True
643,2,151.0,17.0,161.0,47.0,True
643,2,190.0,95.0,200.0,125.0,True
643,2,190.0,173.0,200.0,203.0,True
644,2,32.0,56.0,42.0,86.0,True
644,2,32.0,95.0,42.0,125.0,True
644,2,32.0,134.0,42.0,164.0,True
644,2,71.0,17.0,81.0,47.0,True
644,2,149.0,134.0,159.0,164.0,True
644,2,188.0,17.0,198.0,47.0,True
644,2,188.0,95.0,198.0,125.0,True
645,2,32.0,96.0,42.0,126.0,True
645,2,110.0,18.0,120.0,48.0,True
645,2,110.0,96.0,120.0,126.0,True
645,2,149.0,57.0,159.0,87.0,True
645,2,149.0,135.0,159.0,165.0,True
645,2,149.0,174.0,159.0,204.0,True
645,2,188.0,174.0,198.0,204.0,True
646,2,29.0,97.0,39.0,127.0,True
646,2,29.0,136.0,39.0,166.0,True
646,2,68.0,58.0,78.0,88.0,True
646,2,107.0,136.0,117.0,166.0,True
646,2,146.0,19.0,156.0,49.0,True
646,2,185.0,58.0,195.0,88.0,True
646,2,185.0,97.0,195.0,127.0,True
647,2,34.0,102.0,44.0,132.0,True
647,2,73.0,102.0,83.0,132.0,True
647,2,73.0,141.0,83.0,171.0,True
647,2,112.0,24.0,122.0,54.0,True
647,2,112.0,63.0,122.0,93.0,True
647,2,112.0,102.0,122.0,132.0,True
647,2,151.0,63.0,161.0,93.0,True
648,2,66.0,59.0,76.0,89.0,True
648,2,66.0,137.0,76.0,167.0,True
648,2,105.0,59.0,115.0,89.0,True
648,2,144.0,20.0,154.0,50.0,True
648,2,183.0,20.0,193.0,50.0,True
648,2,183.0,137.0,193.0,167.0,True
648,2,183.0,176.0,193.0,206.0,True
649,2,25.0,20.0,35.0,50.0,True
649,2,25.0,59.0,35.0,89.0,True
649,2,25.0,98.0,35.0,128.0,True
649,2,64.0,98.0,74.0,128.0,True
649,2,103.0,137.0,113.0,167.0,True
649,2,103.0,176.0,113.0,206.0,True
649,2,181.0,137.0,191.0,167.0,True
650,2,28.0,22.0,38.0,52.0,True
650,2,28.0,61.0,38.0,91.0,True
650,2,67.0,61.0,77.0,91.0,True
650,2,106.0,100.0,116.0,130.0,True
650,2,145.0,22.0,155.0,52.0,True
650,2,145.0,100.0,155.0,130.0,True
650,2,145.0,139.0,155.0,169.0,True
651,2,33.0,53.0,43.0,83.0,True
651,2,72.0,92.0,82.0,122.0,True
651,2,111.0,53.0,121.0,83.0,True
651,2,111.0,170.0,121.0,200.0,True
651,2,189.0,53.0,199.0,83.0,True
651,2,189.0,92.0,199.0,122.0,True
651,2,189.0,131.0,199.0,161.0,True
652,2,70.0,61.0,80.0,91.0,True
652,2,70.0,100.0,80.0,130.0,True
652,2,109.0,100.0,119.0,130.0,True
652,2,148.0,22.0,158.0,52.0,True
652,2,148.0,61.0,158.0,91.0,True
652,2,187.0,22.0,197.0,52.0,True
652,2,187.0,178.0,197.0,208.0,True
653,2,33.0,93.0,43.0,123.0,True
653,2,72.0,15.0,82.0,45.0,True
653,2,111.0,54.0,121.0,84.0,True
653,2,150.0,171.0,160.0,201.0,True
653,2,189.0,15.0,199.0,45.0,True
653,2,189.0,93.0,199.0,123.0,True
653,2,189.0,132.0,199.0,162.0,True
654,2,33.0,56.0,43.0,86.0,True
654,2,72.0,17.0,82.0,47.0,True
654,2,111.0,17.0,121.0,47.0,True
654,2,111.0,95.0,121.0,125.0,True
654,2,111.0,134.0,121.0,164.0,True
654,2,111.0,173.0,121.0,203.0,True
654,2,189.0,56.0,199.0,86.0,True
655,2,29.0,23.0,39.0,53.0,True
655,2,29.0,101.0,39.0,131.0,True
655,2,68.0,101.0,78.0,131.0,True
655,2,107.0,23.0,117.0,53.0,True
655,2,146.0,23.0,156.0,53.0,True
655,2,146.0,179.0,156.0,209.0,True
655,2,185.0,179.0,195.0,209.0,True
656,2,34.0,97.0,44.0,127.0,True
656,2,34.0,175.0,44.0,205.0,True
656,2,73.0,19.0,83.0,49.0,True
656,2,73.0,136.0,83.0,166.0,True
656,2,112.0,136.0,122.0,166.0,True
656,2,112.0,175.0,122.0,205.0,True
656,2,190.0,58.0,200.0,88.0,True
657,2,27.0,93.0,37.0,123.0,True
657,2,66.0,93.0,76.0,123.0,True
657,2,105.0,15.0,115.0,45.0,True
657,2,105.0,54.0,115.0,84.0,True
657,2,144.0,54.0,154.0,84.0,True
657,2,144.0,171.0,154.0,201.0,True
657,2,183.0,132.0,193.0,162.0,True
658,2,67.0,98.0,77.0,128.0,True
658,2,106.0,59.0,116.0,89.0,True
658,2,106.0,176.0,116.0,206.0,True
658,2,145.0,98.0,155.0,128.0,True
658,2,145.0,176.0,155.0,206.0,True
658,2,184.0,137.0,194.0,167.0,True
658,2,184.0,176.0,194.0,206.0,True
659,2,65.0,54.0,75.0,84.0,True
659,2,65.0,93.0,75.0,123.0,True
659,2,65.0,132.0,75.0,162.0,True
659,2,104.0,171.0,114.0,201.0,True
659,2,143.0,93.0,153.0,123.0,True
659,2,143.0,132.0,153.0,162.0,True
659,2,182.0,15.0,192.0,45.0,True
660,2,33.0,101.0,43.0,131.0,True
660,2,33.0,140.0,43.0,170.0,True
660,2,72.0,101.0,82.0,131.0,True
660,2,72.0,179.0,82.0,209.0,True
660,2,111.0,140.0,121.0,170.0,True
660,2,111.0,179.0,121.0,209.0,True
660,2,150.0,23.0,160.0,53.0,True
661,2,35.0,133.0,45.0,163.0,True
661,2,113.0,16.0,123.0,46.0,True
661,2,113.0,94.0,123.0,124.0,True
661,2,152.0,133.0,162.0,163.0,True
661,2,191.0,16.0,201.0,46.0,True
661,2,191.0,94.0,201.0,124.0,True
661,2,191.0,133.0,201.0,163.0,True
662,2,27.0,16.0,37.0,46.0,True
662,2,27.0,55.0,37.0,85.0,True
662,2,66.0,94.0,76.0,124.0,True
662,2,105.0,16.0,115.0,46.0,True
662,2,105.0,94.0,115.0,124.0,True
662,2,144.0,172.0,154.0,202.0,True
662,2,183.0,16.0,193.0,46.0,True
663,2,32.0,141.0,42.0,171.0,True
663,2,32.0,180.0,42.0,210.0,True
663,2,110.0,24.0,120.0,54.0,True
663,2,110.0,63.0,120.0,93.0,True
663,2,149.0,102.0,159.0,132.0,True
663,2,149.0,141.0,159.0,171.0,True
663,2,188.0,63.0,198.0,93.0,True
664,2,31.0,22.0,41.0,52.0,True
664,2,31.0,178.0,41.0,208.0,True
664,2,109.0,61.0,119.0,91.0,True
664,2,109.0,139.0,119.0,169.0,True
664,2,148.0,178.0,158.0,208.0,True
664,2,187.0,61.0,197.0,91.0,True
664,2,187.0,178.0,197.0,208.0,True
665,2,32.0,94.0,42.0,124.0,True
665,2,71.0,55.0,81.0,85.0,True
665,2,71.0,133.0,81.0,163.0,True
665,2,110.0,94.0,120.0,124.0,True
665,2,149.0,55.0,159.0,85.0,True
665,2,149.0,94.0,159.0,124.0,True
665,2,149.0,172.0,159.0,202.0,True
666,2,31.0,57.0,41.0,87.0,True
666,2,31.0,96.0,41.0,126.0,True
666,2,31.0,174.0,41.0,204.0,True
666,2,109.0,174.0,119.0,204.0,True
666,2,148.0,174.0,158.0,204.0,True
666,2,187.0,18.0,197.0,48.0,True
666,2,187.0,96.0,197.0,126.0,True
667,2,67.0,60.0,77.0,90.0,True
667,2,67.0,99.0,77.0,129.0,True
667,2,106.0,138.0,116.0,168.0,True
667,2,106.0,177.0,116.0,207.0,True
667,2,145.0,99.0,155.0,129.0,True
667,2,184.0,21.0,194.0,51.0,True
667,2,184.0,99.0,194.0,129.0,True
668,2,33.0,99.0,43.0,129.0,True
668,2,33.0,177.0,43.0,207.0,True
668,2,72.0,21.0,82.0,51.0,True
668,2,111.0,21.0,121.0,51.0,True
668,2,150.0,99.0,160.0,129.0,True
668,2,150.0,177.0,160.0,207.0,True
668,2,189.0,21.0,199.0,51.0,True
669,2,32.0,138.0,42.0,168.0,True
669,2,71.0,60.0,81.0,90.0,True
669,2,110.0,60.0,120.0,90.0,True
669,2,110.0,177.0,120.0,207.0,True
669,2,149.0,60.0,159.0,90.0,True
669,2,149.0,177.0,159.0,207.0,True
669,2,188.0,138.0,198.0,168.0,True
670,2,33.0,57.0,43.0,87.0,True
670,2,72.0,18.0,82.0,48.0,True
670,2,72.0,96.0,82.0,126.0,True
670,2,111.0,18.0,121.0,48.0,True
670,2,111.0,96.0,121.0,126.0,True
670,2,150.0,96.0,160.0,126.0,True
670,2,150.0,135.0,160.0,165.0,True
671,2,24.0,140.0,34.0,170.0,True
671,2,63.0,23.0,73.0,53.0,True
671,2,63.0,101.0,73.0,131.0,True
671,2,102.0,23.0,112.0,53.0,True
671,2,141.0,62.0,151.0,92.0,True
671,2,141.0,179.0,151.0,209.0,True
671,2,180.0,101.0,190.0,131.0,True
672,2,28.0,20.0,38.0,50.0,True
672,2,28.0,98.0,38.0,128.0,True
672,2,28.0,137.0,38.0,167.0,True
672,2,67.0,20.0,77.0,50.0,True
672,2,106.0,98.0,116.0,128.0,True
672,2,106.0,176.0,116.0,206.0,True
672,2,184.0,59.0,194.0,89.0,True
673,2,30.0,102.0,40.0,132.0,True
673,2,69.0,63.0,79.0,93.0,True
673,2,69.0,102.0,79.0,132.0,True
673,2,108.0,24.0,118.0,54.0,True
673,2,108.0,63.0,118.0,93.0,True
673,2,108.0,141.0,118.0,171.0,True
673,2,186.0,63.0,196.0,93.0,True
674,2,33.0,56.0,43.0,86.0,True
674,2,72.0,17.0,82.0,47.0,True
674,2,72.0,56.0,82.0,86.0,True
674,2,72.0,173.0,82.0,203.0,True
674,2,111.0,95.0,121.0,125.0,True
674,2,111.0,134.0,121.0,164.0,True
674,2,189.0,173.0,199.0,203.0,True
675,2,28.0,61.0,38.0,91.0,True
675,2,28.0,100.0,38.0,130.0,True
675,2,28.0,139.0,38.0,169.0,True
675,2,106.0,61.0,116.0,91.0,True
675,2,145.0,178.0,155.0,208.0,True
675,2,184.0,61.0,194.0,91.0,True
675,2,184.0,100.0,194.0,130.0,True
676,2,34.0,14.0,44.0,44.0,True
676,2,34.0,131.0,44.0,161.0,True
676,2,112.0,92.0,122.0,122.0,True
676,2,151.0,92.0,161.0,122.0,True
676,2,151.0,170.0,161.0,200.0,True
676,2,190.0,14.0,200.0,44.0,True
676,2,190.0,170.0,200.0,200.0,True
677,2,24.0,14.0,34.0,44.0,True
677,2,24.0,92.0,34.0,122.0,True
677,2,24.0,170.0,34.0,200.0,True
677,2,63.0,14.0,73.0,44.0,True
677,2,102.0,53.0,112.0,83.0,True
677,2,102.0,131.0,112.0,161.0,True
677,2,141.0,53.0,151.0,83.0,True
678,2,68.0,100.0,78.0,130.0,True
678,2,107.0,22.0,117.0,52.0,True
678,2,146.0,22.0,156.0,52.0,True
678,2,146.0,61.0,156.0,91.0,True
678,2,185.0,22.0,195.0,52.0,True
678,2,185.0,100.0,195.0,130.0,True
678,2,185.0,139.0,195.0,169.0,True
679,2,32.0,92.0,42.0,122.0,True
679,2,32.0,131.0,42.0,161.0,True
679,2,71.0,92.0,81.0,122.0,True
679,2,110.0,14.0,120.0,44.0,True
679,2,149.0,131.0,159.0,161.0,True
679,2,188.0,14.0,198.0,44.0,True
679,2,188.0,92.0,198.0,122.0,True
680,2,30.0,93.0,40.0,123.0,True
680,2,30.0,132.0,40.0,162.0,True
680,2,69.0,15.0,79.0,45.0,True
680,2,69.0,93.0,79.0,123.0,True
680,2,108.0,93.0,118.0,123.0,True
680,2,147.0,15.0,157.0,45.0,True
680,2,147.0,171.0,157.0,201.0,True
681,2,32.0,58.0,42.0,88.0,True
681,2,110.0,19.0,120.0,49.0,True
681,2,110.0,97.0,120.0,127.0,True
681,2,188.0,19.0,198.0,49.0,True
681,2,188.0,97.0,198.0,127.0,True
681,2,188.0,136.0,198.0,166.0,True
681,2,188.0,175.0,198.0,205.0,True
682,2,24.0,23.0,34.0,53.0,True
682,2,24.0,140.0,34.0,170.0,True
682,2,63.0,23.0,73.0,53.0,True
682,2,102.0,23.0,112.0,53.0,True
682,2,102.0,140.0,112.0,170.0,True
682,2,180.0,101.0,190.0,131.0,True
682,2,180.0,179.0,190.0,209.0,True
683,2,28.0,139.0,38.0,169.0,True
683,2,28.0,178.0,38.0,208.0,True
683,2,67.0,61.0,77.0,91.0,True
683,2,67.0,178.0,77.0,208.0,True
683,2,106.0,178.0,116.0,208.0,True
683,2,145.0,22.0,155.0,52.0,True
683,2,184.0,100.0,194.0,130.0,True
684,2,29.0,96.0,39.0,126.0,True
684,2,68.0,18.0,78.0,48.0,True
684,2,68.0,57.0,78.0,87.0,True
684,2,68.0,96.0,78.0,126.0,True
684,2,146.0,135.0,156.0,165.0,True
684,2,146.0,174.0,156.0,204.0,True
684,2,185.0,57.0,195.0,87.0,True
685,2,27.0,93.0,37.0,123.0,True
685,2,27.0,171.0,37.0,201.0,True
685,2,66.0,15.0,76.0,45.0,True
685,2,66.0,54.0,76.0,84.0,True
685,2,66.0,132.0,76.0,162.0,True
685,2,66.0,171.0,76.0,201.0,True
685,2,105.0,132.0,115.0,162.0,True
686,2,25.0,97.0,35.0,127.0,True
686,2,25.0,136.0,35.0,166.0,True
686,2,25.0,175.0,35.0,205.0,True
686,2,64.0,136.0,74.0,166.0,True
686,2,103.0,58.0,113.0,88.0,True
686,2,142.0,136.0,152.0,166.0,True
686,2,181.0,19.0,191.0,49.0,True
687,2,26.0,93.0,36.0,123.0,True
687,2,26.0,171.0,36.0,201.0,True
687,2,65.0,54.0,75.0,84.0,True
687,2,104.0,15.0,114.0,45.0,True
687,2,104.0,93.0,114.0,123.0,True
687,2,143.0,93.0,153.0,123.0,True
687,2,182.0,54.0,192.0,84.0,True
688,2,24.0,25.0,34.0,55.0,True
688,2,63.0,25.0,73.0,55.0,True
688,2,63.0,64.0,73.0,94.0,True
688,2,102.0,142.0,112.0,172.0,True
688,2,180.0,25.0,190.0,55.0,True
688,2,180.0,64.0,190.0,94.0,True
688,2,180.0,142.0,190.0,172.0,True
689,2,27.0,23.0,37.0,53.0,True
689,2,27.0,62.0,37.0,92.0,True
689,2,27.0,101.0,37.0,131.0,True
689,2,66.0,62.0,76.0,92.0,True
689,2,66.0,179.0,76.0,209.0,True
689,2,144.0,23.0,154.0,53.0,True
689,2,183.0,62.0,193.0,92.0,True
690,2,30.0,20.0,40.0,50.0,True
690,2,69.0,59.0,79.0,89.0,True
690,2,108.0,176.0,118.0,206.0,True
690,2,186.0,20.0,196.0,50.0,True
690,2,186.0,59.0,196.0,89.0,True
690,2,186.0,98.0,196.0,128.0,True
690,2,186.0,137.0,196.0,167.0,True
691,2,31.0,15.0,41.0,45.0,True
691,2,70.0,132.0,80.0,162.0,True
691,2,109.0,171.0,119.0,201.0,True
691,2,148.0,15.0,158.0,45.0,True
691,2,148.0,93.0,158.0,123.0,True
691,2,187.0,93.0,197.0,123.0,True
691,2,187.0,171.0,197.0,201.0,True
692,2,33.0,53.0,43.0,83.0,True
692,2,33.0,131.0,43.0,161.0,True
692,2,72.0,170.0,82.0,200.0,True
692,2,111.0,131.0,121.0,161.0,True
692,2,111.0,170.0,121.0,200.0,True
692,2,189.0,92.0,199.0,122.0,True
692,2,189.0,170.0,199.0,200.0,True
693,2,63.0,19.0,73.0,49.0,True
693,2,102.0,97.0,112.0,127.0,True
693,2,102.0,175.0,112.0,205.0,True
693,2,141.0,19.0,151.0,49.0,True
693,2,141.0,136.0,151.0,166.0,True
693,2,180.0,97.0,190.0,127.0,True
693,2,180.0,175.0,190.0,205.0,True
694,2,63.0,59.0,73.0,89.0,True
694,2,102.0,98.0,112.0,128.0,True
694,2,141.0,20.0,151.0,50.0,True
694,2,141.0,59.0,151.0,89.0,True
694,2,141.0,98.0,151.0,128.0,True
694,2,180.0,20.0,190.0,50.0,True
694,2,180.0,176.0,190.0,206.0,True
695,2,31.0,62.0,41.0,92.0,True
695,2,70.0,62.0,80.0,92.0,True
695,2,70.0,140.0,80.0,170.0,True
695,2,109.0,101.0,119.0,131.0,True
695,2,148.0,23.0,158.0,53.0,True
695,2,187.0,62.0,197.0,92.0,True
695,2,187.0,179.0,197.0,209.0,True
696,2,64.0,173.0,74.0,203.0,True
696,2,103.0,95.0,113.0,125.0,True
696,2,103.0,173.0,113.0,203.0,True
696,2,142.0,17.0,152.0,47.0,True
696,2,142.0,56.0,152.0,86.0,True
696,2,142.0,173.0,152.0,203.0,True
696,2,181.0,134.0,191.0,164.0,True
697,2,34.0,93.0,44.0,123.0,True
697,2,34.0,132.0,44.0,162.0,True
697,2,73.0,15.0,83.0,45.0,True
697,2,73.0,93.0,83.0,123.0,True
697,2,112.0,15.0,122.0,45.0,True
697,2,112.0,93.0,122.0,123.0,True
697,2,112.0,132.0,122.0,162.0,True
698,2,31.0,18.0,41.0,48.0,True
698,2,31.0,96.0,41.0,126.0,True
698,2,70.0,18.0,80.0,48.0,True
698,2,109.0,174.0,119.0,204.0,True
698,2,148.0,174.0,158.0,204.0,True
698,2,187.0,96.0,197.0,126.0,True
698,2,187.0,174.0,197.0,204.0,True
699,2,29.0,15.0,39.0,45.0,True
699,2,29.0,93.0,39.0,123.0,True
699,2,68.0,15.0,78.0,45.0,True
699,2,68.0,54.0,78.0,84.0,True
699,2,68.0,132.0,78.0,162.0,True
699,2,185.0,15.0,195.0,45.0,True
699,2,185.0,171.0,195.0,201.0,True
700,2,71.0,99.0,81.0,129.0,True
700,2,110.0,21.0,120.0,51.0,True
700,2,110.0,60.0,120.0,90.0,True
700,2,110.0,99.0,120.0,129.0,True
700,2,110.0,138.0,120.0,168.0,True
700,2,188.0,21.0,198.0,51.0,True
700,2,188.0,60.0,198.0,90.0,True
700,2,188.0,138.0,198.0,168.0,True
701,2,27.0,178.0,37.0,208.0,True
701,2,66.0,22.0,76.0,52.0,True
701,2,66.0,139.0,76.0,169.0,True
701,2,66.0,178.0,76.0,208.0,True
701,2,105.0,61.0,115.0,91.0,True
701,2,105.0,100.0,115.0,130.0,True
701,2,105.0,178.0,115.0,208.0,True
701,2,183.0,178.0,193.0,208.0,True
702,2,34.0,100.0,44.0,130.0,True
702,2,34.0,178.0,44.0,208.0,True
702,2,73.0,100.0,83.0,130.0,True
702,2,73.0,139.0,83.0,169.0,True
702,2,112.0,139.0,122.0,169.0,True
702,2,151.0,22.0,161.0,52.0,True
702,2,151.0,61.0,161.0,91.0,True
702,2,190.0,100.0,200.0,130.0,True
703,2,30.0,18.0,40.0,48.0,True
703,2,108.0,57.0,118.0,87.0,True
703,2,108.0,96.0,118.0,126.0,True
703,2,108.0,135.0,118.0,165.0,True
703,2,147.0,18.0,157.0,48.0,True
703,2,147.0,135.0,157.0,165.0,True
703,2,186.0,57.0,196.0,87.0,True
703,2,186.0,174.0,196.0,204.0,True
704,2,24.0,135.0,34.0,165.0,True
704,2,63.0,18.0,73.0,48.0,True
704,2,63.0,174.0,73.0,204.0,True
704,2,102.0,174.0,112.0,204.0,True
704,2,141.0,57.0,151.0,87.0,True
704,2,141.0,135.0,151.0,165.0,True
704,2,141.0,174.0,151.0,204.0,True
704,2,180.0,57.0,190.0,87.0,True
705,2,32.0,19.0,42.0,49.0,True
705,2,32.0,175.0,42.0,205.0,True
705,2,71.0,19.0,81.0,49.0,True
705,2,110.0,19.0,120.0,49.0,True
705,2,110.0,97.0,120.0,127.0,True
705,2,110.0,136.0,120.0,166.0,True
705,2,149.0,58.0,159.0,88.0,True
705,2,149.0,136.0,159.0,166.0,True
706,2,26.0,63.0,36.0,93.0,True
706,2,26.0,180.0,36.0,210.0,True
706,2,65.0,63.0,75.0,93.0,True
706,2,65.0,141.0,75.0,171.0,True
706,2,65.0,180.0,75.0,210.0,True
706,2,104.0,63.0,114.0,93.0,True
706,2,104.0,180.0,114.0,210.0,True
706,2,182.0,141.0,192.0,171.0,True
707,2,34.0,23.0,44.0,53.0,True
707,2,34.0,101.0,44.0,131.0,True
707,2,73.0,179.0,83.0,209.0,True
707,2,112.0,23.0,122.0,53.0,True
707,2,151.0,23.0,161.0,53.0,True
707,2,190.0,23.0,200.0,53.0,True
707,2,190.0,62.0,200.0,92.0,True
707,2,190.0,140.0,200.0,170.0,True
708,2,31.0,56.0,41.0,86.0,True
708,2,31.0,95.0,41.0,125.0,True
708,2,70.0,56.0,80.0,86.0,True
708,2,70.0,173.0,80.0,203.0,True
708,2,109.0,56.0,119.0,86.0,True
708,2,148.0,17.0,158.0,47.0,True
708,2,148.0,95.0,158.0,125.0,True
708,2,187.0,134.0,197.0,164.0,True
709,2,24.0,14.0,34.0,44.0,True
709,2,24.0,53.0,34.0,83.0,True
709,2,24.0,92.0,34.0,122.0,True
709,2,24.0,131.0,34.0,161.0,True
709,2,63.0,53.0,73.0,83.0,True
709,2,63.0,131.0,73.0,161.0,True
709,2,63.0,170.0,73.0,200.0,True
709,2,180.0,92.0,190.0,122.0,True
710,2,31.0,58.0,41.0,88.0,True
710,2,31.0,175.0,41.0,205.0,True
710,2,70.0,136.0,80.0,166.0,True
710,2,70.0,175.0,80.0,205.0,True
710,2,109.0,97.0,119.0,127.0,True
710,2,148.0,97.0,158.0,127.0,True
710,2,148.0,136.0,158.0,166.0,True
710,2,187.0,136.0,197.0,166.0,True
711,2,24.0,97.0,34.0,127.0,True
711,2,24.0,175.0,34.0,205.0,True
711,2,102.0,19.0,112.0,49.0,True
711,2,102.0,136.0,112.0,166.0,True
711,2,141.0,58.0,151.0,88.0,True
711,2,141.0,97.0,151.0,127.0,True
711,2,180.0,136.0,190.0,166.0,True
711,2,180.0,175.0,190.0,205.0,True
712,2,70.0,23.0,80.0,53.0,True
712,2,70.0,101.0,80.0,131.0,True
712,2,109.0,101.0,119.0,131.0,True
712,2,109.0,140.0,119.0,170.0,True
712,2,148.0,101.0,158.0,131.0,True
712,2,148.0,179.0,158.0,209.0,True
712,2,187.0,101.0,197.0,131.0,True
712,2,187.0,140.0,197.0,170.0,True
713,2,32.0,24.0,42.0,54.0,True
713,2,71.0,24.0,81.0,54.0,True
713,2,71.0,63.0,81.0,93.0,True
713,2,71.0,102.0,81.0,132.0,True
713,2,71.0,180.0,81.0,210.0,True
713,2,110.0,180.0,120.0,210.0,True
713,2,149.0,24.0,159.0,54.0,True
713,2,149.0,102.0,159.0,132.0,True
714,2,67.0,57.0,77.0,87.0,True
714,2,106.0,57.0,116.0,87.0,True
714,2,106.0,174.0,116.0,204.0,True
714,2,145.0,57.0,155.0,87.0,True
714,2,145.0,96.0,155.0,126.0,True
714,2,145.0,135.0,155.0,165.0,True
714,2,184.0,57.0,194.0,87.0,True
714,2,184.0,96.0,194.0,126.0,True
715,2,24.0,15.0,34.0,45.0,True
715,2,24.0,54.0,34.0,84.0,True
715,2,24.0,93.0,34.0,123.0,True
715,2,24.0,132.0,34.0,162.0,True
715,2,63.0,171.0,73.0,201.0,True
715,2,102.0,132.0,112.0,162.0,True
715,2,141.0,54.0,151.0,84.0,True
715,2,141.0,171.0,151.0,201.0,True
716,2,31.0,18.0,41.0,48.0,True
716,2,70.0,18.0,80.0,48.0,True
716,2,70.0,57.0,80.0,87.0,True
716,2,70.0,96.0,80.0,126.0,True
716,2,109.0,174.0,119.0,204.0,True
716,2,148.0,57.0,158.0,87.0,True
716,2,148.0,96.0,158.0,126.0,True
716,2,187.0,135.0,197.0,165.0,True
717,2,31.0,91.0,41.0,121.0,True
717,2,31.0,169.0,41.0,199.0,True
717,2,70.0,13.0,80.0,43.0,True
717,2,70.0,52.0,80.0,82.0,True
717,2,70.0,169.0,80.0,199.0,True
717,2,109.0,13.0,119.0,43.0,True
717,2,148.0,52.0,158.0,82.0,True
717,2,187.0,169.0,197.0,199.0,True
718,2,28.0,57.0,38.0,87.0,True
718,2,67.0,57.0,77.0,87.0,True
718,2,67.0,174.0,77.0,204.0,True
718,2,145.0,18.0,155.0,48.0,True
718,2,145.0,57.0,155.0,87.0,True
718,2,145.0,135.0,155.0,165.0,True
718,2,145.0,174.0,155.0,204.0,True
718,2,184.0,174.0,194.0,204.0,True
719,2,27.0,60.0,37.0,90.0,True
719,2,27.0,99.0,37.0,129.0,True
719,2,27.0,177.0,37.0,207.0,True
719,2,66.0,99.0,76.0,129.0,True
719,2,66.0,138.0,76.0,168.0,True
719,2,105.0,99.0,115.0,129.0,True
719,2,144.0,21.0,154.0,51.0,True
719,2,183.0,177.0,193.0,207.0,True
720,2,32.0,55.0,42.0,85.0,True
720,2,71.0,172.0,81.0,202.0,True
720,2,110.0,94.0,120.0,124.0,True
720,2,110.0,133.0,120.0,163.0,True
720,2,110.0,172.0,120.0,202.0,True
720,2,149.0,55.0,159.0,85.0,True
720,2,149.0,133.0,159.0,163.0,True
720,2,188.0,55.0,198.0,85.0,True
721,2,33.0,60.0,43.0,90.0,True
721,2,33.0,138.0,43.0,168.0,True
721,2,33.0,177.0,43.0,207.0,True
721,2,111.0,99.0,121.0,129.0,True
721,2,111.0,177.0,121.0,207.0,True
721,2,189.0,99.0,199.0,129.0,True
721,2,189.0,138.0,199.0,168.0,True
721,2,189.0,177.0,199.0,207.0,True
722,2,69.0,18.0,79.0,48.0,True
722,2,108.0,18.0,118.0,48.0,True
722,2,108.0,174.0,118.0,204.0,True
722,2,147.0,18.0,157.0,48.0,True
722,2,147.0,174.0,157.0,204.0,True
722,2,186.0,18.0,196.0,48.0,True
722,2,186.0,135.0,196.0,165.0,True
722,2,186.0,174.0,196.0,204.0,True
723,2,62.0,99.0,72.0,129.0,True
723,2,62.0,138.0,72.0,168.0,True
723,2,101.0,21.0,111.0,51.0,True
723,2,101.0,99.0,111.0,129.0,True
723,2,101.0,138.0,111.0,168.0,True
723,2,140.0,138.0,150.0,168.0,True
723,2,140.0,177.0,150.0,207.0,True
723,2,179.0,60.0,189.0,90.0,True
724,2,26.0,22.0,36.0,52.0,True
724,2,65.0,178.0,75.0,208.0,True
724,2,104.0,100.0,114.0,130.0,True
724,2,104.0,139.0,114.0,169.0,True
724,2,143.0,22.0,153.0,52.0,True
724,2,143.0,61.0,153.0,91.0,True
724,2,143.0,178.0,153.0,208.0,True
724,2,182.0,22.0,192.0,52.0,True
725,2,64.0,130.0,74.0,160.0,True
725,2,64.0,169.0,74.0,199.0,True
725,2,103.0,13.0,113.0,43.0,True
725,2,103.0,169.0,113.0,199.0,True
725,2,142.0,130.0,152.0,160.0,True
725,2,142.0,169.0,152.0,199.0,True
725,2,181.0,13.0,191.0,43.0,True
725,2,181.0,169.0,191.0,199.0,True
726,2,31.0,16.0,41.0,46.0,True
726,2,31.0,94.0,41.0,124.0,True
726,2,70.0,133.0,80.0,163.0,True
726,2,148.0,55.0,158.0,85.0,True
726,2,148.0,133.0,158.0,163.0,True
726,2,148.0,172.0,158.0,202.0,True
726,2,187.0,133.0,197.0,163.0,True
726,2,187.0,172.0,197.0,202.0,True
727,2,23.0,57.0,33.0,87.0,True
727,2,23.0,174.0,33.0,204.0,True
727,2,62.0,57.0,72.0,87.0,True
727,2,62.0,174.0,72.0,204.0,True
727,2,101.0,18.0,111.0,48.0,True
727,2,101.0,57.0,111.0,87.0,True
727,2,179.0,57.0,189.0,87.0,True
727,2,179.0,174.0,189.0,204.0,True
728,2,66.0,20.0,76.0,50.0,True
728,2,66.0,59.0,76.0,89.0,True
728,2,66.0,137.0,76.0,167.0,True
728,2,66.0,176.0,76.0,206.0,True
728,2,105.0,98.0,115.0,128.0,True
728,2,105.0,137.0,115.0,167.0,True
728,2,144.0,59.0,154.0,89.0,True
728,2,183.0,98.0,193.0,128.0,True
729,2,26.0,23.0,36.0,53.0,True
729,2,104.0,23.0,114.0,53.0,True
729,2,104.0,101.0,114.0,131.0,True
729,2,104.0,140.0,114.0,170.0,True
729,2,143.0,62.0,153.0,92.0,True
729,2,182.0,62.0,192.0,92.0,True
729,2,182.0,101.0,192.0,131.0,True
729,2,182.0,140.0,192.0,170.0,True
730,2,29.0,173.0,39.0,203.0,True
730,2,68.0,17.0,78.0,47.0,True
730,2,68.0,56.0,78.0,86.0,True
730,2,107.0,17.0,117.0,47.0,True
730,2,107.0,173.0,117.0,203.0,True
730,2,146.0,95.0,156.0,125.0,True
730,2,185.0,134.0,195.0,164.0,True
730,2,185.0,173.0,195.0,203.0,True
731,2,70.0,15.0,80.0,45.0,True
731,2,70.0,54.0,80.0,84.0,True
731,2,70.0,93.0,80.0,123.0,True
731,2,70.0,171.0,80.0,201.0,True
731,2,109.0,132.0,119.0,162.0,True
731,2,148.0,54.0,158.0,84.0,True
731,2,187.0,93.0,197.0,123.0,True
731,2,187.0,171.0,197.0,201.0,True
732,2,30.0,15.0,40.0,45.0,True
732,2,30.0,93.0,40.0,123.0,True
732,2,30.0,132.0,40.0,162.0,True
732,2,69.0,15.0,79.0,45.0,True
732,2,108.0,54.0,118.0,84.0,True
732,2,108.0,93.0,118.0,123.0,True
732,2,108.0,171.0,118.0,201.0,True
732,2,147.0,171.0,157.0,201.0,True
733,2,34.0,22.0,44.0,52.0,True
733,2,34.0,100.0,44.0,130.0,True
733,2,73.0,100.0,83.0,130.0,True
733,2,73.0,178.0,83.0,208.0,True
733,2,112.0,178.0,122.0,208.0,True
733,2,151.0,61.0,161.0,91.0,True
733,2,151.0,139.0,161.0,169.0,True
733,2,190.0,139.0,200.0,169.0,True
734,2,73.0,96.0,83.0,126.0,True
734,2,112.0,57.0,122.0,87.0,True
734,2,112.0,135.0,122.0,165.0,True
734,2,151.0,18.0,161.0,48.0,True
734,2,151.0,96.0,161.0,126.0,True
734,2,190.0,18.0,200.0,48.0,True
734,2,190.0,96.0,200.0,126.0,True
734,2,190.0,174.0,200.0,204.0,True
735,2,68.0,56.0,78.0,86.0,True
735,2,68.0,134.0,78.0,164.0,True
735,2,68.0,173.0,78.0,203.0,True
735,2,107.0,17.0,117.0,47.0,True
735,2,107.0,56.0,117.0,86.0,True
735,2,107.0,95.0,117.0,125.0,True
735,2,146.0,134.0,156.0,164.0,True
735,2,185.0,134.0,195.0,164.0,True
736,2,27.0,169.0,37.0,199.0,True
736,2,66.0,130.0,76.0,160.0,True
736,2,66.0,169.0,76.0,199.0,True
736,2,105.0,169.0,115.0,199.0,True
736,2,144.0,130.0,154.0,160.0,True
736,2,144.0,169.0,154.0,199.0,True
736,2,183.0,52.0,193.0,82.0,True
736,2,183.0,169.0,193.0,199.0,True
737,2,63.0,134.0,73.0,164.0,True
737,2,63.0,173.0,73.0,203.0,True
737,2,102.0,17.0,112.0,47.0,True
737,2,102.0,134.0,112.0,164.0,True
737,2,102.0,173.0,112.0,203.0,True
737,2,141.0,56.0,151.0,86.0,True
737,2,141.0,173.0,151.0,203.0,True
737,2,180.0,17.0,190.0,47.0,True
738,2,30.0,140.0,40.0,170.0,True
738,2,108.0,62.0,118.0,92.0,True
738,2,108.0,140.0,118.0,170.0,True
738,2,147.0,62.0,157.0,92.0,True
738,2,147.0,101.0,157.0,131.0,True
738,2,147.0,140.0,157.0,170.0,True
738,2,186.0,23.0,196.0,53.0,True
738,2,186.0,179.0,196.0,209.0,True
739,2,32.0,19.0,42.0,49.0,True
739,2,71.0,58.0,81.0,88.0,True
739,2,71.0,136.0,81.0,166.0,True
739,2,110.0,175.0,120.0,205.0,True
739,2,149.0,175.0,159.0,205.0,True
739,2,188.0,19.0,198.0,49.0,True
739,2,188.0,58.0,198.0,88.0,True
739,2,188.0,136.0,198.0,166.0,True
740,2,29.0,16.0,39.0,46.0,True
740,2,29.0,133.0,39.0,163.0,True
740,2,29.0,172.0,39.0,202.0,True
740,2,107.0,172.0,117.0,202.0,True
740,2,146.0,55.0,156.0,85.0,True
740,2,146.0,94.0,156.0,124.0,True
740,2,146.0,133.0,156.0,163.0,True
740,2,146.0,172.0,156.0,202.0,True
741,2,26.0,132.0,36.0,162.0,True
741,2,65.0,15.0,75.0,45.0,True
741,2,65.0,93.0,75.0,123.0,True
741,2,65.0,132.0,75.0,162.0,True
741,2,104.0,93.0,114.0,123.0,True
741,2,143.0,15.0,153.0,45.0,True
741,2,182.0,93.0,192.0,123.0,True
741,2,182.0,132.0,192.0,162.0,True
742,2,24.0,178.0,34.0,208.0,True
742,2,63.0,22.0,73.0,52.0,True
742,2,63.0,61.0,73.0,91.0,True
742,2,102.0,100.0,112.0,130.0,True
742,2,102.0,178.0,112.0,208.0,True
742,2,141.0,61.0,151.0,91.0,True
742,2,141.0,100.0,151.0,130.0,True
742,2,180.0,61.0,190.0,91.0,True
743,2,32.0,55.0,42.0,85.0,True
743,2,71.0,55.0,81.0,85.0,True
743,2,110.0,16.0,120.0,46.0,True
743,2,110.0,55.0,120.0,85.0,True
743,2,110.0,133.0,120.0,163.0,True
743,2,149.0,16.0,159.0,46.0,True
743,2,149.0,172.0,159.0,202.0,True
743,2,188.0,94.0,198.0,124.0,True
744,2,32.0,16.0,42.0,46.0,True
744,2,32.0,55.0,42.0,85.0,True
744,2,32.0,133.0,42.0,163.0,True
744,2,110.0,16.0,120.0,46.0,True
744,2,110.0,55.0,120.0,85.0,True
744,2,188.0,16.0,198.0,46.0,True
744,2,188.0,94.0,198.0,124.0,True
744,2,188.0,133.0,198.0,163.0,True
745,2,24.0,97.0,34.0,127.0,True
745,2,24.0,175.0,34.0,205.0,True
745,2,63.0,19.0,73.0,49.0,True
745,2,102.0,175.0,112.0,205.0,True
745,2,141.0,136.0,151.0,166.0,True
745,2,141.0,175.0,151.0,205.0,True
745,2,180.0,58.0,190.0,88.0,True
745,2,180.0,97.0,190.0,127.0,True
746,2,65.0,61.0,75.0,91.0,True
746,2,65.0,139.0,75.0,169.0,True
746,2,65.0,178.0,75.0,208.0,True
746,2,104.0,61.0,114.0,91.0,True
746,2,104.0,100.0,114.0,130.0,True
746,2,104.0,178.0,114.0,208.0,True
746,2,182.0,22.0,192.0,52.0,True
746,2,182.0,139.0,192.0,169.0,True
747,2,30.0,172.0,40.0,202.0,True
747,2,69.0,55.0,79.0,85.0,True
747,2,108.0,133.0,118.0,163.0,True
747,2,108.0,172.0,118.0,202.0,True
747,2,147.0,55.0,157.0,85.0,True
747,2,147.0,133.0,157.0,163.0,True
747,2,186.0,16.0,196.0,46.0,True
747,2,186.0,55.0,196.0,85.0,True
748,2,31.0,136.0,41.0,166.0,True
748,2,31.0,175.0,41.0,205.0,True
748,2,70.0,19.0,80.0,49.0,True
748,2,70.0,58.0,80.0,88.0,True
748,2,70.0,175.0,80.0,205.0,True
748,2,109.0,19.0,119.0,49.0,True
748,2,187.0,19.0,197.0,49.0,True
748,2,187.0,97.0,197.0,127.0,True
749,2,34.0,102.0,44.0,132.0,True
749,2,112.0,24.0,122.0,54.0,True
749,2,112.0,141.0,122.0,171.0,True
749,2,151.0,102.0,161.0,132.0,True
749,2,151.0,141.0,161.0,171.0,True
749,2,190.0,24.0,200.0,54.0,True
749,2,190.0,63.0,200.0,93.0,True
749,2,190.0,102.0,200.0,132.0,True
750,2,27.0,15.0,37.0,45.0,True
750,2,27.0,54.0,37.0,84.0,True
750,2,27.0,93.0,37.0,123.0,True
750,2,66.0,171.0,76.0,201.0,True
750,2,105.0,132.0,115.0,162.0,True
750,2,183.0,15.0,193.0,45.0,True
750,2,183.0,93.0,193.0,123.0,True
750,2,183.0,132.0,193.0,162.0,True
751,2,23.0,139.0,33.0,169.0,True
751,2,62.0,22.0,72.0,52.0,True
751,2,62.0,139.0,72.0,169.0,True
751,2,101.0,22.0,111.0,52.0,True
751,2,140.0,139.0,150.0,169.0,True
751,2,140.0,178.0,150.0,208.0,True
751,2,179.0,100.0,189.0,130.0,True
751,2,179.0,139.0,189.0,169.0,True
752,2,23.0,14.0,33.0,44.0,True
752,2,23.0,92.0,33.0,122.0,True
752,2,23.0,170.0,33.0,200.0,True
752,2,62.0,53.0,72.0,83.0,True
752,2,101.0,14.0,111.0,44.0,True
752,2,101.0,170.0,111.0,200.0,True
752,2,140.0,53.0,150.0,83.0,True
752,2,179.0,170.0,189.0,200.0,True
753,2,71.0,56.0,81.0,86.0,True
753,2,71.0,173.0,81.0,203.0,True
753,2,110.0,56.0,120.0,86.0,True
753,2,149.0,17.0,159.0,47.0,True
753,2,149.0,95.0,159.0,125.0,True
753,2,188.0,17.0,198.0,47.0,True
753,2,188.0,95.0,198.0,125.0,True
753,2,188.0,134.0,198.0,164.0,True
754,2,26.0,57.0,36.0,87.0,True
754,2,26.0,135.0,36.0,165.0,True
754,2,65.0,18.0,75.0,48.0,True
754,2,65.0,57.0,75.0,87.0,True
754,2,65.0,96.0,75.0,126.0,True
754,2,104.0,18.0,114.0,48.0,True
754,2,143.0,57.0,153.0,87.0,True
754,2,143.0,174.0,153.0,204.0,True
755,2,29.0,91.0,39.0,121.0,True
755,2,29.0,169.0,39.0,199.0,True
755,2,68.0,91.0,78.0,121.0,True
755,2,68.0,130.0,78.0,160.0,True
755,2,107.0,169.0,117.0,199.0,True
755,2,146.0,130.0,156.0,160.0,True
755,2,185.0,52.0,195.0,82.0,True
755,2,185.0,130.0,195.0,160.0,True
756,2,29.0,19.0,39.0,49.0,True
756,2,29.0,97.0,39.0,127.0,True
756,2,29.0,175.0,39.0,205.0,True
756,2,107.0,19.0,117.0,49.0,True
756,2,107.0,97.0,117.0,127.0,True
756,2,107.0,175.0,117.0,205.0,True
756,2,146.0,19.0,156.0,49.0,True
756,2,185.0,19.0,195.0,49.0,True
757,2,32.0,58.0,42.0,88.0,True
757,2,32.0,175.0,42.0,205.0,True
757,2,110.0,19.0,120.0,49.0,True
757,2,110.0,58.0,120.0,88.0,True
757,2,110.0,175.0,120.0,205.0,True
757,2,149.0,97.0,159.0,127.0,True
757,2,188.0,97.0,198.0,127.0,True
757,2,188.0,175.0,198.0,205.0,True
758,2,34.0,63.0,44.0,93.0,True
758,2,73.0,63.0,83.0,93.0,True
758,2,112.0,63.0,122.0,93.0,True
758,2,112.0,180.0,122.0,210.0,True
758,2,151.0,63.0,161.0,93.0,True
758,2,151.0,102.0,161.0,132.0,True
758,2,151.0,141.0,161.0,171.0,True
758,2,190.0,141.0,200.0,171.0,True
759,2,33.0,53.0,43.0,83.0,True
759,2,33.0,170.0,43.0,200.0,True
759,2,72.0,14.0,82.0,44.0,True
759,2,72.0,92.0,82.0,122.0,True
759,2,111.0,14.0,121.0,44.0,True
759,2,111.0,131.0,121.0,161.0,True
759,2,150.0,92.0,160.0,122.0,True
759,2,189.0,131.0,199.0,161.0,True
760,2,28.0,19.0,38.0,49.0,True
760,2,28.0,58.0,38.0,88.0,True
760,2,28.0,136.0,38.0,166.0,True
760,2,28.0,175.0,38.0,205.0,True
760,2,67.0,19.0,77.0,49.0,True
760,2,67.0,58.0,77.0,88.0,True
760,2,106.0,58.0,116.0,88.0,True
760,2,145.0,97.0,155.0,127.0,True
761,2,26.0,15.0,36.0,45.0,True
761,2,26.0,132.0,36.0,162.0,True
761,2,65.0,132.0,75.0,162.0,True
761,2,104.0,132.0,114.0,162.0,True
761,2,104.0,171.0,114.0,201.0,True
761,2,143.0,15.0,153.0,45.0,True
761,2,143.0,132.0,153.0,162.0,True
761,2,143.0,171.0,153.0,201.0,True
762,2,27.0,22.0,37.0,52.0,True
762,2,27.0,61.0,37.0,91.0,True
762,2,27.0,139.0,37.0,169.0,True
762,2,27.0,178.0,37.0,208.0,True
762,2,66.0,178.0,76.0,208.0,True
762,2,144.0,139.0,154.0,169.0,True
762,2,183.0,61.0,193.0,91.0,True
762,2,183.0,100.0,193.0,130.0,True
763,2,31.0,171.0,41.0,201.0,True
763,2,70.0,15.0,80.0,45.0,True
763,2,70.0,54.0,80.0,84.0,True
763,2,70.0,171.0,80.0,201.0,True
763,2,148.0,15.0,158.0,45.0,True
763,2,148.0,93.0,158.0,123.0,True
763,2,187.0,54.0,197.0,84.0,True
763,2,187.0,93.0,197.0,123.0,True
764,2,30.0,22.0,40.0,52.0,True
764,2,30.0,139.0,40.0,169.0,True
764,2,30.0,178.0,40.0,208.0,True
764,2,69.0,100.0,79.0,130.0,True
764,2,108.0,61.0,118.0,91.0,True
764,2,147.0,139.0,157.0,169.0,True
764,2,186.0,100.0,196.0,130.0,True
764,2,186.0,178.0,196.0,208.0,True
765,2,72.0,60.0,82.0,90.0,True
765,2,72.0,99.0,82.0,129.0,True
765,2,111.0,138.0,121.0,168.0,True
765,2,150.0,21.0,160.0,51.0,True
765,2,150.0,60.0,160.0,90.0,True
765,2,150.0,177.0,160.0,207.0,True
765,2,189.0,21.0,199.0,51.0,True
765,2,189.0,60.0,199.0,90.0,True
766,2,31.0,21.0,41.0,51.0,True
766,2,31.0,138.0,41.0,168.0,True
766,2,109.0,21.0,119.0,51.0,True
766,2,109.0,99.0,119.0,129.0,True
766,2,148.0,21.0,158.0,51.0,True
766,2,148.0,138.0,158.0,168.0,True
766,2,187.0,21.0,197.0,51.0,True
766,2,187.0,99.0,197.0,129.0,True
767,2,26.0,59.0,36.0,89.0,True
767,2,26.0,98.0,36.0,128.0,True
767,2,26.0,137.0,36.0,167.0,True
767,2,65.0,176.0,75.0,206.0,True
767,2,104.0,59.0,114.0,89.0,True
767,2,143.0,20.0,153.0,50.0,True
767,2,182.0,59.0,192.0,89.0,True
767,2,182.0,176.0,192.0,206.0,True
768,2,23.0,100.0,33.0,130.0,True
768,2,62.0,100.0,72.0,130.0,True
768,2,62.0,178.0,72.0,208.0,True
768,2,101.0,100.0,111.0,130.0,True
768,2,101.0,178.0,111.0,208.0,True
768,2,140.0,22.0,150.0,52.0,True
768,2,140.0,100.0,150.0,130.0,True
768,2,140.0,178.0,150.0,208.0,True
769,2,26.0,15.0,36.0,45.0,True
769,2,26.0,54.0,36.0,84.0,True
769,2,65.0,15.0,75.0,45.0,True
769,2,65.0,93.0,75.0,123.0,True
769,2,104.0,54.0,114.0,84.0,True
769,2,104.0,93.0,114.0,123.0,True
769,2,104.0,171.0,114.0,201.0,True
769,2,182.0,171.0,192.0,201.0,True
770,2,25.0,171.0,35.0,201.0,True
770,2,64.0,15.0,74.0,45.0,True
770,2,103.0,15.0,113.0,45.0,True
770,2,103.0,54.0,113.0,84.0,True
770,2,142.0,15.0,152.0,45.0,True
770,2,142.0,54.0,152.0,84.0,True
770,2,142.0,132.0,152.0,162.0,True
770,2,181.0,15.0,191.0,45.0,True
771,2,24.0,137.0,34.0,167.0,True
771,2,24.0,176.0,34.0,206.0,True
771,2,63.0,137.0,73.0,167.0,True
771,2,102.0,176.0,112.0,206.0,True
771,2,141.0,20.0,151.0,50.0,True
771,2,180.0,20.0,190.0,50.0,True
771,2,180.0,59.0,190.0,89.0,True
771,2,180.0,137.0,190.0,167.0,True
772,2,34.0,136.0,44.0,166.0,True
772,2,34.0,175.0,44.0,205.0,True
772,2,73.0,136.0,83.0,166.0,True
772,2,73.0,175.0,83.0,205.0,True
772,2,112.0,97.0,122.0,127.0,True
772,2,112.0,136.0,122.0,166.0,True
772,2,151.0,19.0,161.0,49.0,True
772,2,190.0,175.0,200.0,205.0,True
773,2,63.0,17.0,73.0,47.0,True
773,2,63.0,95.0,73.0,125.0,True
773,2,63.0,134.0,73.0,164.0,True
773,2,63.0,173.0,73.0,203.0,True
773,2,102.0,56.0,112.0,86.0,True
773,2,141.0,134.0,151.0,164.0,True
773,2,180.0,95.0,190.0,125.0,True
773,2,180.0,173.0,190.0,203.0,True
774,2,28.0,60.0,38.0,90.0,True
774,2,28.0,177.0,38.0,207.0,True
774,2,67.0,21.0,77.0,51.0,True
774,2,67.0,138.0,77.0,168.0,True
774,2,106.0,177.0,116.0,207.0,True
774,2,145.0,138.0,155.0,168.0,True
774,2,145.0,177.0,155.0,207.0,True
774,2,184.0,138.0,194.0,168.0,True
775,2,24.0,135.0,34.0,165.0,True
775,2,63.0,57.0,73.0,87.0,True
775,2,63.0,174.0,73.0,204.0,True
775,2,102.0,174.0,112.0,204.0,True
775,2,141.0,96.0,151.0,126.0,True
775,2,180.0,18.0,190.0,48.0,True
775,2,180.0,57.0,190.0,87.0,True
775,2,180.0,174.0,190.0,204.0,True
776,2,30.0,130.0,40.0,160.0,True
776,2,69.0,91.0,79.0,121.0,True
776,2,69.0,130.0,79.0,160.0,True
776,2,108.0,52.0,118.0,82.0,True
776,2,108.0,130.0,118.0,160.0,True
776,2,186.0,13.0,196.0,43.0,True
776,2,186.0,91.0,196.0,121.0,True
776,2,186.0,169.0,196.0,199.0,True
777,2,27.0,24.0,37.0,54.0,True
777,2,27.0,141.0,37.0,171.0,True
777,2,27.0,180.0,37.0,210.0,True
777,2,66.0,141.0,76.0,171.0,True
777,2,105.0,141.0,115.0,171.0,True
777,2,144.0,63.0,154.0,93.0,True
777,2,144.0,180.0,154.0,210.0,True
777,2,183.0,102.0,193.0,132.0,True
778,2,27.0,61.0,37.0,91.0,True
778,2,66.0,100.0,76.0,130.0,True
778,2,105.0,22.0,115.0,52.0,True
778,2,105.0,61.0,115.0,91.0,True
778,2,144.0,61.0,154.0,91.0,True
778,2,183.0,22.0,193.0,52.0,True
778,2,183.0,100.0,193.0,130.0,True
778,2,183.0,178.0,193.0,208.0,True
779,2,30.0,61.0,40.0,91.0,True
779,2,69.0,178.0,79.0,208.0,True
779,2,108.0,100.0,118.0,130.0,True
779,2,147.0,61.0,157.0,91.0,True
779,2,147.0,139.0,157.0,169.0,True
779,2,147.0,178.0,157.0,208.0,True
779,2,186.0,22.0,196.0,52.0,True
779,2,186.0,61.0,196.0,91.0,True
780,2,29.0,60.0,39.0,90.0,True
780,2,29.0,138.0,39.0,168.0,True
780,2,29.0,177.0,39.0,207.0,True
780,2,68.0,21.0,78.0,51.0,True
780,2,107.0,138.0,117.0,168.0,True
780,2,146.0,60.0,156.0,90.0,True
780,2,146.0,99.0,156.0,129.0,True
780,2,185.0,138.0,195.0,168.0,True
781,2,31.0,52.0,41.0,82.0,True
781,2,31.0,130.0,41.0,160.0,True
781,2,31.0,169.0,41.0,199.0,True
781,2,70.0,13.0,80.0,43.0,True
781,2,109.0,169.0,119.0,199.0,True
781,2,148.0,13.0,158.0,43.0,True
781,2,148.0,52.0,158.0,82.0,True
781,2,148.0,130.0,158.0,160.0,True
782,2,66.0,135.0,76.0,165.0,True
782,2,105.0,18.0,115.0,48.0,True
782,2,105.0,57.0,115.0,87.0,True
782,2,105.0,135.0,115.0,165.0,True
782,2,144.0,57.0,154.0,87.0,True
782,2,144.0,96.0,154.0,126.0,True
782,2,144.0,135.0,154.0,165.0,True
782,2,183.0,18.0,193.0,48.0,True
783,2,73.0,18.0,83.0,48.0,True
783,2,73.0,57.0,83.0,87.0,True
783,2,112.0,18.0,122.0,48.0,True
783,2,151.0,18.0,161.0,48.0,True
783,2,151.0,135.0,161.0,165.0,True
783,2,190.0,18.0,200.0,48.0,True
783,2,190.0,96.0,200.0,126.0,True
783,2,190.0,135.0,200.0,165.0,True
784,2,34.0,52.0,44.0,82.0,True
784,2,34.0,130.0,44.0,160.0,True
784,2,73.0,13.0,83.0,43.0,True
784,2,112.0,169.0,122.0,199.0,True
784,2,151.0,13.0,161.0,43.0,True
784,2,151.0,91.0,161.0,121.0,True
784,2,190.0,13.0,200.0,43.0,True
784,2,190.0,169.0,200.0,199.0,True
785,2,32.0,133.0,42.0,163.0,True
785,2,71.0,94.0,81.0,124.0,True
785,2,71.0,133.0,81.0,163.0,True
785,2,110.0,133.0,120.0,163.0,True
785,2,149.0,55.0,159.0,85.0,True
785,2,149.0,133.0,159.0,163.0,True
785,2,188.0,16.0,198.0,46.0,True
785,2,188.0,172.0,198.0,202.0,True
786,2,30.0,134.0,40.0,164.0,True
786,2,69.0,17.0,79.0,47.0,True
786,2,69.0,134.0,79.0,164.0,True
786,2,108.0,173.0,118.0,203.0,True
786,2,147.0,17.0,157.0,47.0,True
786,2,147.0,56.0,157.0,86.0,True
786,2,186.0,134.0,196.0,164.0,True
786,2,186.0,173.0,196.0,203.0,True
787,2,23.0,23.0,33.0,53.0,True
787,2,23.0,62.0,33.0,92.0,True
787,2,23.0,179.0,33.0,209.0,True
787,2,62.0,101.0,72.0,131.0,True
787,2,62.0,179.0,72.0,209.0,True
787,2,101.0,23.0,111.0,53.0,True
787,2,140.0,140.0,150.0,170.0,True
787,2,140.0,179.0,150.0,209.0,True
788,2,27.0,92.0,37.0,122.0,True
788,2,27.0,131.0,37.0,161.0,True
788,2,27.0,170.0,37.0,200.0,True
788,2,105.0,53.0,115.0,83.0,True
788,2,105.0,170.0,115.0,200.0,True
788,2,144.0,14.0,154.0,44.0,True
788,2,144.0,92.0,154.0,122.0,True
788,2,183.0,14.0,193.0,44.0,True
789,2,68.0,59.0,78.0,89.0,True
789,2,68.0,137.0,78.0,167.0,True
789,2,68.0,176.0,78.0,206.0,True
789,2,107.0,59.0,117.0,89.0,True
789,2,107.0,98.0,117.0,128.0,True
789,2,146.0,20.0,156.0,50.0,True
789,2,146.0,98.0,156.0,128.0,True
789,2,185.0,20.0,195.0,50.0,True
790,2,24.0,58.0,34.0,88.0,True
790,2,24.0,97.0,34.0,127.0,True
790,2,63.0,136.0,73.0,166.0,True
790,2,63.0,175.0,73.0,205.0,True
790,2,102.0,19.0,112.0,49.0,True
790,2,141.0,58.0,151.0,88.0,True
790,2,141.0,175.0,151.0,205.0,True
790,2,180.0,97.0,190.0,127.0,True
791,2,29.0,15.0,39.0,45.0,True
791,2,29.0,132.0,39.0,162.0,True
791,2,68.0,15.0,78.0,45.0,True
791,2,107.0,54.0,117.0,84.0,True
791,2,146.0,15.0,156.0,45.0,True
791,2,146.0,132.0,156.0,162.0,True
791,2,146.0,171.0,156.0,201.0,True
791,2,185.0,54.0,195.0,84.0,True
792,2,68.0,97.0,78.0,127.0,True
792,2,68.0,175.0,78.0,205.0,True
792,2,107.0,58.0,117.0,88.0,True
792,2,107.0,97.0,117.0,127.0,True
792,2,146.0,136.0,156.0,166.0,True
792,2,146.0,175.0,156.0,205.0,True
792,2,185.0,58.0,195.0,88.0,True
792,2,185.0,136.0,195.0,166.0,True
793,2,26.0,13.0,36.0,43.0,True
793,2,26.0,91.0,36.0,121.0,True
793,2,65.0,91.0,75.0,121.0,True
793,2,65.0,130.0,75.0,160.0,True
793,2,104.0,169.0,114.0,199.0,True
793,2,143.0,169.0,153.0,199.0,True
793,2,182.0,13.0,192.0,43.0,True
793,2,182.0,52.0,192.0,82.0,True
794,2,24.0,21.0,34.0,51.0,True
794,2,24.0,99.0,34.0,129.0,True
794,2,24.0,138.0,34.0,168.0,True
794,2,63.0,99.0,73.0,129.0,True
794,2,63.0,138.0,73.0,168.0,True
794,2,102.0,99.0,112.0,129.0,True
794,2,141.0,177.0,151.0,207.0,True
794,2,180.0,177.0,190.0,207.0,True
795,2,31.0,56.0,41.0,86.0,True
795,2,31.0,173.0,41.0,203.0,True
795,2,70.0,56.0,80.0,86.0,True
795,2,70.0,95.0,80.0,125.0,True
795,2,70.0,173.0,80.0,203.0,True
795,2,109.0,17.0,119.0,47.0,True
795,2,148.0,173.0,158.0,203.0,True
795,2,187.0,173.0,197.0,203.0,True
796,2,33.0,134.0,43.0,164.0,True
796,2,72.0,134.0,82.0,164.0,True
796,2,72.0,173.0,82.0,203.0,True
796,2,111.0,95.0,121.0,125.0,True
796,2,150.0,95.0,160.0,125.0,True
796,2,150.0,134.0,160.0,164.0,True
796,2,189.0,17.0,199.0,47.0,True
796,2,189.0,56.0,199.0,86.0,True
797,2,27.0,62.0,37.0,92.0,True
797,2,27.0,140.0,37.0,170.0,True
797,2,27.0,179.0,37.0,209.0,True
797,2,66.0,23.0,76.0,53.0,True
797,2,66.0,179.0,76.0,209.0,True
797,2,144.0,23.0,154.0,53.0,True
797,2,183.0,23.0,193.0,53.0,True
797,2,183.0,101.0,193.0,131.0,True
798,2,28.0,130.0,38.0,160.0,True
798,2,67.0,91.0,77.0,121.0,True
798,2,106.0,130.0,116.0,160.0,True
798,2,106.0,169.0,116.0,199.0,True
798,2,145.0,52.0,155.0,82.0,True
798,2,184.0,52.0,194.0,82.0,True
798,2,184.0,130.0,194.0,160.0,True
798,2,184.0,169.0,194.0,199.0,True
799,2,27.0,95.0,37.0,125.0,True
799,2,27.0,134.0,37.0,164.0,True
799,2,105.0,17.0,115.0,47.0,True
799,2,105.0,134.0,115.0,164.0,True
799,2,144.0,56.0,154.0,86.0,True
799,2,183.0,17.0,193.0,47.0,True
799,2,183.0,134.0,193.0,164.0,True
799,2,183.0,173.0,193.0,203.0,True
900,2,17.0,34.0,47.0,44.0,True
901,2,17.0,32.0,47.0,42.0,True
902,2,23.0,31.0,53.0,41.0,True
903,2,13.0,30.0,43.0,40.0,True
904,2,26.0,16.0,36.0,46.0,True
905,2,23.0,29.0,53.0,39.0,True
906,2,19.0,24.0,49.0,34.0,True
907,2,16.0,24.0,46.0,34.0,True
908,2,34.0,61.0,44.0,91.0,True
909,2,24.0,63.0,54.0,73.0,True
910,2,32.0,101.0,42.0,131.0,True
911,2,16.0,106.0,46.0,116.0,True
912,2,29.0,92.0,39.0,122.0,True
913,2,31.0,99.0,41.0,129.0,True
914,2,20.0,112.0,50.0,122.0,True
915,2,16.0,148.0,46.0,158.0,True
916,2,32.0,139.0,42.0,169.0,True
917,2,28.0,140.0,38.0,170.0,True
918,2,23.0,141.0,33.0,171.0,True
919,2,14.0,147.0,44.0,157.0,True
920,2,18.0,140.0,48.0,150.0,True
921,2,26.0,173.0,36.0,203.0,True
922,2,22.0,184.0,52.0,194.0,True
923,2,68.0,13.0,78.0,43.0,True
924,2,56.0,23.0,86.0,33.0,True
925,2,68.0,23.0,78.0,53.0,True
926,2,62.0,22.0,72.0,52.0,True
927,2,71.0,24.0,81.0,54.0,True
928,2,55.0,25.0,85.0,35.0,True
929,2,60.0,69.0,90.0,79.0,True
930,2,70.0,63.0,80.0,93.0,True
931,2,72.0,59.0,82.0,89.0,True
932,2,56.0,72.0,86.0,82.0,True
933,2,68.0,61.0,78.0,91.0,True
934,2,69.0,62.0,79.0,92.0,True
935,2,64.0,96.0,74.0,126.0,True
936,2,70.0,100.0,80.0,130.0,True
937,2,60.0,105.0,90.0,115.0,True
938,2,63.0,102.0,93.0,112.0,True
939,2,62.0,97.0,72.0,127.0,True
940,2,73.0,135.0,83.0,165.0,True
941,2,57.0,150.0,87.0,160.0,True
942,2,69.0,134.0,79.0,164.0,True
943,2,65.0,179.0,75.0,209.0,True
944,2,61.0,187.0,91.0,197.0,True
945,2,69.0,179.0,79.0,209.0,True
946,2,70.0,174.0,80.0,204.0,True
947,2,110.0,15.0,120.0,45.0,True
948,2,104.0,52.0,114.0,82.0,True
949,2,96.0,70.0,126.0,80.0,True
950,2,104.0,63.0,114.0,93.0,True
951,2,110.0,140.0,120.0,170.0,True
952,2,93.0,145.0,123.0,155.0,True
953,2,103.0,170.0,113.0,200.0,True
954,2,99.0,179.0,129.0,189.0,True
955,2,103.0,174.0,113.0,204.0,True
956,2,140.0,15.0,150.0,45.0,True
957,2,141.0,14.0,151.0,44.0,True
958,2,135.0,23.0,165.0,33.0,True
959,2,141.0,30.0,171.0,40.0,True
960,2,132.0,34.0,162.0,44.0,True
961,2,144.0,52.0,154.0,82.0,True
962,2,130.0,73.0,160.0,83.0,True
963,2,131.0,66.0,161.0,76.0,True
964,2,140.0,97.0,150.0,127.0,True
965,2,143.0,91.0,153.0,121.0,True
966,2,150.0,99.0,160.0,129.0,True
967,2,139.0,112.0,169.0,122.0,True
968,2,148.0,139.0,158.0,169.0,True
969,2,146.0,131.0,156.0,161.0,True
970,2,137.0,145.0,167.0,155.0,True
971,2,147.0,136.0,157.0,166.0,True
972,2,138.0,148.0,168.0,158.0,True
973,2,131.0,182.0,161.0,192.0,True
974,2,142.0,180.0,152.0,210.0,True
975,2,171.0,27.0,201.0,37.0,True
976,2,179.0,15.0,189.0,45.0,True
977,2,185.0,19.0,195.0,49.0,True
978,2,172.0,34.0,202.0,44.0,True
979,2,190.0,23.0,200.0,53.0,True
980,2,179.0,64.0,209.0,74.0,True
981,2,177.0,73.0,207.0,83.0,True
982,2,180.0,60.0,190.0,90.0,True
983,2,179.0,97.0,189.0,127.0,True
984,2,186.0,97.0,196.0,127.0,True
985,2,185.0,91.0,195.0,121.0,True
986,2,178.0,102.0,208.0,112.0,True
987,2,182.0,93.0,192.0,123.0,True
988,2,174.0,104.0,204.0,114.0,True
989,2,178.0,148.0,208.0,158.0,True
990,2,172.0,141.0,202.0,151.0,True
991,2,184.0,137.0,194.0,167.0,True
992,2,180.0,146.0,210.0,156.0,True
993,2,185.0,177.0,195.0,207.0,True
994,2,180.0,190.0,210.0,200.0,True
995,2,182.0,169.0,192.0,199.0,True
996,2,190.0,174.0,200.0,204.0,True
997,2,180.0,175.0,190.0,205.0,True
998,2,172.0,187.0,202.0,197.0,True
999,2,189.0,171.0,199.0,201.0,True
1000,2,15.0,28.0,45.0,38.0,True
1001,2,18.0,32.0,48.0,42.0,True
1002,2,102.0,31.0,132.0,41.0,True
1003,2,32.0,21.0,42.0,51.0,True
1004,2,136.0,32.0,166.0,42.0,True
1005,2,146.0,18.0,156.0,48.0,True
1006,2,136.0,105.0,166.0,115.0,True
1007,2,24.0,140.0,34.0,170.0,True
1008,2,56.0,147.0,86.0,157.0,True
1009,2,24.0,63.0,34.0,93.0,True
1010,2,20.0,64.0,50.0,74.0,True
1011,2,28.0,56.0,38.0,86.0,True
1012,2,138.0,106.0,168.0,116.0,True
1013,2,14.0,105.0,44.0,115.0,True
1014,2,19.0,110.0,49.0,120.0,True
1015,2,17.0,103.0,47.0,113.0,True
1016,2,103.0,18.0,113.0,48.0,True
1017,2,21.0,107.0,51.0,117.0,True
1018,2,28.0,101.0,38.0,131.0,True
1019,2,25.0,103.0,55.0,113.0,True
1020,2,53.0,146.0,83.0,156.0,True
1021,2,67.0,137.0,77.0,167.0,True
1022,2,104.0,53.0,114.0,83.0,True
1023,2,103.0,171.0,113.0,201.0,True
1024,2,132.0,74.0,162.0,84.0,True
1025,2,26.0,136.0,36.0,166.0,True
1026,2,145.0,95.0,155.0,125.0,True
1027,2,22.0,152.0,52.0,162.0,True
1028,2,151.0,176.0,161.0,206.0,True
1029,2,181.0,56.0,191.0,86.0,True
1030,2,187.0,178.0,197.0,208.0,True
1031,2,54.0,149.0,84.0,159.0,True
1032,2,21.0,188.0,51.0,198.0,True
1033,2,34.0,172.0,44.0,202.0,True
1034,2,16.0,184.0,46.0,194.0,True
1035,2,103.0,177.0,113.0,207.0,True
1036,2,33.0,173.0,43.0,203.0,True
1037,2,137.0,141.0,167.0,151.0,True
1038,2,58.0,29.0,88.0,39.0,True
1039,2,74.0,21.0,84.0,51.0,True
1040,2,61.0,32.0,91.0,42.0,True
1041,2,182.0,101.0,192.0,131.0,True
1042,2,176.0,187.0,206.0,197.0,True
1043,2,142.0,187.0,172.0,197.0,True
1044,2,74.0,94.0,84.0,124.0,True
1045,2,93.0,103.0,123.0,113.0,True
1046,2,96.0,107.0,126.0,117.0,True
1047,2,63.0,139.0,73.0,169.0,True
1048,2,111.0,176.0,121.0,206.0,True
1049,2,135.0,188.0,165.0,198.0,True
1050,2,60.0,149.0,90.0,159.0,True
1051,2,188.0,55.0,198.0,85.0,True
1052,2,67.0,137.0,77.0,167.0,True
1053,2,149.0,170.0,159.0,200.0,True
1054,2,190.0,62.0,200.0,92.0,True
1055,2,180.0,177.0,190.0,207.0,True
1056,2,151.0,60.0,161.0,90.0,True
1057,2,188.0,15.0,198.0,45.0,True
1058,2,180.0,24.0,210.0,34.0,True
1059,2,99.0,34.0,129.0,44.0,True
1060,2,101.0,64.0,131.0,74.0,True
1061,2,134.0,31.0,164.0,41.0,True
1062,2,152.0,62.0,162.0,92.0,True
1063,2,148.0,138.0,158.0,168.0,True
1064,2,108.0,57.0,118.0,87.0,True
1065,2,187.0,178.0,197.0,208.0,True
1066,2,97.0,108.0,127.0,118.0,True
1067,2,96.0,106.0,126.0,116.0,True
1068,2,95.0,183.0,125.0,193.0,True
1069,2,100.0,149.0,130.0,159.0,True
1070,2,99.0,141.0,129.0,151.0,True
1071,2,95.0,144.0,125.0,154.0,True
1072,2,102.0,142.0,112.0,172.0,True
1073,2,99.0,187.0,129.0,197.0,True
1074,2,95.0,184.0,125.0,194.0,True
1075,2,112.0,174.0,122.0,204.0,True
1076,2,178.0,70.0,208.0,80.0,True
1077,2,172.0,108.0,202.0,118.0,True
1078,2,111.0,178.0,121.0,208.0,True
1079,2,142.0,32.0,172.0,42.0,True
1080,2,139.0,30.0,169.0,40.0,True
1081,2,141.0,16.0,151.0,46.0,True
1082,2,143.0,19.0,153.0,49.0,True
1083,2,138.0,112.0,168.0,122.0,True
1084,2,133.0,66.0,163.0,76.0,True
1085,2,180.0,109.0,210.0,119.0,True
1086,2,144.0,132.0,154.0,162.0,True
1087,2,172.0,34.0,202.0,44.0,True
1088,2,142.0,103.0,152.0,133.0,True
1089,2,142.0,110.0,172.0,120.0,True
1090,2,185.0,132.0,195.0,162.0,True
1091,2,148.0,137.0,158.0,167.0,True
1092,2,179.0,182.0,209.0,192.0,True
1093,2,150.0,178.0,160.0,208.0,True
1094,2,148.0,176.0,158.0,206.0,True
1095,2,139.0,183.0,169.0,193.0,True
1096,2,175.0,108.0,205.0,118.0,True
1097,2,187.0,61.0,197.0,91.0,True
1098,2,181.0,74.0,211.0,84.0,True
1099,2,191.0,171.0,201.0,201.0,True
1100,2,30.0,17.0,40.0,47.0,True
1100,2,20.0,66.0,50.0,76.0,True
1101,2,16.0,33.0,46.0,43.0,True
1101,2,26.0,101.0,36.0,131.0,True
1102,2,28.0,15.0,38.0,45.0,True
1102,2,18.0,142.0,48.0,152.0,True
1103,2,24.0,18.0,34.0,48.0,True
1103,2,14.0,145.0,44.0,155.0,True
1104,2,17.0,32.0,47.0,42.0,True
1104,2,144.0,22.0,154.0,52.0,True
1105,2,14.0,31.0,44.0,41.0,True
1105,2,180.0,99.0,190.0,129.0,True
1106,2,32.0,23.0,42.0,53.0,True
1106,2,178.0,111.0,208.0,121.0,True
1107,2,35.0,55.0,45.0,85.0,True
1107,2,64.0,104.0,94.0,114.0,True
1108,2,18.0,63.0,48.0,73.0,True
1108,2,106.0,92.0,116.0,122.0,True
1109,2,16.0,74.0,46.0,84.0,True
1109,2,143.0,64.0,153.0,94.0,True
1110,2,27.0,57.0,37.0,87.0,True
1110,2,134.0,145.0,164.0,155.0,True
1111,2,26.0,53.0,36.0,83.0,True
1111,2,172.0,141.0,202.0,151.0,True
1112,2,16.0,108.0,46.0,118.0,True
1112,2,65.0,20.0,75.0,50.0,True
1113,2,29.0,94.0,39.0,124.0,True
1113,2,58.0,65.0,88.0,75.0,True
1114,2,26.0,102.0,36.0,132.0,True
1114,2,55.0,112.0,85.0,122.0,True
1115,2,15.0,103.0,45.0,113.0,True
1115,2,64.0,171.0,74.0,201.0,True
1116,2,19.0,106.0,49.0,116.0,True
1116,2,107.0,96.0,117.0,126.0,True
1117,2,20.0,107.0,50.0,117.0,True
1117,2,147.0,136.0,157.0,166.0,True
1118,2,19.0,104.0,49.0,114.0,True
1118,2,185.0,16.0,195.0,46.0,True
1119,2,14.0,148.0,44.0,158.0,True
1119,2,24.0,177.0,34.0,207.0,True
1120,2,30.0,138.0,40.0,168.0,True
1120,2,59.0,31.0,89.0,41.0,True
1121,2,28.0,135.0,38.0,165.0,True
1121,2,57.0,67.0,87.0,77.0,True
1122,2,26.0,134.0,36.0,164.0,True
1122,2,55.0,144.0,85.0,154.0,True
1123,2,33.0,136.0,43.0,166.0,True
1123,2,62.0,146.0,92.0,156.0,True
1124,2,23.0,152.0,53.0,162.0,True
1124,2,111.0,103.0,121.0,133.0,True
1125,2,15.0,144.0,45.0,154.0,True
1125,2,103.0,134.0,113.0,164.0,True
1126,2,15.0,141.0,45.0,151.0,True
1126,2,142.0,14.0,152.0,44.0,True
1127,2,28.0,134.0,38.0,164.0,True
1127,2,135.0,27.0,165.0,37.0,True
1128,2,16.0,145.0,46.0,155.0,True
1128,2,143.0,96.0,153.0,126.0,True
1129,2,35.0,139.0,45.0,169.0,True
1129,2,181.0,71.0,211.0,81.0,True
1130,2,32.0,175.0,42.0,205.0,True
1130,2,61.0,146.0,91.0,156.0,True
1131,2,24.0,179.0,34.0,209.0,True
1131,2,170.0,72.0,200.0,82.0,True
1132,2,30.0,171.0,40.0,201.0,True
1132,2,176.0,64.0,206.0,74.0,True
1133,2,58.0,24.0,88.0,34.0,True
1133,2,68.0,92.0,78.0,122.0,True
1134,2,63.0,15.0,73.0,45.0,True
1134,2,53.0,103.0,83.0,113.0,True
1135,2,71.0,23.0,81.0,53.0,True
1135,2,61.0,150.0,91.0,160.0,True
1136,2,55.0,29.0,85.0,39.0,True
1136,2,65.0,136.0,75.0,166.0,True
1137,2,73.0,22.0,83.0,52.0,True
1137,2,63.0,149.0,93.0,159.0,True
1138,2,57.0,24.0,87.0,34.0,True
1138,2,106.0,14.0,116.0,44.0,True
1139,2,69.0,22.0,79.0,52.0,True
1139,2,98.0,149.0,128.0,159.0,True
1140,2,59.0,29.0,89.0,39.0,True
1140,2,147.0,97.0,157.0,127.0,True
1141,2,66.0,23.0,76.0,53.0,True
1141,2,173.0,33.0,203.0,43.0,True
1142,2,73.0,18.0,83.0,48.0,True
1142,2,180.0,184.0,210.0,194.0,True
1143,2,63.0,55.0,73.0,85.0,True
1143,2,53.0,143.0,83.0,153.0,True
1144,2,70.0,60.0,80.0,90.0,True
1144,2,60.0,148.0,90.0,158.0,True
1145,2,55.0,68.0,85.0,78.0,True
1145,2,104.0,19.0,114.0,49.0,True
1146,2,53.0,68.0,83.0,78.0,True
1146,2,102.0,97.0,112.0,127.0,True
1147,2,59.0,74.0,89.0,84.0,True
1147,2,108.0,142.0,118.0,172.0,True
1148,2,71.0,60.0,81.0,90.0,True
1148,2,139.0,70.0,169.0,80.0,True
1149,2,61.0,67.0,91.0,77.0,True
1149,2,188.0,96.0,198.0,126.0,True
1150,2,70.0,96.0,80.0,126.0,True
1150,2,60.0,184.0,90.0,194.0,True
1151,2,72.0,98.0,82.0,128.0,True
1151,2,101.0,30.0,131.0,40.0,True
1152,2,65.0,95.0,75.0,125.0,True
1152,2,94.0,183.0,124.0,193.0,True
1153,2,73.0,93.0,83.0,123.0,True
1153,2,141.0,25.0,171.0,35.0,True
1154,2,63.0,106.0,93.0,116.0,True
1154,2,190.0,18.0,200.0,48.0,True
1155,2,54.0,108.0,84.0,118.0,True
1155,2,181.0,137.0,191.0,167.0,True
1156,2,72.0,98.0,82.0,128.0,True
1156,2,179.0,147.0,209.0,157.0,True
1157,2,65.0,95.0,75.0,125.0,True
1157,2,172.0,144.0,202.0,154.0,True
1158,2,53.0,143.0,83.0,153.0,True
1158,2,102.0,16.0,112.0,46.0,True
1159,2,64.0,133.0,74.0,163.0,True
1159,2,132.0,26.0,162.0,36.0,True
1160,2,56.0,150.0,86.0,160.0,True
1160,2,144.0,62.0,154.0,92.0,True
1161,2,65.0,142.0,75.0,172.0,True
1161,2,172.0,191.0,202.0,201.0,True
1162,2,65.0,176.0,75.0,206.0,True
1162,2,133.0,108.0,163.0,118.0,True
1163,2,70.0,181.0,80.0,211.0,True
1163,2,138.0,191.0,168.0,201.0,True
1164,2,72.0,175.0,82.0,205.0,True
1164,2,179.0,29.0,209.0,39.0,True
1165,2,108.0,23.0,118.0,53.0,True
1165,2,98.0,72.0,128.0,82.0,True
1166,2,98.0,32.0,128.0,42.0,True
1166,2,108.0,139.0,118.0,169.0,True
1167,2,109.0,21.0,119.0,51.0,True
1167,2,99.0,187.0,129.0,197.0,True
1168,2,100.0,35.0,130.0,45.0,True
1168,2,149.0,103.0,159.0,133.0,True
1169,2,112.0,14.0,122.0,44.0,True
1169,2,180.0,24.0,210.0,34.0,True
1170,2,111.0,24.0,121.0,54.0,True
1170,2,179.0,34.0,209.0,44.0,True
1171,2,98.0,26.0,128.0,36.0,True
1171,2,186.0,94.0,196.0,124.0,True
1172,2,100.0,72.0,130.0,82.0,True
1172,2,149.0,179.0,159.0,209.0,True
1173,2,105.0,103.0,115.0,133.0,True
1173,2,134.0,74.0,164.0,84.0,True
1174,2,95.0,110.0,125.0,120.0,True
1174,2,144.0,61.0,154.0,91.0,True
1175,2,97.0,106.0,127.0,116.0,True
1175,2,146.0,96.0,156.0,126.0,True
1176,2,108.0,96.0,118.0,126.0,True
1176,2,137.0,145.0,167.0,155.0,True
1177,2,100.0,142.0,130.0,152.0,True
1177,2,149.0,132.0,159.0,162.0,True
1178,2,105.0,136.0,115.0,166.0,True
1178,2,173.0,68.0,203.0,78.0,True
1179,2,107.0,173.0,117.0,203.0,True
1179,2,136.0,27.0,166.0,37.0,True
1180,2,102.0,173.0,112.0,203.0,True
1180,2,131.0,105.0,161.0,115.0,True
1181,2,105.0,170.0,115.0,200.0,True
1181,2,134.0,102.0,164.0,112.0,True
1182,2,99.0,181.0,129.0,191.0,True
1182,2,148.0,132.0,158.0,162.0,True
1183,2,100.0,181.0,130.0,191.0,True
1183,2,188.0,15.0,198.0,45.0,True
1184,2,152.0,24.0,162.0,54.0,True
1184,2,142.0,151.0,172.0,161.0,True
1185,2,148.0,21.0,158.0,51.0,True
1185,2,177.0,31.0,207.0,41.0,True
1186,2,146.0,53.0,156.0,83.0,True
1186,2,136.0,102.0,166.0,112.0,True
1187,2,148.0,63.0,158.0,93.0,True
1187,2,138.0,151.0,168.0,161.0,True
1188,2,140.0,66.0,170.0,76.0,True
1188,2,150.0,173.0,160.0,203.0,True
1189,2,150.0,55.0,160.0,85.0,True
1189,2,179.0,65.0,209.0,75.0,True
1190,2,136.0,107.0,166.0,117.0,True
1190,2,185.0,19.0,195.0,49.0,True
1191,2,134.0,106.0,164.0,116.0,True
1191,2,183.0,174.0,193.0,204.0,True
1192,2,137.0,180.0,167.0,190.0,True
1192,2,186.0,131.0,196.0,161.0,True
1193,2,131.0,186.0,161.0,196.0,True
1193,2,180.0,137.0,190.0,167.0,True
1194,2,172.0,26.0,202.0,36.0,True
1194,2,182.0,55.0,192.0,85.0,True
1195,2,188.0,16.0,198.0,46.0,True
1195,2,178.0,104.0,208.0,114.0,True
1196,2,170.0,72.0,200.0,82.0,True
1196,2,180.0,101.0,190.0,131.0,True
1197,2,184.0,57.0,194.0,87.0,True
1197,2,174.0,184.0,204.0,194.0,True
1198,2,181.0,140.0,191.0,170.0,True
1198,2,171.0,189.0,201.0,199.0,True
1199,2,187.0,134.0,197.0,164.0,True
1199,2,177.0,183.0,207.0,193.0,True
1200,2,20.0,32.0,50.0,42.0,True
1200,2,20.0,188.0,50.0,198.0,True
1200,2,108.0,100.0,118.0,130.0,True
1201,2,33.0,55.0,43.0,85.0,True
1201,2,72.0,133.0,82.0,163.0,True
1201,2,62.0,182.0,92.0,192.0,True
1202,2,19.0,24.0,49.0,34.0,True
1202,2,68.0,170.0,78.0,200.0,True
1202,2,97.0,24.0,127.0,34.0,True
1203,2,34.0,22.0,44.0,52.0,True
1203,2,24.0,110.0,54.0,120.0,True
1203,2,63.0,110.0,93.0,120.0,True
1204,2,14.0,25.0,44.0,35.0,True
1204,2,24.0,93.0,34.0,123.0,True
1204,2,63.0,171.0,73.0,201.0,True
1205,2,22.0,147.0,52.0,157.0,True
1205,2,61.0,69.0,91.0,79.0,True
1205,2,149.0,98.0,159.0,128.0,True
1206,2,24.0,151.0,54.0,161.0,True
1206,2,63.0,151.0,93.0,161.0,True
1206,2,112.0,180.0,122.0,210.0,True
1207,2,20.0,33.0,50.0,43.0,True
1207,2,147.0,179.0,157.0,209.0,True
1207,2,176.0,189.0,206.0,199.0,True
1208,2,23.0,35.0,53.0,45.0,True
1208,2,23.0,191.0,53.0,201.0,True
1208,2,72.0,25.0,82.0,55.0,True
1209,2,31.0,171.0,41.0,201.0,True
1209,2,99.0,25.0,129.0,35.0,True
1209,2,138.0,142.0,168.0,152.0,True
1210,2,27.0,24.0,37.0,54.0,True
1210,2,95.0,112.0,125.0,122.0,True
1210,2,95.0,190.0,125.0,200.0,True
1211,2,14.0,28.0,44.0,38.0,True
1211,2,102.0,135.0,112.0,165.0,True
1211,2,170.0,184.0,200.0,194.0,True
1212,2,25.0,28.0,55.0,38.0,True
1212,2,74.0,174.0,84.0,204.0,True
1212,2,181.0,28.0,211.0,38.0,True
1213,2,15.0,35.0,45.0,45.0,True
1213,2,64.0,181.0,74.0,211.0,True
1213,2,171.0,191.0,201.0,201.0,True
1214,2,22.0,32.0,52.0,42.0,True
1214,2,110.0,178.0,120.0,208.0,True
1214,2,188.0,22.0,198.0,52.0,True
1215,2,65.0,137.0,75.0,167.0,True
1215,2,133.0,69.0,163.0,79.0,True
1215,2,133.0,108.0,163.0,118.0,True
1216,2,67.0,171.0,77.0,201.0,True
1216,2,135.0,64.0,165.0,74.0,True
1216,2,145.0,132.0,155.0,162.0,True
1217,2,27.0,25.0,37.0,55.0,True
1217,2,105.0,25.0,115.0,55.0,True
1217,2,173.0,35.0,203.0,45.0,True
1218,2,143.0,63.0,153.0,93.0,True
1218,2,133.0,151.0,163.0,161.0,True
1218,2,172.0,73.0,202.0,83.0,True
1219,2,138.0,65.0,168.0,75.0,True
1219,2,177.0,65.0,207.0,75.0,True
1219,2,187.0,172.0,197.0,202.0,True
1220,2,25.0,93.0,35.0,123.0,True
1220,2,15.0,181.0,45.0,191.0,True
1220,2,93.0,25.0,123.0,35.0,True
1221,2,25.0,71.0,55.0,81.0,True
1221,2,64.0,71.0,94.0,81.0,True
1221,2,113.0,139.0,123.0,169.0,True
1222,2,22.0,108.0,52.0,118.0,True
1222,2,178.0,69.0,208.0,79.0,True
1222,2,188.0,176.0,198.0,206.0,True
1223,2,33.0,64.0,43.0,94.0,True
1223,2,23.0,152.0,53.0,162.0,True
1223,2,140.0,35.0,170.0,45.0,True
1224,2,17.0,71.0,47.0,81.0,True
1224,2,66.0,178.0,76.0,208.0,True
1224,2,134.0,188.0,164.0,198.0,True
1225,2,30.0,60.0,40.0,90.0,True
1225,2,20.0,148.0,50.0,158.0,True
1225,2,176.0,109.0,206.0,119.0,True
1226,2,28.0,58.0,38.0,88.0,True
1226,2,57.0,29.0,87.0,39.0,True
1226,2,57.0,146.0,87.0,156.0,True
1227,2,23.0,73.0,53.0,83.0,True
1227,2,62.0,34.0,92.0,44.0,True
1227,2,111.0,24.0,121.0,54.0,True
1228,2,74.0,24.0,84.0,54.0,True
1228,2,142.0,34.0,172.0,44.0,True
1228,2,152.0,141.0,162.0,171.0,True
1229,2,53.0,69.0,83.0,79.0,True
1229,2,102.0,176.0,112.0,206.0,True
1229,2,131.0,108.0,161.0,118.0,True
1230,2,17.0,68.0,47.0,78.0,True
1230,2,66.0,97.0,76.0,127.0,True
1230,2,105.0,58.0,115.0,88.0,True
1231,2,34.0,53.0,44.0,83.0,True
1231,2,63.0,102.0,93.0,112.0,True
1231,2,151.0,14.0,161.0,44.0,True
1232,2,25.0,71.0,55.0,81.0,True
1232,2,142.0,149.0,172.0,159.0,True
1232,2,191.0,22.0,201.0,52.0,True
1233,2,31.0,59.0,41.0,89.0,True
1233,2,99.0,186.0,129.0,196.0,True
1233,2,138.0,186.0,168.0,196.0,True
1234,2,29.0,61.0,39.0,91.0,True
1234,2,146.0,139.0,156.0,169.0,True
1234,2,175.0,110.0,205.0,120.0,True
1235,2,21.0,72.0,51.0,82.0,True
1235,2,148.0,62.0,158.0,92.0,True
1235,2,177.0,72.0,207.0,82.0,True
1236,2,140.0,66.0,170.0,76.0,True
1236,2,150.0,134.0,160.0,164.0,True
1236,2,150.0,173.0,160.0,203.0,True
1237,2,35.0,60.0,45.0,90.0,True
1237,2,142.0,187.0,172.0,197.0,True
1237,2,181.0,109.0,211.0,119.0,True
1238,2,21.0,105.0,51.0,115.0,True
1238,2,21.0,144.0,51.0,154.0,True
1238,2,148.0,17.0,158.0,47.0,True
1239,2,21.0,111.0,51.0,121.0,True
1239,2,31.0,179.0,41.0,209.0,True
1239,2,60.0,33.0,90.0,43.0,True
1240,2,62.0,70.0,92.0,80.0,True
1240,2,72.0,138.0,82.0,168.0,True
1240,2,140.0,70.0,170.0,80.0,True
1241,2,24.0,102.0,34.0,132.0,True
1241,2,131.0,73.0,161.0,83.0,True
1241,2,180.0,24.0,190.0,54.0,True
1242,2,23.0,110.0,53.0,120.0,True
1242,2,62.0,188.0,92.0,198.0,True
1242,2,189.0,100.0,199.0,130.0,True
1243,2,14.0,103.0,44.0,113.0,True
1243,2,92.0,64.0,122.0,74.0,True
1243,2,180.0,54.0,190.0,84.0,True
1244,2,19.0,107.0,49.0,117.0,True
1244,2,107.0,97.0,117.0,127.0,True
1244,2,175.0,185.0,205.0,195.0,True
1245,2,104.0,139.0,114.0,169.0,True
1245,2,133.0,32.0,163.0,42.0,True
1245,2,133.0,149.0,163.0,159.0,True
1246,2,17.0,112.0,47.0,122.0,True
1246,2,144.0,141.0,154.0,171.0,True
1246,2,144.0,180.0,154.0,210.0,True
1247,2,146.0,179.0,156.0,209.0,True
1247,2,175.0,111.0,205.0,121.0,True
1247,2,175.0,150.0,205.0,160.0,True
1248,2,23.0,146.0,53.0,156.0,True
1248,2,72.0,19.0,82.0,49.0,True
1248,2,101.0,68.0,131.0,78.0,True
1249,2,27.0,137.0,37.0,167.0,True
1249,2,56.0,108.0,86.0,118.0,True
1249,2,66.0,176.0,76.0,206.0,True
1250,2,17.0,152.0,47.0,162.0,True
1250,2,56.0,74.0,86.0,84.0,True
1250,2,105.0,103.0,115.0,133.0,True
1251,2,63.0,63.0,93.0,73.0,True
1251,2,112.0,92.0,122.0,122.0,True
1251,2,180.0,180.0,210.0,190.0,True
1252,2,33.0,139.0,43.0,169.0,True
1252,2,72.0,61.0,82.0,91.0,True
1252,2,140.0,32.0,170.0,42.0,True
1253,2,20.0,145.0,50.0,155.0,True
1253,2,59.0,184.0,89.0,194.0,True
1253,2,108.0,135.0,118.0,165.0,True
1254,2,22.0,148.0,52.0,158.0,True
1254,2,149.0,60.0,159.0,90.0,True
1254,2,178.0,70.0,208.0,80.0,True
1255,2,16.0,183.0,46.0,193.0,True
1255,2,65.0,17.0,75.0,47.0,True
1255,2,104.0,173.0,114.0,203.0,True
1256,2,24.0,173.0,34.0,203.0,True
1256,2,63.0,56.0,73.0,86.0,True
1256,2,170.0,66.0,200.0,76.0,True
1257,2,28.0,177.0,38.0,207.0,True
1257,2,57.0,109.0,87.0,119.0,True
1257,2,135.0,70.0,165.0,80.0,True
1258,2,27.0,178.0,37.0,208.0,True
1258,2,173.0,32.0,203.0,42.0,True
1258,2,183.0,61.0,193.0,91.0,True
1259,2,24.0,181.0,54.0,191.0,True
1259,2,112.0,15.0,122.0,45.0,True
1259,2,190.0,15.0,200.0,45.0,True
1260,2,30.0,175.0,40.0,205.0,True
1260,2,147.0,97.0,157.0,127.0,True
1260,2,137.0,185.0,167.0,195.0,True
1261,2,14.0,188.0,44.0,198.0,True
1261,2,102.0,178.0,112.0,208.0,True
1261,2,141.0,178.0,151.0,208.0,True
1262,2,71.0,17.0,81.0,47.0,True
1262,2,61.0,105.0,91.0,115.0,True
1262,2,100.0,27.0,130.0,37.0,True
1263,2,74.0,24.0,84.0,54.0,True
1263,2,103.0,190.0,133.0,200.0,True
1263,2,181.0,112.0,211.0,122.0,True
1264,2,54.0,107.0,84.0,117.0,True
1264,2,142.0,175.0,152.0,205.0,True
1264,2,181.0,19.0,191.0,49.0,True
1265,2,57.0,33.0,87.0,43.0,True
1265,2,67.0,179.0,77.0,209.0,True
1265,2,96.0,111.0,126.0,121.0,True
1266,2,63.0,19.0,73.0,49.0,True
1266,2,53.0,185.0,83.0,195.0,True
1266,2,180.0,136.0,190.0,166.0,True
1267,2,66.0,16.0,76.0,46.0,True
1267,2,56.0,182.0,86.0,192.0,True
1267,2,144.0,94.0,154.0,124.0,True
1268,2,72.0,23.0,82.0,53.0,True
1268,2,72.0,179.0,82.0,209.0,True
1268,2,179.0,72.0,209.0,82.0,True
1269,2,65.0,14.0,75.0,44.0,True
1269,2,94.0,24.0,124.0,34.0,True
1269,2,182.0,53.0,192.0,83.0,True
1270,2,104.0,16.0,114.0,46.0,True
1270,2,94.0,143.0,124.0,153.0,True
1270,2,94.0,182.0,124.0,192.0,True
1271,2,67.0,22.0,77.0,52.0,True
1271,2,106.0,22.0,116.0,52.0,True
1271,2,96.0,188.0,126.0,198.0,True
1272,2,68.0,20.0,78.0,50.0,True
1272,2,97.0,108.0,127.0,118.0,True
1272,2,175.0,147.0,205.0,157.0,True
1273,2,99.0,187.0,129.0,197.0,True
1273,2,148.0,60.0,158.0,90.0,True
1273,2,187.0,99.0,197.0,129.0,True
1274,2,64.0,20.0,74.0,50.0,True
1274,2,93.0,186.0,123.0,196.0,True
1274,2,132.0,108.0,162.0,118.0,True
1275,2,65.0,16.0,75.0,46.0,True
1275,2,143.0,172.0,153.0,202.0,True
1275,2,172.0,26.0,202.0,36.0,True
1276,2,72.0,63.0,82.0,93.0,True
1276,2,62.0,112.0,92.0,122.0,True
1276,2,150.0,141.0,160.0,171.0,True
1277,2,68.0,56.0,78.0,86.0,True
1277,2,58.0,144.0,88.0,154.0,True
1277,2,185.0,173.0,195.0,203.0,True
1278,2,59.0,148.0,89.0,158.0,True
1278,2,137.0,187.0,167.0,197.0,True
1278,2,186.0,21.0,196.0,51.0,True
1279,2,60.0,72.0,90.0,82.0,True
1279,2,70.0,179.0,80.0,209.0,True
1279,2,109.0,179.0,119.0,209.0,True
1280,2,56.0,67.0,86.0,77.0,True
1280,2,95.0,145.0,125.0,155.0,True
1280,2,144.0,174.0,154.0,204.0,True
1281,2,57.0,106.0,87.0,116.0,True
1281,2,67.0,174.0,77.0,204.0,True
1281,2,135.0,28.0,165.0,38.0,True
1282,2,54.0,113.0,84.0,123.0,True
1282,2,64.0,181.0,74.0,211.0,True
1282,2,93.0,191.0,123.0,201.0,True
1283,2,58.0,105.0,88.0,115.0,True
1283,2,146.0,56.0,156.0,86.0,True
1283,2,185.0,95.0,195.0,125.0,True
1284,2,105.0,24.0,115.0,54.0,True
1284,2,173.0,34.0,203.0,44.0,True
1284,2,173.0,151.0,203.0,161.0,True
1285,2,54.0,113.0,84.0,123.0,True
1285,2,181.0,64.0,191.0,94.0,True
1285,2,171.0,113.0,201.0,123.0,True
1286,2,58.0,102.0,88.0,112.0,True
1286,2,146.0,14.0,156.0,44.0,True
1286,2,185.0,92.0,195.0,122.0,True
1287,2,63.0,103.0,73.0,133.0,True
1287,2,180.0,64.0,190.0,94.0,True
1287,2,170.0,191.0,200.0,201.0,True
1288,2,71.0,141.0,81.0,171.0,True
1288,2,100.0,34.0,130.0,44.0,True
1288,2,110.0,63.0,120.0,93.0,True
1289,2,59.0,151.0,89.0,161.0,True
1289,2,108.0,24.0,118.0,54.0,True
1289,2,98.0,112.0,128.0,122.0,True
1290,2,63.0,132.0,73.0,162.0,True
1290,2,92.0,103.0,122.0,113.0,True
1290,2,131.0,181.0,161.0,191.0,True
1291,2,56.0,149.0,86.0,159.0,True
1291,2,105.0,139.0,115.0,169.0,True
1291,2,105.0,178.0,115.0,208.0,True
1292,2,63.0,133.0,73.0,163.0,True
1292,2,92.0,182.0,122.0,192.0,True
1292,2,141.0,55.0,151.0,85.0,True
1293,2,55.0,147.0,85.0,157.0,True
1293,2,143.0,59.0,153.0,89.0,True
1293,2,143.0,176.0,153.0,206.0,True
1294,2,70.0,181.0,80.0,211.0,True
1294,2,99.0,35.0,129.0,45.0,True
1294,2,177.0,35.0,207.0,45.0,True
1295,2,102.0,33.0,132.0,43.0,True
1295,2,102.0,111.0,132.0,121.0,True
1295,2,190.0,101.0,200.0,131.0,True
1296,2,109.0,61.0,119.0,91.0,True
1296,2,138.0,110.0,168.0,120.0,True
1296,2,187.0,139.0,197.0,169.0,True
1297,2,112.0,62.0,122.0,92.0,True
1297,2,141.0,72.0,171.0,82.0,True
1297,2,190.0,140.0,200.0,170.0,True
1298,2,147.0,100.0,157.0,130.0,True
1298,2,176.0,149.0,206.0,159.0,True
1298,2,186.0,178.0,196.0,208.0,True
1299,2,108.0,173.0,118.0,203.0,True
1299,2,137.0,144.0,167.0,154.0,True
1299,2,186.0,173.0,196.0,203.0,True
1300,2,31.0,15.0,41.0,45.0,True
1300,2,21.0,64.0,51.0,74.0,True
1300,2,21.0,142.0,51.0,152.0,True
1300,2,187.0,15.0,197.0,45.0,True
1301,2,34.0,17.0,44.0,47.0,True
1301,2,34.0,56.0,44.0,86.0,True
1301,2,102.0,27.0,132.0,37.0,True
1301,2,141.0,105.0,171.0,115.0,True
1302,2,29.0,14.0,39.0,44.0,True
1302,2,19.0,102.0,49.0,112.0,True
1302,2,19.0,180.0,49.0,190.0,True
1302,2,146.0,14.0,156.0,44.0,True
1303,2,31.0,17.0,41.0,47.0,True
1303,2,31.0,134.0,41.0,164.0,True
1303,2,99.0,183.0,129.0,193.0,True
1303,2,177.0,183.0,207.0,193.0,True
1304,2,32.0,22.0,42.0,52.0,True
1304,2,22.0,188.0,52.0,198.0,True
1304,2,71.0,100.0,81.0,130.0,True
1304,2,178.0,149.0,208.0,159.0,True
1305,2,29.0,14.0,39.0,44.0,True
1305,2,29.0,170.0,39.0,200.0,True
1305,2,97.0,180.0,127.0,190.0,True
1305,2,136.0,63.0,166.0,73.0,True
1306,2,35.0,23.0,45.0,53.0,True
1306,2,74.0,23.0,84.0,53.0,True
1306,2,103.0,189.0,133.0,199.0,True
1306,2,181.0,189.0,211.0,199.0,True
1307,2,35.0,21.0,45.0,51.0,True
1307,2,64.0,109.0,94.0,119.0,True
1307,2,142.0,109.0,172.0,119.0,True
1307,2,191.0,60.0,201.0,90.0,True
1308,2,23.0,28.0,53.0,38.0,True
1308,2,62.0,145.0,92.0,155.0,True
1308,2,150.0,96.0,160.0,126.0,True
1308,2,189.0,57.0,199.0,87.0,True
1309,2,14.0,32.0,44.0,42.0,True
1309,2,102.0,100.0,112.0,130.0,True
1309,2,131.0,71.0,161.0,81.0,True
1309,2,180.0,178.0,190.0,208.0,True
1310,2,27.0,20.0,37.0,50.0,True
1310,2,95.0,108.0,125.0,118.0,True
1310,2,144.0,98.0,154.0,128.0,True
1310,2,173.0,69.0,203.0,79.0,True
1311,2,29.0,25.0,39.0,55.0,True
1311,2,146.0,181.0,156.0,211.0,True
1311,2,175.0,74.0,205.0,84.0,True
1311,2,175.0,191.0,205.0,201.0,True
1312,2,32.0,61.0,42.0,91.0,True
1312,2,22.0,149.0,52.0,159.0,True
1312,2,22.0,188.0,52.0,198.0,True
1312,2,110.0,100.0,120.0,130.0,True
1313,2,23.0,73.0,53.0,83.0,True
1313,2,33.0,141.0,43.0,171.0,True
1313,2,62.0,34.0,92.0,44.0,True
1313,2,72.0,141.0,82.0,171.0,True
1314,2,25.0,64.0,35.0,94.0,True
1314,2,15.0,152.0,45.0,162.0,True
1314,2,54.0,74.0,84.0,84.0,True
1314,2,103.0,181.0,113.0,211.0,True
1315,2,25.0,53.0,35.0,83.0,True
1315,2,15.0,141.0,45.0,151.0,True
1315,2,54.0,102.0,84.0,112.0,True
1315,2,142.0,131.0,152.0,161.0,True
1316,2,24.0,59.0,34.0,89.0,True
1316,2,24.0,137.0,34.0,167.0,True
1316,2,92.0,69.0,122.0,79.0,True
1316,2,170.0,108.0,200.0,118.0,True
1317,2,33.0,53.0,43.0,83.0,True
1317,2,23.0,141.0,53.0,151.0,True
1317,2,101.0,180.0,131.0,190.0,True
1317,2,150.0,131.0,160.0,161.0,True
1318,2,32.0,60.0,42.0,90.0,True
1318,2,71.0,60.0,81.0,90.0,True
1318,2,139.0,31.0,169.0,41.0,True
1318,2,139.0,187.0,169.0,197.0,True
1319,2,17.0,66.0,47.0,76.0,True
1319,2,66.0,95.0,76.0,125.0,True
1319,2,144.0,56.0,154.0,86.0,True
1319,2,173.0,144.0,203.0,154.0,True
1320,2,15.0,65.0,45.0,75.0,True
1320,2,64.0,133.0,74.0,163.0,True
1320,2,103.0,172.0,113.0,202.0,True
1320,2,171.0,143.0,201.0,153.0,True
1321,2,22.0,69.0,52.0,79.0,True
1321,2,71.0,176.0,81.0,206.0,True
1321,2,100.0,108.0,130.0,118.0,True
1321,2,110.0,137.0,120.0,167.0,True
1322,2,34.0,62.0,44.0,92.0,True
1322,2,102.0,72.0,132.0,82.0,True
1322,2,112.0,140.0,122.0,170.0,True
1322,2,180.0,72.0,210.0,82.0,True
1323,2,23.0,65.0,53.0,75.0,True
1323,2,101.0,65.0,131.0,75.0,True
1323,2,150.0,133.0,160.0,163.0,True
1323,2,189.0,55.0,199.0,85.0,True
1324,2,14.0,106.0,44.0,116.0,True
1324,2,24.0,135.0,34.0,165.0,True
1324,2,63.0,135.0,73.0,165.0,True
1324,2,92.0,106.0,122.0,116.0,True
1325,2,14.0,105.0,44.0,115.0,True
1325,2,24.0,173.0,34.0,203.0,True
1325,2,131.0,27.0,161.0,37.0,True
1325,2,141.0,173.0,151.0,203.0,True
1326,2,17.0,110.0,47.0,120.0,True
1326,2,66.0,22.0,76.0,52.0,True
1326,2,95.0,110.0,125.0,120.0,True
1326,2,183.0,100.0,193.0,130.0,True
1327,2,27.0,100.0,37.0,130.0,True
1327,2,66.0,61.0,76.0,91.0,True
1327,2,134.0,32.0,164.0,42.0,True
1327,2,173.0,71.0,203.0,81.0,True
1328,2,23.0,109.0,53.0,119.0,True
1328,2,62.0,109.0,92.0,119.0,True
1328,2,111.0,99.0,121.0,129.0,True
1328,2,189.0,21.0,199.0,51.0,True
1329,2,32.0,92.0,42.0,122.0,True
1329,2,71.0,92.0,81.0,122.0,True
1329,2,139.0,24.0,169.0,34.0,True
1329,2,178.0,141.0,208.0,151.0,True
1330,2,15.0,108.0,45.0,118.0,True
1330,2,64.0,137.0,74.0,167.0,True
1330,2,93.0,30.0,123.0,40.0,True
1330,2,181.0,176.0,191.0,206.0,True
1331,2,29.0,92.0,39.0,122.0,True
1331,2,58.0,141.0,88.0,151.0,True
1331,2,97.0,102.0,127.0,112.0,True
1331,2,185.0,14.0,195.0,44.0,True
1332,2,29.0,93.0,39.0,123.0,True
1332,2,68.0,171.0,78.0,201.0,True
1332,2,136.0,142.0,166.0,152.0,True
1332,2,175.0,25.0,205.0,35.0,True
1333,2,16.0,113.0,46.0,123.0,True
1333,2,104.0,25.0,114.0,55.0,True
1333,2,104.0,142.0,114.0,172.0,True
1333,2,172.0,191.0,202.0,201.0,True
1334,2,25.0,110.0,55.0,120.0,True
1334,2,113.0,22.0,123.0,52.0,True
1334,2,152.0,22.0,162.0,52.0,True
1334,2,142.0,110.0,172.0,120.0,True
1335,2,24.0,94.0,34.0,124.0,True
1335,2,102.0,16.0,112.0,46.0,True
1335,2,170.0,65.0,200.0,75.0,True
1335,2,170.0,143.0,200.0,153.0,True
1336,2,27.0,93.0,37.0,123.0,True
1336,2,95.0,64.0,125.0,74.0,True
1336,2,173.0,142.0,203.0,152.0,True
1336,2,183.0,171.0,193.0,201.0,True
1337,2,31.0,137.0,41.0,167.0,True
1337,2,31.0,176.0,41.0,206.0,True
1337,2,60.0,30.0,90.0,40.0,True
1337,2,177.0,69.0,207.0,79.0,True
1338,2,31.0,132.0,41.0,162.0,True
1338,2,31.0,171.0,41.0,201.0,True
1338,2,60.0,103.0,90.0,113.0,True
1338,2,177.0,25.0,207.0,35.0,True
1339,2,19.0,149.0,49.0,159.0,True
1339,2,19.0,188.0,49.0,198.0,True
1339,2,107.0,61.0,117.0,91.0,True
1339,2,185.0,139.0,195.0,169.0,True
1340,2,24.0,140.0,34.0,170.0,True
1340,2,14.0,189.0,44.0,199.0,True
1340,2,170.0,111.0,200.0,121.0,True
1340,2,180.0,179.0,190.0,209.0,True
1341,2,26.0,133.0,36.0,163.0,True
1341,2,55.0,26.0,85.0,36.0,True
1341,2,65.0,172.0,75.0,202.0,True
1341,2,133.0,65.0,163.0,75.0,True
1342,2,32.0,140.0,42.0,170.0,True
1342,2,61.0,72.0,91.0,82.0,True
1342,2,110.0,101.0,120.0,131.0,True
1342,2,178.0,72.0,208.0,82.0,True
1343,2,28.0,137.0,38.0,167.0,True
1343,2,57.0,186.0,87.0,196.0,True
1343,2,96.0,147.0,126.0,157.0,True
1343,2,184.0,176.0,194.0,206.0,True
1344,2,14.0,141.0,44.0,151.0,True
1344,2,53.0,180.0,83.0,190.0,True
1344,2,141.0,14.0,151.0,44.0,True
1344,2,141.0,131.0,151.0,161.0,True
1345,2,22.0,149.0,52.0,159.0,True
1345,2,71.0,178.0,81.0,208.0,True
1345,2,188.0,22.0,198.0,52.0,True
1345,2,178.0,110.0,208.0,120.0,True
1346,2,35.0,142.0,45.0,172.0,True
1346,2,103.0,152.0,133.0,162.0,True
1346,2,103.0,191.0,133.0,201.0,True
1346,2,152.0,25.0,162.0,55.0,True
1347,2,20.0,150.0,50.0,160.0,True
1347,2,108.0,140.0,118.0,170.0,True
1347,2,108.0,179.0,118.0,209.0,True
1347,2,137.0,72.0,167.0,82.0,True
1348,2,24.0,141.0,54.0,151.0,True
1348,2,141.0,24.0,171.0,34.0,True
1348,2,151.0,170.0,161.0,200.0,True
1348,2,190.0,53.0,200.0,83.0,True
1349,2,18.0,142.0,48.0,152.0,True
1349,2,145.0,93.0,155.0,123.0,True
1349,2,174.0,25.0,204.0,35.0,True
1349,2,184.0,93.0,194.0,123.0,True
1350,2,25.0,188.0,55.0,198.0,True
1350,2,74.0,22.0,84.0,52.0,True
1350,2,142.0,188.0,172.0,198.0,True
1350,2,191.0,100.0,201.0,130.0,True
1351,2,29.0,170.0,39.0,200.0,True
1351,2,68.0,170.0,78.0,200.0,True
1351,2,97.0,63.0,127.0,73.0,True
1351,2,136.0,141.0,166.0,151.0,True
1352,2,24.0,180.0,54.0,190.0,True
1352,2,112.0,14.0,122.0,44.0,True
1352,2,190.0,53.0,200.0,83.0,True
1352,2,180.0,102.0,210.0,112.0,True
1353,2,22.0,190.0,52.0,200.0,True
1353,2,139.0,151.0,169.0,161.0,True
1353,2,188.0,24.0,198.0,54.0,True
1353,2,188.0,102.0,198.0,132.0,True
1354,2,67.0,16.0,77.0,46.0,True
1354,2,67.0,55.0,77.0,85.0,True
1354,2,174.0,26.0,204.0,36.0,True
1354,2,174.0,182.0,204.0,192.0,True
1355,2,64.0,25.0,94.0,35.0,True
1355,2,74.0,93.0,84.0,123.0,True
1355,2,103.0,25.0,133.0,35.0,True
1355,2,191.0,132.0,201.0,162.0,True
1356,2,63.0,32.0,93.0,42.0,True
1356,2,73.0,100.0,83.0,130.0,True
1356,2,102.0,110.0,132.0,120.0,True
1356,2,151.0,100.0,161.0,130.0,True
1357,2,63.0,33.0,93.0,43.0,True
1357,2,73.0,140.0,83.0,170.0,True
1357,2,73.0,179.0,83.0,209.0,True
1357,2,102.0,189.0,132.0,199.0,True
1358,2,64.0,30.0,94.0,40.0,True
1358,2,74.0,137.0,84.0,167.0,True
1358,2,113.0,20.0,123.0,50.0,True
1358,2,142.0,69.0,172.0,79.0,True
1359,2,59.0,28.0,89.0,38.0,True
1359,2,69.0,174.0,79.0,204.0,True
1359,2,147.0,57.0,157.0,87.0,True
1359,2,137.0,145.0,167.0,155.0,True
1360,2,64.0,18.0,74.0,48.0,True
1360,2,54.0,184.0,84.0,194.0,True
1360,2,142.0,96.0,152.0,126.0,True
1360,2,171.0,145.0,201.0,155.0,True
1361,2,53.0,28.0,83.0,38.0,True
1361,2,102.0,135.0,112.0,165.0,True
1361,2,131.0,145.0,161.0,155.0,True
1361,2,180.0,96.0,190.0,126.0,True
1362,2,58.0,24.0,88.0,34.0,True
1362,2,107.0,170.0,117.0,200.0,True
1362,2,136.0,24.0,166.0,34.0,True
1362,2,146.0,170.0,156.0,200.0,True
1363,2,55.0,27.0,85.0,37.0,True
1363,2,143.0,134.0,153.0,164.0,True
1363,2,133.0,183.0,163.0,193.0,True
1363,2,182.0,134.0,192.0,164.0,True
1364,2,72.0,59.0,82.0,89.0,True
1364,2,62.0,108.0,92.0,118.0,True
1364,2,101.0,186.0,131.0,196.0,True
1364,2,150.0,59.0,160.0,89.0,True
1365,2,66.0,57.0,76.0,87.0,True
1365,2,66.0,135.0,76.0,165.0,True
1365,2,134.0,67.0,164.0,77.0,True
1365,2,134.0,145.0,164.0,155.0,True
1366,2,69.0,58.0,79.0,88.0,True
1366,2,69.0,175.0,79.0,205.0,True
1366,2,98.0,68.0,128.0,78.0,True
1366,2,176.0,107.0,206.0,117.0,True
1367,2,72.0,56.0,82.0,86.0,True
1367,2,62.0,183.0,92.0,193.0,True
1367,2,150.0,17.0,160.0,47.0,True
1367,2,140.0,144.0,170.0,154.0,True
1368,2,59.0,70.0,89.0,80.0,True
1368,2,108.0,177.0,118.0,207.0,True
1368,2,137.0,31.0,167.0,41.0,True
1368,2,147.0,99.0,157.0,129.0,True
1369,2,59.0,71.0,89.0,81.0,True
1369,2,137.0,71.0,167.0,81.0,True
1369,2,147.0,178.0,157.0,208.0,True
1369,2,186.0,139.0,196.0,169.0,True
1370,2,66.0,58.0,76.0,88.0,True
1370,2,134.0,185.0,164.0,195.0,True
1370,2,173.0,68.0,203.0,78.0,True
1370,2,183.0,136.0,193.0,166.0,True
1371,2,61.0,107.0,91.0,117.0,True
1371,2,61.0,146.0,91.0,156.0,True
1371,2,149.0,58.0,159.0,88.0,True
1371,2,149.0,175.0,159.0,205.0,True
1372,2,57.0,106.0,87.0,116.0,True
1372,2,57.0,184.0,87.0,194.0,True
1372,2,106.0,96.0,116.0,126.0,True
1372,2,145.0,18.0,155.0,48.0,True
1373,2,73.0,94.0,83.0,124.0,True
1373,2,102.0,26.0,132.0,36.0,True
1373,2,151.0,55.0,161.0,85.0,True
1373,2,180.0,104.0,210.0,114.0,True
1374,2,57.0,112.0,87.0,122.0,True
1374,2,96.0,73.0,126.0,83.0,True
1374,2,145.0,24.0,155.0,54.0,True
1374,2,145.0,63.0,155.0,93.0,True
1375,2,64.0,107.0,94.0,117.0,True
1375,2,113.0,97.0,123.0,127.0,True
1375,2,152.0,19.0,162.0,49.0,True
1375,2,142.0,107.0,172.0,117.0,True
1376,2,56.0,102.0,86.0,112.0,True
1376,2,105.0,92.0,115.0,122.0,True
1376,2,173.0,102.0,203.0,112.0,True
1376,2,183.0,170.0,193.0,200.0,True
1377,2,60.0,147.0,90.0,157.0,True
1377,2,109.0,20.0,119.0,50.0,True
1377,2,148.0,59.0,158.0,89.0,True
1377,2,177.0,108.0,207.0,118.0,True
1378,2,57.0,145.0,87.0,155.0,True
1378,2,106.0,57.0,116.0,87.0,True
1378,2,145.0,57.0,155.0,87.0,True
1378,2,174.0,67.0,204.0,77.0,True
1379,2,60.0,149.0,90.0,159.0,True
1379,2,109.0,61.0,119.0,91.0,True
1379,2,187.0,22.0,197.0,52.0,True
1379,2,177.0,110.0,207.0,120.0,True
1380,2,69.0,133.0,79.0,163.0,True
1380,2,98.0,182.0,128.0,192.0,True
1380,2,176.0,26.0,206.0,36.0,True
1380,2,186.0,133.0,196.0,163.0,True
1381,2,61.0,149.0,91.0,159.0,True
1381,2,149.0,61.0,159.0,91.0,True
1381,2,149.0,100.0,159.0,130.0,True
1381,2,178.0,71.0,208.0,81.0,True
1382,2,63.0,190.0,93.0,200.0,True
1382,2,102.0,34.0,132.0,44.0,True
1382,2,190.0,24.0,200.0,54.0,True
1382,2,190.0,63.0,200.0,93.0,True
1383,2,55.0,191.0,85.0,201.0,True
1383,2,104.0,142.0,114.0,172.0,True
1383,2,104.0,181.0,114.0,211.0,True
1383,2,172.0,113.0,202.0,123.0,True
1384,2,71.0,173.0,81.0,203.0,True
1384,2,139.0,66.0,169.0,76.0,True
1384,2,149.0,134.0,159.0,164.0,True
1384,2,178.0,105.0,208.0,115.0,True
1385,2,57.0,185.0,87.0,195.0,True
1385,2,135.0,68.0,165.0,78.0,True
1385,2,184.0,58.0,194.0,88.0,True
1385,2,184.0,97.0,194.0,127.0,True
1386,2,101.0,34.0,131.0,44.0,True
1386,2,101.0,112.0,131.0,122.0,True
1386,2,150.0,180.0,160.0,210.0,True
1386,2,189.0,141.0,199.0,171.0,True
1387,2,102.0,30.0,132.0,40.0,True
1387,2,112.0,137.0,122.0,167.0,True
1387,2,151.0,20.0,161.0,50.0,True
1387,2,141.0,108.0,171.0,118.0,True
1388,2,92.0,30.0,122.0,40.0,True
1388,2,92.0,147.0,122.0,157.0,True
1388,2,180.0,98.0,190.0,128.0,True
1388,2,180.0,137.0,190.0,167.0,True
1389,2,113.0,21.0,123.0,51.0,True
1389,2,152.0,138.0,162.0,168.0,True
1389,2,142.0,187.0,172.0,197.0,True
1389,2,181.0,109.0,211.0,119.0,True
1390,2,103.0,98.0,113.0,128.0,True
1390,2,93.0,186.0,123.0,196.0,True
1390,2,132.0,147.0,162.0,157.0,True
1390,2,181.0,137.0,191.0,167.0,True
1391,2,108.0,93.0,118.0,123.0,True
1391,2,137.0,25.0,167.0,35.0,True
1391,2,137.0,103.0,167.0,113.0,True
1391,2,147.0,171.0,157.0,201.0,True
1392,2,108.0,135.0,118.0,165.0,True
1392,2,98.0,184.0,128.0,194.0,True
1392,2,186.0,57.0,196.0,87.0,True
1392,2,176.0,184.0,206.0,194.0,True
1393,2,113.0,134.0,123.0,164.0,True
1393,2,142.0,27.0,172.0,37.0,True
1393,2,142.0,66.0,172.0,76.0,True
1393,2,191.0,173.0,201.0,203.0,True
1394,2,105.0,135.0,115.0,165.0,True
1394,2,134.0,145.0,164.0,155.0,True
1394,2,173.0,28.0,203.0,38.0,True
1394,2,183.0,96.0,193.0,126.0,True
1395,2,109.0,179.0,119.0,209.0,True
1395,2,148.0,23.0,158.0,53.0,True
1395,2,138.0,150.0,168.0,160.0,True
1395,2,177.0,33.0,207.0,43.0,True
1396,2,103.0,184.0,133.0,194.0,True
1396,2,152.0,57.0,162.0,87.0,True
1396,2,181.0,67.0,211.0,77.0,True
1396,2,191.0,174.0,201.0,204.0,True
1397,2,104.0,170.0,114.0,200.0,True
1397,2,143.0,170.0,153.0,200.0,True
1397,2,172.0,24.0,202.0,34.0,True
1397,2,172.0,141.0,202.0,151.0,True
1398,2,138.0,74.0,168.0,84.0,True
1398,2,138.0,113.0,168.0,123.0,True
1398,2,148.0,181.0,158.0,211.0,True
1398,2,187.0,25.0,197.0,55.0,True
1399,2,151.0,58.0,161.0,88.0,True
1399,2,151.0,175.0,161.0,205.0,True
1399,2,180.0,68.0,210.0,78.0,True
1399,2,180.0,107.0,210.0,117.0,True
1400,2,16.0,32.0,46.0,42.0,True
1400,2,16.0,71.0,46.0,81.0,True
1400,2,26.0,139.0,36.0,169.0,True
1400,2,65.0,139.0,75.0,169.0,True
1400,2,94.0,32.0,124.0,42.0,True
1400,2,104.0,100.0,114.0,130.0,True
1400,2,143.0,22.0,153.0,52.0,True
1401,2,32.0,130.0,42.0,160.0,True
1401,2,61.0,101.0,91.0,111.0,True
1401,2,61.0,140.0,91.0,150.0,True
1401,2,110.0,52.0,120.0,82.0,True
1401,2,100.0,101.0,130.0,111.0,True
1401,2,188.0,91.0,198.0,121.0,True
1401,2,178.0,179.0,208.0,189.0,True
1402,2,34.0,24.0,44.0,54.0,True
1402,2,63.0,34.0,93.0,44.0,True
1402,2,73.0,102.0,83.0,132.0,True
1402,2,63.0,151.0,93.0,161.0,True
1402,2,141.0,34.0,171.0,44.0,True
1402,2,151.0,102.0,161.0,132.0,True
1402,2,190.0,102.0,200.0,132.0,True
1403,2,59.0,27.0,89.0,37.0,True
1403,2,69.0,134.0,79.0,164.0,True
1403,2,69.0,173.0,79.0,203.0,True
1403,2,98.0,144.0,128.0,154.0,True
1403,2,98.0,183.0,128.0,193.0,True
1403,2,186.0,95.0,196.0,125.0,True
1403,2,176.0,183.0,206.0,193.0,True
1404,2,28.0,62.0,38.0,92.0,True
1404,2,18.0,150.0,48.0,160.0,True
1404,2,18.0,189.0,48.0,199.0,True
1404,2,67.0,62.0,77.0,92.0,True
1404,2,135.0,150.0,165.0,160.0,True
1404,2,145.0,179.0,155.0,209.0,True
1404,2,174.0,72.0,204.0,82.0,True
1405,2,34.0,61.0,44.0,91.0,True
1405,2,34.0,139.0,44.0,169.0,True
1405,2,24.0,188.0,54.0,198.0,True
1405,2,63.0,71.0,93.0,81.0,True
1405,2,102.0,32.0,132.0,42.0,True
1405,2,151.0,22.0,161.0,52.0,True
1405,2,180.0,71.0,210.0,81.0,True
1406,2,34.0,13.0,44.0,43.0,True
1406,2,34.0,130.0,44.0,160.0,True
1406,2,63.0,140.0,93.0,150.0,True
1406,2,102.0,62.0,132.0,72.0,True
1406,2,102.0,179.0,132.0,189.0,True
1406,2,141.0,62.0,171.0,72.0,True
1406,2,190.0,91.0,200.0,121.0,True
1407,2,16.0,30.0,46.0,40.0,True
1407,2,26.0,59.0,36.0,89.0,True
1407,2,65.0,98.0,75.0,128.0,True
1407,2,55.0,147.0,85.0,157.0,True
1407,2,104.0,176.0,114.0,206.0,True
1407,2,133.0,186.0,163.0,196.0,True
1407,2,172.0,147.0,202.0,157.0,True
1408,2,18.0,24.0,48.0,34.0,True
1408,2,67.0,170.0,77.0,200.0,True
1408,2,106.0,53.0,116.0,83.0,True
1408,2,106.0,131.0,116.0,161.0,True
1408,2,135.0,24.0,165.0,34.0,True
1408,2,145.0,170.0,155.0,200.0,True
1408,2,174.0,180.0,204.0,190.0,True
1409,2,33.0,136.0,43.0,166.0,True
1409,2,62.0,68.0,92.0,78.0,True
1409,2,72.0,97.0,82.0,127.0,True
1409,2,72.0,136.0,82.0,166.0,True
1409,2,101.0,29.0,131.0,39.0,True
1409,2,140.0,68.0,170.0,78.0,True
1409,2,189.0,58.0,199.0,88.0,True
1410,2,21.0,62.0,51.0,72.0,True
1410,2,60.0,101.0,90.0,111.0,True
1410,2,99.0,23.0,129.0,33.0,True
1410,2,148.0,13.0,158.0,43.0,True
1410,2,138.0,62.0,168.0,72.0,True
1410,2,148.0,130.0,158.0,160.0,True
1410,2,187.0,130.0,197.0,160.0,True
1411,2,16.0,64.0,46.0,74.0,True
1411,2,16.0,142.0,46.0,152.0,True
1411,2,55.0,25.0,85.0,35.0,True
1411,2,104.0,15.0,114.0,45.0,True
1411,2,143.0,93.0,153.0,123.0,True
1411,2,133.0,142.0,163.0,152.0,True
1411,2,182.0,171.0,192.0,201.0,True
1412,2,33.0,56.0,43.0,86.0,True
1412,2,62.0,105.0,92.0,115.0,True
1412,2,62.0,183.0,92.0,193.0,True
1412,2,111.0,17.0,121.0,47.0,True
1412,2,150.0,56.0,160.0,86.0,True
1412,2,140.0,144.0,170.0,154.0,True
1412,2,179.0,144.0,209.0,154.0,True
1413,2,23.0,61.0,33.0,91.0,True
1413,2,13.0,149.0,43.0,159.0,True
1413,2,52.0,110.0,82.0,120.0,True
1413,2,52.0,188.0,82.0,198.0,True
1413,2,91.0,110.0,121.0,120.0,True
1413,2,101.0,178.0,111.0,208.0,True
1413,2,179.0,139.0,189.0,169.0,True
1414,2,24.0,144.0,54.0,154.0,True
1414,2,24.0,183.0,54.0,193.0,True
1414,2,102.0,66.0,132.0,76.0,True
1414,2,112.0,95.0,122.0,125.0,True
1414,2,112.0,134.0,122.0,164.0,True
1414,2,190.0,56.0,200.0,86.0,True
1414,2,190.0,95.0,200.0,125.0,True
1415,2,24.0,33.0,54.0,43.0,True
1415,2,34.0,62.0,44.0,92.0,True
1415,2,63.0,33.0,93.0,43.0,True
1415,2,102.0,72.0,132.0,82.0,True
1415,2,190.0,62.0,200.0,92.0,True
1415,2,190.0,140.0,200.0,170.0,True
1415,2,190.0,179.0,200.0,209.0,True
1416,2,23.0,106.0,53.0,116.0,True
1416,2,62.0,184.0,92.0,194.0,True
1416,2,111.0,174.0,121.0,204.0,True
1416,2,150.0,96.0,160.0,126.0,True
1416,2,179.0,106.0,209.0,116.0,True
1416,2,189.0,135.0,199.0,165.0,True
1416,2,179.0,184.0,209.0,194.0,True
1417,2,70.0,102.0,80.0,132.0,True
1417,2,70.0,141.0,80.0,171.0,True
1417,2,99.0,34.0,129.0,44.0,True
1417,2,109.0,141.0,119.0,171.0,True
1417,2,99.0,190.0,129.0,200.0,True
1417,2,138.0,34.0,168.0,44.0,True
1417,2,187.0,63.0,197.0,93.0,True
1418,2,17.0,28.0,47.0,38.0,True
1418,2,17.0,184.0,47.0,194.0,True
1418,2,66.0,96.0,76.0,126.0,True
1418,2,95.0,184.0,125.0,194.0,True
1418,2,144.0,57.0,154.0,87.0,True
1418,2,183.0,18.0,193.0,48.0,True
1418,2,173.0,184.0,203.0,194.0,True
1419,2,18.0,101.0,48.0,111.0,True
1419,2,67.0,169.0,77.0,199.0,True
1419,2,96.0,23.0,126.0,33.0,True
1419,2,106.0,52.0,116.0,82.0,True
1419,2,145.0,13.0,155.0,43.0,True
1419,2,135.0,62.0,165.0,72.0,True
1419,2,174.0,179.0,204.0,189.0,True
1420,2,17.0,27.0,47.0,37.0,True
1420,2,17.0,183.0,47.0,193.0,True
1420,2,56.0,27.0,86.0,37.0,True
1420,2,95.0,144.0,125.0,154.0,True
1420,2,105.0,173.0,115.0,203.0,True
1420,2,144.0,17.0,154.0,47.0,True
1420,2,144.0,95.0,154.0,125.0,True
1421,2,24.0,58.0,34.0,88.0,True
1421,2,24.0,175.0,34.0,205.0,True
1421,2,53.0,185.0,83.0,195.0,True
1421,2,102.0,58.0,112.0,88.0,True
1421,2,131.0,107.0,161.0,117.0,True
1421,2,131.0,185.0,161.0,195.0,True
1421,2,180.0,175.0,190.0,205.0,True
1422,2,26.0,95.0,36.0,125.0,True
1422,2,16.0,144.0,46.0,154.0,True
1422,2,55.0,105.0,85.0,115.0,True
1422,2,104.0,17.0,114.0,47.0,True
1422,2,143.0,173.0,153.0,203.0,True
1422,2,172.0,66.0,202.0,76.0,True
1422,2,172.0,183.0,202.0,193.0,True
1423,2,28.0,63.0,38.0,93.0,True
1423,2,28.0,102.0,38.0,132.0,True
1423,2,18.0,190.0,48.0,200.0,True
1423,2,67.0,63.0,77.0,93.0,True
1423,2,57.0,190.0,87.0,200.0,True
1423,2,106.0,24.0,116.0,54.0,True
1423,2,174.0,73.0,204.0,83.0,True
1424,2,25.0,24.0,35.0,54.0,True
1424,2,54.0,34.0,84.0,44.0,True
1424,2,103.0,180.0,113.0,210.0,True
1424,2,132.0,34.0,162.0,44.0,True
1424,2,132.0,151.0,162.0,161.0,True
1424,2,171.0,34.0,201.0,44.0,True
1424,2,181.0,180.0,191.0,210.0,True
1425,2,19.0,103.0,49.0,113.0,True
1425,2,29.0,171.0,39.0,201.0,True
1425,2,58.0,181.0,88.0,191.0,True
1425,2,107.0,93.0,117.0,123.0,True
1425,2,107.0,132.0,117.0,162.0,True
1425,2,146.0,15.0,156.0,45.0,True
1425,2,175.0,181.0,205.0,191.0,True
1426,2,29.0,16.0,39.0,46.0,True
1426,2,29.0,133.0,39.0,163.0,True
1426,2,19.0,182.0,49.0,192.0,True
1426,2,107.0,55.0,117.0,85.0,True
1426,2,146.0,16.0,156.0,46.0,True
1426,2,136.0,104.0,166.0,114.0,True
1426,2,175.0,65.0,205.0,75.0,True
1427,2,72.0,16.0,82.0,46.0,True
1427,2,62.0,65.0,92.0,75.0,True
1427,2,62.0,104.0,92.0,114.0,True
1427,2,101.0,26.0,131.0,36.0,True
1427,2,101.0,182.0,131.0,192.0,True
1427,2,150.0,16.0,160.0,46.0,True
1427,2,150.0,55.0,160.0,85.0,True
1428,2,32.0,24.0,42.0,54.0,True
1428,2,61.0,73.0,91.0,83.0,True
1428,2,61.0,112.0,91.0,122.0,True
1428,2,100.0,34.0,130.0,44.0,True
1428,2,110.0,102.0,120.0,132.0,True
1428,2,139.0,73.0,169.0,83.0,True
1428,2,149.0,102.0,159.0,132.0,True
1429,2,31.0,16.0,41.0,46.0,True
1429,2,60.0,65.0,90.0,75.0,True
1429,2,70.0,172.0,80.0,202.0,True
1429,2,148.0,55.0,158.0,85.0,True
1429,2,138.0,182.0,168.0,192.0,True
1429,2,187.0,94.0,197.0,124.0,True
1429,2,177.0,182.0,207.0,192.0,True
1430,2,23.0,94.0,33.0,124.0,True
1430,2,62.0,16.0,72.0,46.0,True
1430,2,52.0,104.0,82.0,114.0,True
1430,2,140.0,172.0,150.0,202.0,True
1430,2,179.0,55.0,189.0,85.0,True
1430,2,169.0,143.0,199.0,153.0,True
1430,2,169.0,182.0,199.0,192.0,True
1431,2,52.0,31.0,82.0,41.0,True
1431,2,101.0,138.0,111.0,168.0,True
1431,2,130.0,70.0,160.0,80.0,True
1431,2,130.0,109.0,160.0,119.0,True
1431,2,140.0,177.0,150.0,207.0,True
1431,2,179.0,60.0,189.0,90.0,True
1431,2,179.0,99.0,189.0,129.0,True
1432,2,23.0,59.0,33.0,89.0,True
1432,2,91.0,30.0,121.0,40.0,True
1432,2,101.0,137.0,111.0,167.0,True
1432,2,91.0,186.0,121.0,196.0,True
1432,2,130.0,69.0,160.0,79.0,True
1432,2,179.0,59.0,189.0,89.0,True
1432,2,179.0,137.0,189.0,167.0,True
1433,2,33.0,92.0,43.0,122.0,True
1433,2,72.0,131.0,82.0,161.0,True
1433,2,111.0,14.0,121.0,44.0,True
1433,2,101.0,141.0,131.0,151.0,True
1433,2,179.0,24.0,209.0,34.0,True
1433,2,179.0,141.0,209.0,151.0,True
1433,2,189.0,170.0,199.0,200.0,True
1434,2,19.0,188.0,49.0,198.0,True
1434,2,107.0,61.0,117.0,91.0,True
1434,2,97.0,149.0,127.0,159.0,True
1434,2,146.0,22.0,156.0,52.0,True
1434,2,146.0,100.0,156.0,130.0,True
1434,2,136.0,188.0,166.0,198.0,True
1434,2,175.0,110.0,205.0,120.0,True
1435,2,24.0,73.0,54.0,83.0,True
1435,2,34.0,141.0,44.0,171.0,True
1435,2,34.0,180.0,44.0,210.0,True
1435,2,73.0,141.0,83.0,171.0,True
1435,2,102.0,34.0,132.0,44.0,True
1435,2,112.0,102.0,122.0,132.0,True
1435,2,141.0,151.0,171.0,161.0,True
1436,2,31.0,136.0,41.0,166.0,True
1436,2,31.0,175.0,41.0,205.0,True
1436,2,60.0,146.0,90.0,156.0,True
1436,2,109.0,19.0,119.0,49.0,True
1436,2,138.0,185.0,168.0,195.0,True
1436,2,187.0,19.0,197.0,49.0,True
1436,2,177.0,185.0,207.0,195.0,True
1437,2,23.0,66.0,53.0,76.0,True
1437,2,23.0,183.0,53.0,193.0,True
1437,2,101.0,105.0,131.0,115.0,True
1437,2,111.0,173.0,121.0,203.0,True
1437,2,189.0,56.0,199.0,86.0,True
1437,2,189.0,134.0,199.0,164.0,True
1437,2,179.0,183.0,209.0,193.0,True
1438,2,14.0,104.0,44.0,114.0,True
1438,2,24.0,172.0,34.0,202.0,True
1438,2,92.0,65.0,122.0,75.0,True
1438,2,102.0,133.0,112.0,163.0,True
1438,2,131.0,143.0,161.0,153.0,True
1438,2,141.0,172.0,151.0,202.0,True
1438,2,180.0,133.0,190.0,163.0,True
1439,2,15.0,186.0,45.0,196.0,True
1439,2,64.0,176.0,74.0,206.0,True
1439,2,93.0,30.0,123.0,40.0,True
1439,2,132.0,69.0,162.0,79.0,True
1439,2,142.0,98.0,152.0,128.0,True
1439,2,181.0,98.0,191.0,128.0,True
1439,2,181.0,137.0,191.0,167.0,True
1440,2,63.0,21.0,73.0,51.0,True
1440,2,63.0,177.0,73.0,207.0,True
1440,2,102.0,21.0,112.0,51.0,True
1440,2,92.0,109.0,122.0,119.0,True
1440,2,131.0,70.0,161.0,80.0,True
1440,2,170.0,31.0,200.0,41.0,True
1440,2,180.0,60.0,190.0,90.0,True
1441,2,32.0,22.0,42.0,52.0,True
1441,2,22.0,110.0,52.0,120.0,True
1441,2,71.0,178.0,81.0,208.0,True
1441,2,100.0,149.0,130.0,159.0,True
1441,2,149.0,100.0,159.0,130.0,True
1441,2,178.0,71.0,208.0,81.0,True
1441,2,188.0,178.0,198.0,208.0,True
1442,2,24.0,27.0,54.0,37.0,True
1442,2,34.0,173.0,44.0,203.0,True
1442,2,102.0,105.0,132.0,115.0,True
1442,2,112.0,173.0,122.0,203.0,True
1442,2,141.0,27.0,171.0,37.0,True
1442,2,190.0,56.0,200.0,86.0,True
1442,2,190.0,95.0,200.0,125.0,True
1443,2,67.0,24.0,77.0,54.0,True
1443,2,57.0,73.0,87.0,83.0,True
1443,2,96.0,34.0,126.0,44.0,True
1443,2,106.0,102.0,116.0,132.0,True
1443,2,135.0,34.0,165.0,44.0,True
1443,2,145.0,141.0,155.0,171.0,True
1443,2,135.0,190.0,165.0,200.0,True
1444,2,23.0,109.0,53.0,119.0,True
1444,2,33.0,138.0,43.0,168.0,True
1444,2,62.0,187.0,92.0,197.0,True
1444,2,140.0,70.0,170.0,80.0,True
1444,2,150.0,138.0,160.0,168.0,True
1444,2,140.0,187.0,170.0,197.0,True
1444,2,189.0,99.0,199.0,129.0,True
1445,2,21.0,24.0,51.0,34.0,True
1445,2,31.0,131.0,41.0,161.0,True
1445,2,21.0,180.0,51.0,190.0,True
1445,2,60.0,180.0,90.0,190.0,True
1445,2,138.0,141.0,168.0,151.0,True
1445,2,187.0,53.0,197.0,83.0,True
1445,2,187.0,131.0,197.0,161.0,True
1446,2,18.0,30.0,48.0,40.0,True
1446,2,28.0,59.0,38.0,89.0,True
1446,2,18.0,147.0,48.0,157.0,True
1446,2,67.0,59.0,77.0,89.0,True
1446,2,67.0,98.0,77.0,128.0,True
1446,2,96.0,30.0,126.0,40.0,True
1446,2,106.0,176.0,116.0,206.0,True
1447,2,15.0,144.0,45.0,154.0,True
1447,2,64.0,56.0,74.0,86.0,True
1447,2,64.0,95.0,74.0,125.0,True
1447,2,54.0,144.0,84.0,154.0,True
1447,2,54.0,183.0,84.0,193.0,True
1447,2,93.0,27.0,123.0,37.0,True
1447,2,103.0,56.0,113.0,86.0,True
1448,2,20.0,104.0,50.0,114.0,True
1448,2,20.0,143.0,50.0,153.0,True
1448,2,69.0,94.0,79.0,124.0,True
1448,2,108.0,172.0,118.0,202.0,True
1448,2,147.0,94.0,157.0,124.0,True
1448,2,137.0,182.0,167.0,192.0,True
1448,2,176.0,182.0,206.0,192.0,True
1449,2,24.0,56.0,34.0,86.0,True
1449,2,92.0,66.0,122.0,76.0,True
1449,2,102.0,173.0,112.0,203.0,True
1449,2,141.0,173.0,151.0,203.0,True
1449,2,180.0,17.0,190.0,47.0,True
1449,2,170.0,105.0,200.0,115.0,True
1449,2,170.0,144.0,200.0,154.0,True
1450,2,15.0,67.0,45.0,77.0,True
1450,2,15.0,106.0,45.0,116.0,True
1450,2,54.0,28.0,84.0,38.0,True
1450,2,103.0,96.0,113.0,126.0,True
1450,2,93.0,184.0,123.0,194.0,True
1450,2,142.0,57.0,152.0,87.0,True
1450,2,181.0,57.0,191.0,87.0,True
1451,2,26.0,92.0,36.0,122.0,True
1451,2,55.0,24.0,85.0,34.0,True
1451,2,55.0,102.0,85.0,112.0,True
1451,2,55.0,180.0,85.0,190.0,True
1451,2,104.0,131.0,114.0,161.0,True
1451,2,143.0,14.0,153.0,44.0,True
1451,2,133.0,180.0,163.0,190.0,True
1452,2,56.0,62.0,86.0,72.0,True
1452,2,105.0,13.0,115.0,43.0,True
1452,2,105.0,52.0,115.0,82.0,True
1452,2,105.0,91.0,115.0,121.0,True
1452,2,95.0,140.0,125.0,150.0,True
1452,2,134.0,140.0,164.0,150.0,True
1452,2,173.0,140.0,203.0,150.0,True
1453,2,29.0,133.0,39.0,163.0,True
1453,2,19.0,182.0,49.0,192.0,True
1453,2,68.0,55.0,78.0,85.0,True
1453,2,107.0,172.0,117.0,202.0,True
1453,2,146.0,94.0,156.0,124.0,True
1453,2,175.0,65.0,205.0,75.0,True
1453,2,175.0,182.0,205.0,192.0,True
1454,2,16.0,69.0,46.0,79.0,True
1454,2,26.0,98.0,36.0,128.0,True
1454,2,55.0,147.0,85.0,157.0,True
1454,2,143.0,59.0,153.0,89.0,True
1454,2,172.0,69.0,202.0,79.0,True
1454,2,182.0,98.0,192.0,128.0,True
1454,2,182.0,137.0,192.0,167.0,True
1455,2,24.0,26.0,54.0,36.0,True
1455,2,34.0,172.0,44.0,202.0,True
1455,2,73.0,16.0,83.0,46.0,True
1455,2,63.0,104.0,93.0,114.0,True
1455,2,63.0,143.0,93.0,153.0,True
1455,2,112.0,55.0,122.0,85.0,True
1455,2,141.0,26.0,171.0,36.0,True
1456,2,67.0,17.0,77.0,47.0,True
1456,2,57.0,66.0,87.0,76.0,True
1456,2,57.0,183.0,87.0,193.0,True
1456,2,106.0,17.0,116.0,47.0,True
1456,2,96.0,144.0,126.0,154.0,True
1456,2,145.0,17.0,155.0,47.0,True
1456,2,174.0,27.0,204.0,37.0,True
1457,2,19.0,179.0,49.0,189.0,True
1457,2,68.0,130.0,78.0,160.0,True
1457,2,68.0,169.0,78.0,199.0,True
1457,2,97.0,62.0,127.0,72.0,True
1457,2,97.0,101.0,127.0,111.0,True
1457,2,107.0,130.0,117.0,160.0,True
1457,2,146.0,13.0,156.0,43.0,True
1458,2,22.0,183.0,52.0,193.0,True
1458,2,61.0,66.0,91.0,76.0,True
1458,2,61.0,105.0,91.0,115.0,True
1458,2,71.0,173.0,81.0,203.0,True
1458,2,100.0,183.0,130.0,193.0,True
1458,2,149.0,56.0,159.0,86.0,True
1458,2,149.0,173.0,159.0,203.0,True
1459,2,25.0,92.0,35.0,122.0,True
1459,2,64.0,14.0,74.0,44.0,True
1459,2,93.0,24.0,123.0,34.0,True
1459,2,93.0,102.0,123.0,112.0,True
1459,2,171.0,63.0,201.0,73.0,True
1459,2,171.0,141.0,201.0,151.0,True
1459,2,181.0,170.0,191.0,200.0,True
1460,2,27.0,24.0,37.0,54.0,True
1460,2,17.0,151.0,47.0,161.0,True
1460,2,66.0,102.0,76.0,132.0,True
1460,2,105.0,63.0,115.0,93.0,True
1460,2,95.0,151.0,125.0,161.0,True
1460,2,144.0,141.0,154.0,171.0,True
1460,2,173.0,190.0,203.0,200.0,True
1461,2,14.0,107.0,44.0,117.0,True
1461,2,63.0,19.0,73.0,49.0,True
1461,2,53.0,185.0,83.0,195.0,True
1461,2,102.0,19.0,112.0,49.0,True
1461,2,141.0,175.0,151.0,205.0,True
1461,2,180.0,58.0,190.0,88.0,True
1461,2,170.0,185.0,200.0,195.0,True
1462,2,24.0,61.0,34.0,91.0,True
1462,2,14.0,149.0,44.0,159.0,True
1462,2,24.0,178.0,34.0,208.0,True
1462,2,92.0,32.0,122.0,42.0,True
1462,2,92.0,149.0,122.0,159.0,True
1462,2,102.0,178.0,112.0,208.0,True
1462,2,141.0,139.0,151.0,169.0,True
1463,2,27.0,55.0,37.0,85.0,True
1463,2,17.0,104.0,47.0,114.0,True
1463,2,56.0,65.0,86.0,75.0,True
1463,2,95.0,104.0,125.0,114.0,True
1463,2,144.0,133.0,154.0,163.0,True
1463,2,134.0,182.0,164.0,192.0,True
1463,2,183.0,16.0,193.0,46.0,True
1464,2,15.0,145.0,45.0,155.0,True
1464,2,64.0,96.0,74.0,126.0,True
1464,2,103.0,57.0,113.0,87.0,True
1464,2,93.0,106.0,123.0,116.0,True
1464,2,103.0,135.0,113.0,165.0,True
1464,2,132.0,184.0,162.0,194.0,True
1464,2,181.0,57.0,191.0,87.0,True
1465,2,18.0,109.0,48.0,119.0,True
1465,2,28.0,138.0,38.0,168.0,True
1465,2,67.0,60.0,77.0,90.0,True
1465,2,145.0,21.0,155.0,51.0,True
1465,2,145.0,99.0,155.0,129.0,True
1465,2,174.0,70.0,204.0,80.0,True
1465,2,174.0,187.0,204.0,197.0,True
1466,2,34.0,15.0,44.0,45.0,True
1466,2,63.0,103.0,93.0,113.0,True
1466,2,63.0,181.0,93.0,191.0,True
1466,2,112.0,132.0,122.0,162.0,True
1466,2,151.0,171.0,161.0,201.0,True
1466,2,180.0,64.0,210.0,74.0,True
1466,2,190.0,93.0,200.0,123.0,True
1467,2,65.0,22.0,75.0,52.0,True
1467,2,55.0,71.0,85.0,81.0,True
1467,2,94.0,149.0,124.0,159.0,True
1467,2,133.0,32.0,163.0,42.0,True
1467,2,182.0,22.0,192.0,52.0,True
1467,2,182.0,61.0,192.0,91.0,True
1467,2,182.0,100.0,192.0,130.0,True
1468,2,54.0,32.0,84.0,42.0,True
1468,2,103.0,61.0,113.0,91.0,True
1468,2,103.0,178.0,113.0,208.0,True
1468,2,142.0,139.0,152.0,169.0,True
1468,2,181.0,22.0,191.0,52.0,True
1468,2,171.0,71.0,201.0,81.0,True
1468,2,171.0,188.0,201.0,198.0,True
1469,2,24.0,32.0,54.0,42.0,True
1469,2,34.0,100.0,44.0,130.0,True
1469,2,24.0,188.0,54.0,198.0,True
1469,2,73.0,61.0,83.0,91.0,True
1469,2,73.0,100.0,83.0,130.0,True
1469,2,73.0,178.0,83.0,208.0,True
1469,2,141.0,149.0,171.0,159.0,True
1470,2,18.0,24.0,48.0,34.0,True
1470,2,18.0,141.0,48.0,151.0,True
1470,2,57.0,24.0,87.0,34.0,True
1470,2,67.0,53.0,77.0,83.0,True
1470,2,106.0,131.0,116.0,161.0,True
1470,2,106.0,170.0,116.0,200.0,True
1470,2,135.0,24.0,165.0,34.0,True
1471,2,23.0,176.0,33.0,206.0,True
1471,2,52.0,30.0,82.0,40.0,True
1471,2,52.0,108.0,82.0,118.0,True
1471,2,101.0,137.0,111.0,167.0,True
1471,2,91.0,186.0,121.0,196.0,True
1471,2,140.0,20.0,150.0,50.0,True
1471,2,130.0,69.0,160.0,79.0,True
1472,2,70.0,18.0,80.0,48.0,True
1472,2,60.0,67.0,90.0,77.0,True
1472,2,60.0,106.0,90.0,116.0,True
1472,2,70.0,135.0,80.0,165.0,True
1472,2,60.0,184.0,90.0,194.0,True
1472,2,109.0,96.0,119.0,126.0,True
1472,2,148.0,57.0,158.0,87.0,True
1473,2,34.0,91.0,44.0,121.0,True
1473,2,34.0,130.0,44.0,160.0,True
1473,2,141.0,101.0,171.0,111.0,True
1473,2,141.0,140.0,171.0,150.0,True
1473,2,151.0,169.0,161.0,199.0,True
1473,2,190.0,91.0,200.0,121.0,True
1473,2,180.0,140.0,210.0,150.0,True
1474,2,30.0,13.0,40.0,43.0,True
1474,2,59.0,23.0,89.0,33.0,True
1474,2,69.0,91.0,79.0,121.0,True
1474,2,69.0,130.0,79.0,160.0,True
1474,2,59.0,179.0,89.0,189.0,True
1474,2,98.0,62.0,128.0,72.0,True
1474,2,176.0,23.0,206.0,33.0,True
1475,2,34.0,139.0,44.0,169.0,True
1475,2,73.0,100.0,83.0,130.0,True
1475,2,63.0,149.0,93.0,159.0,True
1475,2,63.0,188.0,93.0,198.0,True
1475,2,102.0,110.0,132.0,120.0,True
1475,2,151.0,22.0,161.0,52.0,True
1475,2,151.0,61.0,161.0,91.0,True
1476,2,22.0,111.0,52.0,121.0,True
1476,2,71.0,23.0,81.0,53.0,True
1476,2,71.0,140.0,81.0,170.0,True
1476,2,71.0,179.0,81.0,209.0,True
1476,2,100.0,33.0,130.0,43.0,True
1476,2,100.0,189.0,130.0,199.0,True
1476,2,149.0,101.0,159.0,131.0,True
1477,2,63.0,30.0,93.0,40.0,True
1477,2,63.0,69.0,93.0,79.0,True
1477,2,73.0,137.0,83.0,167.0,True
1477,2,112.0,98.0,122.0,128.0,True
1477,2,141.0,30.0,171.0,40.0,True
1477,2,151.0,59.0,161.0,89.0,True
1477,2,180.0,30.0,210.0,40.0,True
1478,2,24.0,108.0,54.0,118.0,True
1478,2,73.0,20.0,83.0,50.0,True
1478,2,63.0,108.0,93.0,118.0,True
1478,2,112.0,137.0,122.0,167.0,True
1478,2,102.0,186.0,132.0,196.0,True
1478,2,190.0,137.0,200.0,167.0,True
1478,2,180.0,186.0,210.0,196.0,True
1479,2,63.0,110.0,93.0,120.0,True
1479,2,73.0,139.0,83.0,169.0,True
1479,2,63.0,188.0,93.0,198.0,True
1479,2,102.0,110.0,132.0,120.0,True
1479,2,151.0,22.0,161.0,52.0,True
1479,2,190.0,100.0,200.0,130.0,True
1479,2,180.0,149.0,210.0,159.0,True
1480,2,55.0,33.0,85.0,43.0,True
1480,2,55.0,111.0,85.0,121.0,True
1480,2,104.0,62.0,114.0,92.0,True
1480,2,133.0,111.0,163.0,121.0,True
1480,2,143.0,140.0,153.0,170.0,True
1480,2,182.0,23.0,192.0,53.0,True
1480,2,182.0,62.0,192.0,92.0,True
1481,2,28.0,24.0,38.0,54.0,True
1481,2,18.0,112.0,48.0,122.0,True
1481,2,96.0,73.0,126.0,83.0,True
1481,2,106.0,102.0,116.0,132.0,True
1481,2,184.0,63.0,194.0,93.0,True
1481,2,184.0,141.0,194.0,171.0,True
1481,2,174.0,190.0,204.0,200.0,True
1482,2,70.0,22.0,80.0,52.0,True
1482,2,60.0,110.0,90.0,120.0,True
1482,2,60.0,149.0,90.0,159.0,True
1482,2,70.0,178.0,80.0,208.0,True
1482,2,138.0,149.0,168.0,159.0,True
1482,2,148.0,178.0,158.0,208.0,True
1482,2,177.0,149.0,207.0,159.0,True
1483,2,24.0,70.0,54.0,80.0,True
1483,2,73.0,21.0,83.0,51.0,True
1483,2,102.0,31.0,132.0,41.0,True
1483,2,112.0,99.0,122.0,129.0,True
1483,2,102.0,187.0,132.0,197.0,True
1483,2,151.0,21.0,161.0,51.0,True
1483,2,151.0,138.0,161.0,168.0,True
1484,2,28.0,23.0,38.0,53.0,True
1484,2,18.0,72.0,48.0,82.0,True
1484,2,57.0,189.0,87.0,199.0,True
1484,2,96.0,33.0,126.0,43.0,True
1484,2,106.0,179.0,116.0,209.0,True
1484,2,135.0,189.0,165.0,199.0,True
1484,2,184.0,62.0,194.0,92.0,True
1485,2,14.0,26.0,44.0,36.0,True
1485,2,24.0,172.0,34.0,202.0,True
1485,2,63.0,133.0,73.0,163.0,True
1485,2,102.0,172.0,112.0,202.0,True
1485,2,141.0,94.0,151.0,124.0,True
1485,2,170.0,65.0,200.0,75.0,True
1485,2,170.0,104.0,200.0,114.0,True
1486,2,23.0,55.0,33.0,85.0,True
1486,2,52.0,26.0,82.0,36.0,True
1486,2,62.0,55.0,72.0,85.0,True
1486,2,62.0,94.0,72.0,124.0,True
1486,2,130.0,182.0,160.0,192.0,True
1486,2,179.0,16.0,189.0,46.0,True
1486,2,169.0,104.0,199.0,114.0,True
1487,2,31.0,97.0,41.0,127.0,True
1487,2,31.0,175.0,41.0,205.0,True
1487,2,70.0,19.0,80.0,49.0,True
1487,2,109.0,97.0,119.0,127.0,True
1487,2,99.0,185.0,129.0,195.0,True
1487,2,138.0,29.0,168.0,39.0,True
1487,2,177.0,68.0,207.0,78.0,True
1488,2,24.0,98.0,34.0,128.0,True
1488,2,14.0,186.0,44.0,196.0,True
1488,2,63.0,20.0,73.0,50.0,True
1488,2,53.0,108.0,83.0,118.0,True
1488,2,63.0,137.0,73.0,167.0,True
1488,2,102.0,98.0,112.0,128.0,True
1488,2,131.0,147.0,161.0,157.0,True
1489,2,28.0,138.0,38.0,168.0,True
1489,2,67.0,21.0,77.0,51.0,True
1489,2,67.0,177.0,77.0,207.0,True
1489,2,96.0,70.0,126.0,80.0,True
1489,2,135.0,187.0,165.0,197.0,True
1489,2,174.0,70.0,204.0,80.0,True
1489,2,184.0,177.0,194.0,207.0,True
1490,2,32.0,14.0,42.0,44.0,True
1490,2,32.0,131.0,42.0,161.0,True
1490,2,71.0,14.0,81.0,44.0,True
1490,2,61.0,63.0,91.0,73.0,True
1490,2,61.0,102.0,91.0,112.0,True
1490,2,178.0,24.0,208.0,34.0,True
1490,2,188.0,53.0,198.0,83.0,True
1491,2,20.0,32.0,50.0,42.0,True
1491,2,30.0,139.0,40.0,169.0,True
1491,2,30.0,178.0,40.0,208.0,True
1491,2,108.0,100.0,118.0,130.0,True
1491,2,147.0,100.0,157.0,130.0,True
1491,2,176.0,71.0,206.0,81.0,True
1491,2,176.0,188.0,206.0,198.0,True
1492,2,24.0,16.0,34.0,46.0,True
1492,2,24.0,94.0,34.0,124.0,True
1492,2,24.0,133.0,34.0,163.0,True
1492,2,53.0,65.0,83.0,75.0,True
1492,2,141.0,55.0,151.0,85.0,True
1492,2,131.0,104.0,161.0,114.0,True
1492,2,170.0,26.0,200.0,36.0,True
1493,2,27.0,132.0,37.0,162.0,True
1493,2,27.0,171.0,37.0,201.0,True
1493,2,56.0,142.0,86.0,152.0,True
1493,2,105.0,15.0,115.0,45.0,True
1493,2,105.0,54.0,115.0,84.0,True
1493,2,95.0,181.0,125.0,191.0,True
1493,2,134.0,181.0,164.0,191.0,True
1494,2,13.0,32.0,43.0,42.0,True
1494,2,52.0,149.0,82.0,159.0,True
1494,2,52.0,188.0,82.0,198.0,True
1494,2,101.0,22.0,111.0,52.0,True
1494,2,140.0,22.0,150.0,52.0,True
1494,2,179.0,100.0,189.0,130.0,True
1494,2,169.0,149.0,199.0,159.0,True
1495,2,25.0,24.0,35.0,54.0,True
1495,2,25.0,63.0,35.0,93.0,True
1495,2,25.0,102.0,35.0,132.0,True
1495,2,93.0,34.0,123.0,44.0,True
1495,2,132.0,190.0,162.0,200.0,True
1495,2,171.0,34.0,201.0,44.0,True
1495,2,181.0,141.0,191.0,171.0,True
1496,2,57.0,108.0,87.0,118.0,True
1496,2,106.0,20.0,116.0,50.0,True
1496,2,106.0,137.0,116.0,167.0,True
1496,2,135.0,147.0,165.0,157.0,True
1496,2,135.0,186.0,165.0,196.0,True
1496,2,184.0,20.0,194.0,50.0,True
1496,2,174.0,108.0,204.0,118.0,True
1497,2,24.0,55.0,34.0,85.0,True
1497,2,53.0,104.0,83.0,114.0,True
1497,2,53.0,182.0,83.0,192.0,True
1497,2,131.0,65.0,161.0,75.0,True
1497,2,180.0,55.0,190.0,85.0,True
1497,2,180.0,133.0,190.0,163.0,True
1497,2,180.0,172.0,190.0,202.0,True
1498,2,23.0,146.0,53.0,156.0,True
1498,2,72.0,58.0,82.0,88.0,True
1498,2,72.0,136.0,82.0,166.0,True
1498,2,111.0,19.0,121.0,49.0,True
1498,2,140.0,29.0,170.0,39.0,True
1498,2,179.0,29.0,209.0,39.0,True
1498,2,179.0,68.0,209.0,78.0,True
1499,2,33.0,53.0,43.0,83.0,True
1499,2,23.0,102.0,53.0,112.0,True
1499,2,101.0,180.0,131.0,190.0,True
1499,2,150.0,131.0,160.0,161.0,True
1499,2,179.0,102.0,209.0,112.0,True
1499,2,179.0,141.0,209.0,151.0,True
1499,2,189.0,170.0,199.0,200.0,True
1500,2,31.0,19.0,41.0,49.0,True
1500,2,60.0,68.0,90.0,78.0,True
1500,2,99.0,29.0,129.0,39.0,True
1500,2,109.0,58.0,119.0,88.0,True
1500,2,109.0,175.0,119.0,205.0,True
1500,2,138.0,29.0,168.0,39.0,True
1500,2,138.0,68.0,168.0,78.0,True
1500,2,187.0,19.0,197.0,49.0,True
1501,2,13.0,67.0,43.0,77.0,True
1501,2,13.0,106.0,43.0,116.0,True
1501,2,23.0,174.0,33.0,204.0,True
1501,2,52.0,28.0,82.0,38.0,True
1501,2,62.0,57.0,72.0,87.0,True
1501,2,130.0,184.0,160.0,194.0,True
1501,2,179.0,18.0,189.0,48.0,True
1501,2,179.0,96.0,189.0,126.0,True
1502,2,18.0,73.0,48.0,83.0,True
1502,2,28.0,141.0,38.0,171.0,True
1502,2,57.0,112.0,87.0,122.0,True
1502,2,106.0,24.0,116.0,54.0,True
1502,2,106.0,63.0,116.0,93.0,True
1502,2,106.0,141.0,116.0,171.0,True
1502,2,135.0,112.0,165.0,122.0,True
1502,2,174.0,151.0,204.0,161.0,True
1503,2,21.0,107.0,51.0,117.0,True
1503,2,60.0,68.0,90.0,78.0,True
1503,2,60.0,146.0,90.0,156.0,True
1503,2,60.0,185.0,90.0,195.0,True
1503,2,148.0,97.0,158.0,127.0,True
1503,2,148.0,136.0,158.0,166.0,True
1503,2,187.0,19.0,197.0,49.0,True
1503,2,187.0,58.0,197.0,88.0,True
1504,2,73.0,17.0,83.0,47.0,True
1504,2,63.0,105.0,93.0,115.0,True
1504,2,112.0,17.0,122.0,47.0,True
1504,2,102.0,144.0,132.0,154.0,True
1504,2,151.0,56.0,161.0,86.0,True
1504,2,141.0,105.0,171.0,115.0,True
1504,2,190.0,17.0,200.0,47.0,True
1504,2,180.0,144.0,210.0,154.0,True
1505,2,28.0,14.0,38.0,44.0,True
1505,2,57.0,24.0,87.0,34.0,True
1505,2,96.0,24.0,126.0,34.0,True
1505,2,106.0,53.0,116.0,83.0,True
1505,2,96.0,141.0,126.0,151.0,True
1505,2,106.0,170.0,116.0,200.0,True
1505,2,135.0,102.0,165.0,112.0,True
1505,2,184.0,14.0,194.0,44.0,True
1506,2,25.0,176.0,35.0,206.0,True
1506,2,54.0,30.0,84.0,40.0,True
1506,2,64.0,59.0,74.0,89.0,True
1506,2,93.0,108.0,123.0,118.0,True
1506,2,93.0,186.0,123.0,196.0,True
1506,2,132.0,69.0,162.0,79.0,True
1506,2,181.0,59.0,191.0,89.0,True
1506,2,181.0,137.0,191.0,167.0,True
1507,2,21.0,24.0,51.0,34.0,True
1507,2,21.0,63.0,51.0,73.0,True
1507,2,21.0,102.0,51.0,112.0,True
1507,2,31.0,131.0,41.0,161.0,True
1507,2,70.0,131.0,80.0,161.0,True
1507,2,60.0,180.0,90.0,190.0,True
1507,2,109.0,53.0,119.0,83.0,True
1507,2,109.0,92.0,119.0,122.0,True
1508,2,25.0,53.0,35.0,83.0,True
1508,2,15.0,102.0,45.0,112.0,True
1508,2,93.0,63.0,123.0,73.0,True
1508,2,103.0,92.0,113.0,122.0,True
1508,2,142.0,14.0,152.0,44.0,True
1508,2,171.0,63.0,201.0,73.0,True
1508,2,171.0,102.0,201.0,112.0,True
1508,2,181.0,170.0,191.0,200.0,True
1509,2,34.0,100.0,44.0,130.0,True
1509,2,73.0,178.0,83.0,208.0,True
1509,2,112.0,178.0,122.0,208.0,True
1509,2,151.0,22.0,161.0,52.0,True
1509,2,141.0,71.0,171.0,81.0,True
1509,2,141.0,110.0,171.0,120.0,True
1509,2,180.0,149.0,210.0,159.0,True
1509,2,180.0,188.0,210.0,198.0,True
1510,2,23.0,93.0,33.0,123.0,True
1510,2,23.0,132.0,33.0,162.0,True
1510,2,52.0,142.0,82.0,152.0,True
1510,2,91.0,103.0,121.0,113.0,True
1510,2,130.0,25.0,160.0,35.0,True
1510,2,130.0,103.0,160.0,113.0,True
1510,2,140.0,171.0,150.0,201.0,True
1510,2,179.0,132.0,189.0,162.0,True
1511,2,31.0,17.0,41.0,47.0,True
1511,2,31.0,56.0,41.0,86.0,True
1511,2,99.0,27.0,129.0,37.0,True
1511,2,109.0,134.0,119.0,164.0,True
1511,2,138.0,27.0,168.0,37.0,True
1511,2,138.0,105.0,168.0,115.0,True
1511,2,138.0,144.0,168.0,154.0,True
1511,2,187.0,173.0,197.0,203.0,True
1512,2,33.0,16.0,43.0,46.0,True
1512,2,62.0,65.0,92.0,75.0,True
1512,2,101.0,143.0,131.0,153.0,True
1512,2,111.0,172.0,121.0,202.0,True
1512,2,140.0,104.0,170.0,114.0,True
1512,2,150.0,133.0,160.0,163.0,True
1512,2,189.0,16.0,199.0,46.0,True
1512,2,179.0,104.0,209.0,114.0,True
1513,2,29.0,99.0,39.0,129.0,True
1513,2,58.0,31.0,88.0,41.0,True
1513,2,68.0,99.0,78.0,129.0,True
1513,2,68.0,138.0,78.0,168.0,True
1513,2,136.0,31.0,166.0,41.0,True
1513,2,146.0,177.0,156.0,207.0,True
1513,2,175.0,70.0,205.0,80.0,True
1513,2,175.0,187.0,205.0,197.0,True
1514,2,23.0,54.0,33.0,84.0,True
1514,2,23.0,93.0,33.0,123.0,True
1514,2,52.0,181.0,82.0,191.0,True
1514,2,91.0,25.0,121.0,35.0,True
1514,2,101.0,171.0,111.0,201.0,True
1514,2,140.0,171.0,150.0,201.0,True
1514,2,169.0,142.0,199.0,152.0,True
1514,2,169.0,181.0,199.0,191.0,True
1515,2,24.0,28.0,54.0,38.0,True
1515,2,24.0,106.0,54.0,116.0,True
1515,2,34.0,174.0,44.0,204.0,True
1515,2,73.0,135.0,83.0,165.0,True
1515,2,112.0,96.0,122.0,126.0,True
1515,2,102.0,145.0,132.0,155.0,True
1515,2,141.0,184.0,171.0,194.0,True
1515,2,190.0,18.0,200.0,48.0,True
1516,2,67.0,99.0,77.0,129.0,True
1516,2,57.0,148.0,87.0,158.0,True
1516,2,106.0,60.0,116.0,90.0,True
1516,2,96.0,148.0,126.0,158.0,True
1516,2,145.0,21.0,155.0,51.0,True
1516,2,145.0,99.0,155.0,129.0,True
1516,2,135.0,148.0,165.0,158.0,True
1516,2,174.0,70.0,204.0,80.0,True
1517,2,23.0,60.0,33.0,90.0,True
1517,2,101.0,138.0,111.0,168.0,True
1517,2,130.0,31.0,160.0,41.0,True
1517,2,130.0,109.0,160.0,119.0,True
1517,2,179.0,21.0,189.0,51.0,True
1517,2,179.0,60.0,189.0,90.0,True
1517,2,169.0,109.0,199.0,119.0,True
1517,2,169.0,187.0,199.0,197.0,True
1518,2,29.0,19.0,39.0,49.0,True
1518,2,19.0,68.0,49.0,78.0,True
1518,2,29.0,136.0,39.0,166.0,True
1518,2,58.0,107.0,88.0,117.0,True
1518,2,107.0,19.0,117.0,49.0,True
1518,2,97.0,107.0,127.0,117.0,True
1518,2,175.0,107.0,205.0,117.0,True
1518,2,185.0,175.0,195.0,205.0,True
1519,2,19.0,69.0,49.0,79.0,True
1519,2,19.0,147.0,49.0,157.0,True
1519,2,68.0,59.0,78.0,89.0,True
1519,2,68.0,176.0,78.0,206.0,True
1519,2,97.0,108.0,127.0,118.0,True
1519,2,146.0,20.0,156.0,50.0,True
1519,2,175.0,30.0,205.0,40.0,True
1519,2,185.0,176.0,195.0,206.0,True
1520,2,33.0,14.0,43.0,44.0,True
1520,2,23.0,180.0,53.0,190.0,True
1520,2,62.0,180.0,92.0,190.0,True
1520,2,111.0,14.0,121.0,44.0,True
1520,2,101.0,141.0,131.0,151.0,True
1520,2,140.0,24.0,170.0,34.0,True
1520,2,150.0,53.0,160.0,83.0,True
1520,2,150.0,131.0,160.0,161.0,True
1521,2,20.0,67.0,50.0,77.0,True
1521,2,20.0,106.0,50.0,116.0,True
1521,2,59.0,28.0,89.0,38.0,True
1521,2,69.0,96.0,79.0,126.0,True
1521,2,108.0,18.0,118.0,48.0,True
1521,2,108.0,135.0,118.0,165.0,True
1521,2,176.0,67.0,206.0,77.0,True
1521,2,186.0,96.0,196.0,126.0,True
1522,2,13.0,31.0,43.0,41.0,True
1522,2,62.0,99.0,72.0,129.0,True
1522,2,52.0,148.0,82.0,158.0,True
1522,2,101.0,60.0,111.0,90.0,True
1522,2,91.0,148.0,121.0,158.0,True
1522,2,101.0,177.0,111.0,207.0,True
1522,2,130.0,31.0,160.0,41.0,True
1522,2,140.0,138.0,150.0,168.0,True
1523,2,16.0,102.0,46.0,112.0,True
1523,2,26.0,131.0,36.0,161.0,True
1523,2,55.0,24.0,85.0,34.0,True
1523,2,55.0,180.0,85.0,190.0,True
1523,2,104.0,53.0,114.0,83.0,True
1523,2,104.0,170.0,114.0,200.0,True
1523,2,182.0,14.0,192.0,44.0,True
1523,2,172.0,63.0,202.0,73.0,True
1524,2,65.0,14.0,75.0,44.0,True
1524,2,55.0,102.0,85.0,112.0,True
1524,2,65.0,131.0,75.0,161.0,True
1524,2,55.0,180.0,85.0,190.0,True
1524,2,104.0,92.0,114.0,122.0,True
1524,2,94.0,180.0,124.0,190.0,True
1524,2,143.0,92.0,153.0,122.0,True
1524,2,172.0,63.0,202.0,73.0,True
1525,2,31.0,23.0,41.0,53.0,True
1525,2,60.0,150.0,90.0,160.0,True
1525,2,70.0,179.0,80.0,209.0,True
1525,2,109.0,62.0,119.0,92.0,True
1525,2,138.0,33.0,168.0,43.0,True
1525,2,148.0,62.0,158.0,92.0,True
1525,2,177.0,72.0,207.0,82.0,True
1525,2,177.0,150.0,207.0,160.0,True
1526,2,25.0,61.0,35.0,91.0,True
1526,2,15.0,110.0,45.0,120.0,True
1526,2,15.0,188.0,45.0,198.0,True
1526,2,64.0,61.0,74.0,91.0,True
1526,2,54.0,149.0,84.0,159.0,True
1526,2,93.0,71.0,123.0,81.0,True
1526,2,103.0,139.0,113.0,169.0,True
1526,2,142.0,22.0,152.0,52.0,True
1527,2,73.0,134.0,83.0,164.0,True
1527,2,63.0,183.0,93.0,193.0,True
1527,2,112.0,95.0,122.0,125.0,True
1527,2,102.0,144.0,132.0,154.0,True
1527,2,112.0,173.0,122.0,203.0,True
1527,2,180.0,66.0,210.0,76.0,True
1527,2,190.0,95.0,200.0,125.0,True
1527,2,180.0,144.0,210.0,154.0,True
1528,2,17.0,73.0,47.0,83.0,True
1528,2,17.0,112.0,47.0,122.0,True
1528,2,17.0,151.0,47.0,161.0,True
1528,2,56.0,73.0,86.0,83.0,True
1528,2,66.0,180.0,76.0,210.0,True
1528,2,144.0,180.0,154.0,210.0,True
1528,2,183.0,141.0,193.0,171.0,True
1528,2,183.0,180.0,193.0,210.0,True
1529,2,13.0,105.0,43.0,115.0,True
1529,2,23.0,173.0,33.0,203.0,True
1529,2,62.0,56.0,72.0,86.0,True
1529,2,52.0,144.0,82.0,154.0,True
1529,2,52.0,183.0,82.0,193.0,True
1529,2,130.0,27.0,160.0,37.0,True
1529,2,140.0,95.0,150.0,125.0,True
1529,2,179.0,173.0,189.0,203.0,True
1530,2,64.0,94.0,74.0,124.0,True
1530,2,54.0,143.0,84.0,153.0,True
1530,2,93.0,143.0,123.0,153.0,True
1530,2,103.0,172.0,113.0,202.0,True
1530,2,142.0,133.0,152.0,163.0,True
1530,2,142.0,172.0,152.0,202.0,True
1530,2,171.0,26.0,201.0,36.0,True
1530,2,171.0,104.0,201.0,114.0,True
1531,2,63.0,23.0,93.0,33.0,True
1531,2,73.0,52.0,83.0,82.0,True
1531,2,112.0,13.0,122.0,43.0,True
1531,2,102.0,140.0,132.0,150.0,True
1531,2,151.0,13.0,161.0,43.0,True
1531,2,141.0,140.0,171.0,150.0,True
1531,2,141.0,179.0,171.0,189.0,True
1531,2,190.0,169.0,200.0,199.0,True
1532,2,25.0,53.0,35.0,83.0,True
1532,2,64.0,14.0,74.0,44.0,True
1532,2,64.0,92.0,74.0,122.0,True
1532,2,93.0,63.0,123.0,73.0,True
1532,2,93.0,102.0,123.0,112.0,True
1532,2,103.0,131.0,113.0,161.0,True
1532,2,132.0,63.0,162.0,73.0,True
1532,2,171.0,24.0,201.0,34.0,True
1533,2,22.0,105.0,52.0,115.0,True
1533,2,61.0,27.0,91.0,37.0,True
1533,2,71.0,56.0,81.0,86.0,True
1533,2,71.0,95.0,81.0,125.0,True
1533,2,71.0,173.0,81.0,203.0,True
1533,2,100.0,27.0,130.0,37.0,True
1533,2,188.0,95.0,198.0,125.0,True
1533,2,178.0,183.0,208.0,193.0,True
1534,2,16.0,143.0,46.0,153.0,True
1534,2,16.0,182.0,46.0,192.0,True
1534,2,55.0,143.0,85.0,153.0,True
1534,2,104.0,172.0,114.0,202.0,True
1534,2,143.0,16.0,153.0,46.0,True
1534,2,182.0,55.0,192.0,85.0,True
1534,2,172.0,104.0,202.0,114.0,True
1534,2,182.0,172.0,192.0,202.0,True
1535,2,24.0,68.0,54.0,78.0,True
1535,2,24.0,185.0,54.0,195.0,True
1535,2,63.0,68.0,93.0,78.0,True
1535,2,73.0,175.0,83.0,205.0,True
1535,2,112.0,58.0,122.0,88.0,True
1535,2,141.0,68.0,171.0,78.0,True
1535,2,151.0,175.0,161.0,205.0,True
1535,2,190.0,175.0,200.0,205.0,True
1536,2,17.0,142.0,47.0,152.0,True
1536,2,66.0,54.0,76.0,84.0,True
1536,2,56.0,142.0,86.0,152.0,True
1536,2,66.0,171.0,76.0,201.0,True
1536,2,105.0,132.0,115.0,162.0,True
1536,2,173.0,25.0,203.0,35.0,True
1536,2,183.0,132.0,193.0,162.0,True
1536,2,173.0,181.0,203.0,191.0,True
1537,2,25.0,17.0,35.0,47.0,True
1537,2,15.0,105.0,45.0,115.0,True
1537,2,54.0,105.0,84.0,115.0,True
1537,2,103.0,17.0,113.0,47.0,True
1537,2,93.0,105.0,123.0,115.0,True
1537,2,103.0,134.0,113.0,164.0,True
1537,2,171.0,144.0,201.0,154.0,True
1537,2,181.0,173.0,191.0,203.0,True
1538,2,54.0,30.0,84.0,40.0,True
1538,2,54.0,108.0,84.0,118.0,True
1538,2,64.0,176.0,74.0,206.0,True
1538,2,93.0,30.0,123.0,40.0,True
1538,2,103.0,137.0,113.0,167.0,True
1538,2,142.0,59.0,152.0,89.0,True
1538,2,171.0,69.0,201.0,79.0,True
1538,2,181.0,137.0,191.0,167.0,True
1539,2,23.0,17.0,33.0,47.0,True
1539,2,23.0,173.0,33.0,203.0,True
1539,2,52.0,66.0,82.0,76.0,True
1539,2,62.0,95.0,72.0,125.0,True
1539,2,91.0,66.0,121.0,76.0,True
1539,2,91.0,105.0,121.0,115.0,True
1539,2,130.0,66.0,160.0,76.0,True
1539,2,140.0,134.0,150.0,164.0,True
1540,2,20.0,32.0,50.0,42.0,True
1540,2,20.0,71.0,50.0,81.0,True
1540,2,30.0,139.0,40.0,169.0,True
1540,2,59.0,149.0,89.0,159.0,True
1540,2,69.0,178.0,79.0,208.0,True
1540,2,147.0,61.0,157.0,91.0,True
1540,2,137.0,110.0,167.0,120.0,True
1540,2,186.0,100.0,196.0,130.0,True
1541,2,17.0,65.0,47.0,75.0,True
1541,2,17.0,182.0,47.0,192.0,True
1541,2,66.0,94.0,76.0,124.0,True
1541,2,66.0,133.0,76.0,163.0,True
1541,2,105.0,16.0,115.0,46.0,True
1541,2,105.0,172.0,115.0,202.0,True
1541,2,134.0,143.0,164.0,153.0,True
1541,2,173.0,65.0,203.0,75.0,True
1542,2,13.0,64.0,43.0,74.0,True
1542,2,52.0,103.0,82.0,113.0,True
1542,2,62.0,132.0,72.0,162.0,True
1542,2,140.0,93.0,150.0,123.0,True
1542,2,179.0,15.0,189.0,45.0,True
1542,2,169.0,64.0,199.0,74.0,True
1542,2,179.0,132.0,189.0,162.0,True
1542,2,169.0,181.0,199.0,191.0,True
1543,2,14.0,147.0,44.0,157.0,True
1543,2,63.0,98.0,73.0,128.0,True
1543,2,63.0,137.0,73.0,167.0,True
1543,2,102.0,20.0,112.0,50.0,True
1543,2,102.0,59.0,112.0,89.0,True
1543,2,131.0,69.0,161.0,79.0,True
1543,2,170.0,108.0,200.0,118.0,True
1543,2,170.0,147.0,200.0,157.0,True
1544,2,14.0,71.0,44.0,81.0,True
1544,2,53.0,32.0,83.0,42.0,True
1544,2,53.0,110.0,83.0,120.0,True
1544,2,63.0,139.0,73.0,169.0,True
1544,2,141.0,22.0,151.0,52.0,True
1544,2,170.0,32.0,200.0,42.0,True
1544,2,180.0,61.0,190.0,91.0,True
1544,2,180.0,178.0,190.0,208.0,True
1545,2,27.0,56.0,37.0,86.0,True
1545,2,27.0,95.0,37.0,125.0,True
1545,2,66.0,17.0,76.0,47.0,True
1545,2,66.0,56.0,76.0,86.0,True
1545,2,56.0,144.0,86.0,154.0,True
1545,2,134.0,144.0,164.0,154.0,True
1545,2,173.0,27.0,203.0,37.0,True
1545,2,173.0,144.0,203.0,154.0,True
1546,2,17.0,24.0,47.0,34.0,True
1546,2,56.0,24.0,86.0,34.0,True
1546,2,66.0,53.0,76.0,83.0,True
1546,2,95.0,24.0,125.0,34.0,True
1546,2,105.0,170.0,115.0,200.0,True
1546,2,144.0,14.0,154.0,44.0,True
1546,2,144.0,92.0,154.0,122.0,True
1546,2,173.0,102.0,203.0,112.0,True
1547,2,33.0,18.0,43.0,48.0,True
1547,2,23.0,184.0,53.0,194.0,True
1547,2,72.0,96.0,82.0,126.0,True
1547,2,101.0,28.0,131.0,38.0,True
1547,2,140.0,28.0,170.0,38.0,True
1547,2,140.0,106.0,170.0,116.0,True
1547,2,189.0,18.0,199.0,48.0,True
1547,2,189.0,174.0,199.0,204.0,True
1548,2,29.0,14.0,39.0,44.0,True
1548,2,29.0,92.0,39.0,122.0,True
1548,2,68.0,92.0,78.0,122.0,True
1548,2,58.0,141.0,88.0,151.0,True
1548,2,97.0,102.0,127.0,112.0,True
1548,2,97.0,180.0,127.0,190.0,True
1548,2,185.0,14.0,195.0,44.0,True
1548,2,175.0,63.0,205.0,73.0,True
1549,2,19.0,31.0,49.0,41.0,True
1549,2,29.0,138.0,39.0,168.0,True
1549,2,107.0,21.0,117.0,51.0,True
1549,2,136.0,31.0,166.0,41.0,True
1549,2,136.0,109.0,166.0,119.0,True
1549,2,146.0,177.0,156.0,207.0,True
1549,2,175.0,70.0,205.0,80.0,True
1549,2,185.0,99.0,195.0,129.0,True
1550,2,34.0,60.0,44.0,90.0,True
1550,2,24.0,109.0,54.0,119.0,True
1550,2,24.0,148.0,54.0,158.0,True
1550,2,63.0,31.0,93.0,41.0,True
1550,2,63.0,109.0,93.0,119.0,True
1550,2,112.0,177.0,122.0,207.0,True
1550,2,190.0,99.0,200.0,129.0,True
1550,2,190.0,177.0,200.0,207.0,True
1551,2,24.0,22.0,34.0,52.0,True
1551,2,14.0,149.0,44.0,159.0,True
1551,2,63.0,178.0,73.0,208.0,True
1551,2,92.0,149.0,122.0,159.0,True
1551,2,92.0,188.0,122.0,198.0,True
1551,2,131.0,149.0,161.0,159.0,True
1551,2,180.0,22.0,190.0,52.0,True
1551,2,180.0,61.0,190.0,91.0,True
1552,2,29.0,92.0,39.0,122.0,True
1552,2,29.0,170.0,39.0,200.0,True
1552,2,58.0,63.0,88.0,73.0,True
1552,2,68.0,170.0,78.0,200.0,True
1552,2,97.0,102.0,127.0,112.0,True
1552,2,146.0,53.0,156.0,83.0,True
1552,2,136.0,102.0,166.0,112.0,True
1552,2,175.0,24.0,205.0,34.0,True
1553,2,15.0,106.0,45.0,116.0,True
1553,2,25.0,135.0,35.0,165.0,True
1553,2,25.0,174.0,35.0,204.0,True
1553,2,54.0,145.0,84.0,155.0,True
1553,2,103.0,18.0,113.0,48.0,True
1553,2,103.0,135.0,113.0,165.0,True
1553,2,132.0,28.0,162.0,38.0,True
1553,2,171.0,184.0,201.0,194.0,True
1554,2,26.0,59.0,36.0,89.0,True
1554,2,26.0,98.0,36.0,128.0,True
1554,2,55.0,186.0,85.0,196.0,True
1554,2,94.0,108.0,124.0,118.0,True
1554,2,104.0,176.0,114.0,206.0,True
1554,2,133.0,108.0,163.0,118.0,True
1554,2,172.0,30.0,202.0,40.0,True
1554,2,182.0,137.0,192.0,167.0,True
1555,2,23.0,111.0,53.0,121.0,True
1555,2,23.0,189.0,53.0,199.0,True
1555,2,72.0,179.0,82.0,209.0,True
1555,2,111.0,101.0,121.0,131.0,True
1555,2,101.0,150.0,131.0,160.0,True
1555,2,150.0,140.0,160.0,170.0,True
1555,2,179.0,33.0,209.0,43.0,True
1555,2,189.0,140.0,199.0,170.0,True
1556,2,14.0,32.0,44.0,42.0,True
1556,2,14.0,71.0,44.0,81.0,True
1556,2,102.0,22.0,112.0,52.0,True
1556,2,131.0,110.0,161.0,120.0,True
1556,2,141.0,178.0,151.0,208.0,True
1556,2,170.0,71.0,200.0,81.0,True
1556,2,180.0,139.0,190.0,169.0,True
1556,2,180.0,178.0,190.0,208.0,True
1557,2,27.0,172.0,37.0,202.0,True
1557,2,66.0,16.0,76.0,46.0,True
1557,2,56.0,104.0,86.0,114.0,True
1557,2,56.0,182.0,86.0,192.0,True
1557,2,134.0,104.0,164.0,114.0,True
1557,2,183.0,16.0,193.0,46.0,True
1557,2,173.0,143.0,203.0,153.0,True
1557,2,183.0,172.0,193.0,202.0,True
1558,2,25.0,24.0,35.0,54.0,True
1558,2,64.0,141.0,74.0,171.0,True
1558,2,103.0,24.0,113.0,54.0,True
1558,2,93.0,112.0,123.0,122.0,True
1558,2,93.0,190.0,123.0,200.0,True
1558,2,132.0,151.0,162.0,161.0,True
1558,2,181.0,63.0,191.0,93.0,True
1558,2,171.0,151.0,201.0,161.0,True
1559,2,19.0,140.0,49.0,150.0,True
1559,2,68.0,91.0,78.0,121.0,True
1559,2,58.0,140.0,88.0,150.0,True
1559,2,107.0,130.0,117.0,160.0,True
1559,2,146.0,91.0,156.0,121.0,True
1559,2,136.0,179.0,166.0,189.0,True
1559,2,185.0,13.0,195.0,43.0,True
1559,2,175.0,101.0,205.0,111.0,True
1560,2,25.0,22.0,35.0,52.0,True
1560,2,54.0,32.0,84.0,42.0,True
1560,2,64.0,139.0,74.0,169.0,True
1560,2,54.0,188.0,84.0,198.0,True
1560,2,103.0,22.0,113.0,52.0,True
1560,2,103.0,178.0,113.0,208.0,True
1560,2,132.0,32.0,162.0,42.0,True
1560,2,171.0,188.0,201.0,198.0,True
1561,2,24.0,63.0,34.0,93.0,True
1561,2,63.0,63.0,73.0,93.0,True
1561,2,53.0,190.0,83.0,200.0,True
1561,2,102.0,63.0,112.0,93.0,True
1561,2,141.0,180.0,151.0,210.0,True
1561,2,170.0,73.0,200.0,83.0,True
1561,2,170.0,112.0,200.0,122.0,True
1561,2,170.0,151.0,200.0,161.0,True
1562,2,22.0,110.0,52.0,120.0,True
1562,2,71.0,61.0,81.0,91.0,True
1562,2,61.0,188.0,91.0,198.0,True
1562,2,110.0,100.0,120.0,130.0,True
1562,2,149.0,22.0,159.0,52.0,True
1562,2,139.0,71.0,169.0,81.0,True
1562,2,139.0,188.0,169.0,198.0,True
1562,2,188.0,178.0,198.0,208.0,True
1563,2,72.0,52.0,82.0,82.0,True
1563,2,62.0,140.0,92.0,150.0,True
1563,2,101.0,62.0,131.0,72.0,True
1563,2,150.0,52.0,160.0,82.0,True
1563,2,140.0,101.0,170.0,111.0,True
1563,2,150.0,169.0,160.0,199.0,True
1563,2,179.0,62.0,209.0,72.0,True
1563,2,189.0,130.0,199.0,160.0,True
1564,2,24.0,26.0,54.0,36.0,True
1564,2,24.0,104.0,54.0,114.0,True
1564,2,73.0,55.0,83.0,85.0,True
1564,2,63.0,104.0,93.0,114.0,True
1564,2,63.0,143.0,93.0,153.0,True
1564,2,112.0,16.0,122.0,46.0,True
1564,2,112.0,133.0,122.0,163.0,True
1564,2,190.0,55.0,200.0,85.0,True
1565,2,22.0,190.0,52.0,200.0,True
1565,2,61.0,151.0,91.0,161.0,True
1565,2,61.0,190.0,91.0,200.0,True
1565,2,110.0,24.0,120.0,54.0,True
1565,2,110.0,63.0,120.0,93.0,True
1565,2,100.0,151.0,130.0,161.0,True
1565,2,149.0,63.0,159.0,93.0,True
1565,2,188.0,141.0,198.0,171.0,True
1566,2,30.0,61.0,40.0,91.0,True
1566,2,59.0,32.0,89.0,42.0,True
1566,2,59.0,71.0,89.0,81.0,True
1566,2,59.0,110.0,89.0,120.0,True
1566,2,59.0,149.0,89.0,159.0,True
1566,2,69.0,178.0,79.0,208.0,True
1566,2,147.0,22.0,157.0,52.0,True
1566,2,147.0,61.0,157.0,91.0,True
1567,2,25.0,92.0,35.0,122.0,True
1567,2,25.0,131.0,35.0,161.0,True
1567,2,54.0,24.0,84.0,34.0,True
1567,2,93.0,24.0,123.0,34.0,True
1567,2,103.0,92.0,113.0,122.0,True
1567,2,93.0,180.0,123.0,190.0,True
1567,2,171.0,102.0,201.0,112.0,True
1567,2,181.0,170.0,191.0,200.0,True
1568,2,19.0,26.0,49.0,36.0,True
1568,2,58.0,65.0,88.0,75.0,True
1568,2,58.0,104.0,88.0,114.0,True
1568,2,58.0,182.0,88.0,192.0,True
1568,2,107.0,55.0,117.0,85.0,True
1568,2,107.0,94.0,117.0,124.0,True
1568,2,146.0,94.0,156.0,124.0,True
1568,2,146.0,172.0,156.0,202.0,True
1569,2,16.0,179.0,46.0,189.0,True
1569,2,104.0,52.0,114.0,82.0,True
1569,2,104.0,91.0,114.0,121.0,True
1569,2,94.0,179.0,124.0,189.0,True
1569,2,133.0,101.0,163.0,111.0,True
1569,2,133.0,179.0,163.0,189.0,True
1569,2,182.0,52.0,192.0,82.0,True
1569,2,182.0,91.0,192.0,121.0,True
1570,2,20.0,30.0,50.0,40.0,True
1570,2,20.0,69.0,50.0,79.0,True
1570,2,20.0,147.0,50.0,157.0,True
1570,2,98.0,30.0,128.0,40.0,True
1570,2,108.0,137.0,118.0,167.0,True
1570,2,147.0,176.0,157.0,206.0,True
1570,2,186.0,20.0,196.0,50.0,True
1570,2,186.0,176.0,196.0,206.0,True
1571,2,24.0,54.0,34.0,84.0,True
1571,2,53.0,142.0,83.0,152.0,True
1571,2,63.0,171.0,73.0,201.0,True
1571,2,102.0,132.0,112.0,162.0,True
1571,2,141.0,54.0,151.0,84.0,True
1571,2,131.0,142.0,161.0,152.0,True
1571,2,170.0,25.0,200.0,35.0,True
1571,2,170.0,64.0,200.0,74.0,True
1572,2,22.0,143.0,52.0,153.0,True
1572,2,22.0,182.0,52.0,192.0,True
1572,2,61.0,143.0,91.0,153.0,True
1572,2,110.0,94.0,120.0,124.0,True
1572,2,149.0,16.0,159.0,46.0,True
1572,2,149.0,55.0,159.0,85.0,True
1572,2,188.0,16.0,198.0,46.0,True
1572,2,178.0,104.0,208.0,114.0,True
1573,2,18.0,180.0,48.0,190.0,True
1573,2,67.0,131.0,77.0,161.0,True
1573,2,67.0,170.0,77.0,200.0,True
1573,2,96.0,63.0,126.0,73.0,True
1573,2,135.0,24.0,165.0,34.0,True
1573,2,145.0,53.0,155.0,83.0,True
1573,2,135.0,141.0,165.0,151.0,True
1573,2,145.0,170.0,155.0,200.0,True
1574,2,24.0,62.0,34.0,92.0,True
1574,2,53.0,33.0,83.0,43.0,True
1574,2,53.0,189.0,83.0,199.0,True
1574,2,141.0,23.0,151.0,53.0,True
1574,2,141.0,62.0,151.0,92.0,True
1574,2,131.0,111.0,161.0,121.0,True
1574,2,131.0,150.0,161.0,160.0,True
1574,2,141.0,179.0,151.0,209.0,True
1575,2,34.0,96.0,44.0,126.0,True
1575,2,24.0,184.0,54.0,194.0,True
1575,2,63.0,28.0,93.0,38.0,True
1575,2,102.0,184.0,132.0,194.0,True
1575,2,141.0,67.0,171.0,77.0,True
1575,2,151.0,96.0,161.0,126.0,True
1575,2,151.0,135.0,161.0,165.0,True
1575,2,190.0,135.0,200.0,165.0,True
1576,2,32.0,95.0,42.0,125.0,True
1576,2,71.0,56.0,81.0,86.0,True
1576,2,71.0,95.0,81.0,125.0,True
1576,2,61.0,144.0,91.0,154.0,True
1576,2,61.0,183.0,91.0,193.0,True
1576,2,100.0,144.0,130.0,154.0,True
1576,2,139.0,144.0,169.0,154.0,True
1576,2,188.0,17.0,198.0,47.0,True
1577,2,33.0,18.0,43.0,48.0,True
1577,2,62.0,28.0,92.0,38.0,True
1577,2,101.0,106.0,131.0,116.0,True
1577,2,101.0,184.0,131.0,194.0,True
1577,2,140.0,28.0,170.0,38.0,True
1577,2,189.0,57.0,199.0,87.0,True
1577,2,189.0,96.0,199.0,126.0,True
1577,2,189.0,174.0,199.0,204.0,True
1578,2,23.0,24.0,33.0,54.0,True
1578,2,13.0,73.0,43.0,83.0,True
1578,2,13.0,112.0,43.0,122.0,True
1578,2,23.0,180.0,33.0,210.0,True
1578,2,101.0,24.0,111.0,54.0,True
1578,2,101.0,141.0,111.0,171.0,True
1578,2,169.0,34.0,199.0,44.0,True
1578,2,169.0,112.0,199.0,122.0,True
1579,2,32.0,21.0,42.0,51.0,True
1579,2,22.0,70.0,52.0,80.0,True
1579,2,61.0,109.0,91.0,119.0,True
1579,2,100.0,148.0,130.0,158.0,True
1579,2,149.0,21.0,159.0,51.0,True
1579,2,188.0,21.0,198.0,51.0,True
1579,2,188.0,60.0,198.0,90.0,True
1579,2,178.0,109.0,208.0,119.0,True
1580,2,13.0,24.0,43.0,34.0,True
1580,2,23.0,92.0,33.0,122.0,True
1580,2,23.0,170.0,33.0,200.0,True
1580,2,52.0,141.0,82.0,151.0,True
1580,2,91.0,180.0,121.0,190.0,True
1580,2,140.0,92.0,150.0,122.0,True
1580,2,140.0,131.0,150.0,161.0,True
1580,2,169.0,141.0,199.0,151.0,True
1581,2,33.0,22.0,43.0,52.0,True
1581,2,33.0,61.0,43.0,91.0,True
1581,2,23.0,110.0,53.0,120.0,True
1581,2,111.0,22.0,121.0,52.0,True
1581,2,150.0,61.0,160.0,91.0,True
1581,2,140.0,149.0,170.0,159.0,True
1581,2,140.0,188.0,170.0,198.0,True
1581,2,179.0,188.0,209.0,198.0,True
1582,2,14.0,26.0,44.0,36.0,True
1582,2,24.0,55.0,34.0,85.0,True
1582,2,53.0,143.0,83.0,153.0,True
1582,2,63.0,172.0,73.0,202.0,True
1582,2,92.0,104.0,122.0,114.0,True
1582,2,131.0,65.0,161.0,75.0,True
1582,2,141.0,133.0,151.0,163.0,True
1582,2,180.0,94.0,190.0,124.0,True
1583,2,23.0,141.0,33.0,171.0,True
1583,2,13.0,190.0,43.0,200.0,True
1583,2,130.0,34.0,160.0,44.0,True
1583,2,140.0,102.0,150.0,132.0,True
1583,2,140.0,141.0,150.0,171.0,True
1583,2,169.0,73.0,199.0,83.0,True
1583,2,169.0,112.0,199.0,122.0,True
1583,2,179.0,141.0,189.0,171.0,True
1584,2,29.0,15.0,39.0,45.0,True
1584,2,68.0,132.0,78.0,162.0,True
1584,2,68.0,171.0,78.0,201.0,True
1584,2,107.0,171.0,117.0,201.0,True
1584,2,136.0,25.0,166.0,35.0,True
1584,2,136.0,64.0,166.0,74.0,True
1584,2,175.0,142.0,205.0,152.0,True
1584,2,175.0,181.0,205.0,191.0,True
1585,2,22.0,23.0,52.0,33.0,True
1585,2,22.0,140.0,52.0,150.0,True
1585,2,61.0,179.0,91.0,189.0,True
1585,2,110.0,52.0,120.0,82.0,True
1585,2,100.0,179.0,130.0,189.0,True
1585,2,149.0,52.0,159.0,82.0,True
1585,2,149.0,169.0,159.0,199.0,True
1585,2,188.0,13.0,198.0,43.0,True
1586,2,17.0,72.0,47.0,82.0,True
1586,2,27.0,140.0,37.0,170.0,True
1586,2,66.0,62.0,76.0,92.0,True
1586,2,66.0,101.0,76.0,131.0,True
1586,2,105.0,179.0,115.0,209.0,True
1586,2,134.0,33.0,164.0,43.0,True
1586,2,134.0,72.0,164.0,82.0,True
1586,2,173.0,111.0,203.0,121.0,True
1587,2,63.0,101.0,93.0,111.0,True
1587,2,63.0,140.0,93.0,150.0,True
1587,2,112.0,13.0,122.0,43.0,True
1587,2,112.0,91.0,122.0,121.0,True
1587,2,112.0,130.0,122.0,160.0,True
1587,2,102.0,179.0,132.0,189.0,True
1587,2,151.0,13.0,161.0,43.0,True
1587,2,180.0,179.0,210.0,189.0,True
1588,2,33.0,13.0,43.0,43.0,True
1588,2,33.0,169.0,43.0,199.0,True
1588,2,62.0,101.0,92.0,111.0,True
1588,2,72.0,169.0,82.0,199.0,True
1588,2,101.0,62.0,131.0,72.0,True
1588,2,101.0,179.0,131.0,189.0,True
1588,2,150.0,169.0,160.0,199.0,True
1588,2,179.0,62.0,209.0,72.0,True
1589,2,28.0,96.0,38.0,126.0,True
1589,2,28.0,135.0,38.0,165.0,True
1589,2,18.0,184.0,48.0,194.0,True
1589,2,96.0,28.0,126.0,38.0,True
1589,2,106.0,96.0,116.0,126.0,True
1589,2,135.0,145.0,165.0,155.0,True
1589,2,174.0,145.0,204.0,155.0,True
1589,2,184.0,174.0,194.0,204.0,True
1590,2,13.0,23.0,43.0,33.0,True
1590,2,23.0,91.0,33.0,121.0,True
1590,2,62.0,13.0,72.0,43.0,True
1590,2,52.0,179.0,82.0,189.0,True
1590,2,140.0,130.0,150.0,160.0,True
1590,2,140.0,169.0,150.0,199.0,True
1590,2,169.0,101.0,199.0,111.0,True
1590,2,169.0,179.0,199.0,189.0,True
1591,2,23.0,94.0,33.0,124.0,True
1591,2,91.0,65.0,121.0,75.0,True
1591,2,101.0,172.0,111.0,202.0,True
1591,2,130.0,26.0,160.0,36.0,True
1591,2,179.0,16.0,189.0,46.0,True
1591,2,179.0,55.0,189.0,85.0,True
1591,2,169.0,143.0,199.0,153.0,True
1591,2,169.0,182.0,199.0,192.0,True
1592,2,29.0,15.0,39.0,45.0,True
1592,2,58.0,25.0,88.0,35.0,True
1592,2,97.0,25.0,127.0,35.0,True
1592,2,97.0,103.0,127.0,113.0,True
1592,2,107.0,132.0,117.0,162.0,True
1592,2,107.0,171.0,117.0,201.0,True
1592,2,136.0,25.0,166.0,35.0,True
1592,2,185.0,132.0,195.0,162.0,True
1593,2,16.0,33.0,46.0,43.0,True
1593,2,104.0,23.0,114.0,53.0,True
1593,2,104.0,62.0,114.0,92.0,True
1593,2,104.0,140.0,114.0,170.0,True
1593,2,104.0,179.0,114.0,209.0,True
1593,2,133.0,72.0,163.0,82.0,True
1593,2,133.0,150.0,163.0,160.0,True
1593,2,172.0,72.0,202.0,82.0,True
1594,2,13.0,24.0,43.0,34.0,True
1594,2,23.0,131.0,33.0,161.0,True
1594,2,52.0,24.0,82.0,34.0,True
1594,2,52.0,63.0,82.0,73.0,True
1594,2,101.0,53.0,111.0,83.0,True
1594,2,91.0,102.0,121.0,112.0,True
1594,2,140.0,53.0,150.0,83.0,True
1594,2,140.0,170.0,150.0,200.0,True
1595,2,26.0,100.0,36.0,130.0,True
1595,2,26.0,178.0,36.0,208.0,True
1595,2,55.0,71.0,85.0,81.0,True
1595,2,55.0,110.0,85.0,120.0,True
1595,2,55.0,149.0,85.0,159.0,True
1595,2,55.0,188.0,85.0,198.0,True
1595,2,104.0,178.0,114.0,208.0,True
1595,2,182.0,100.0,192.0,130.0,True
1596,2,59.0,65.0,89.0,75.0,True
1596,2,59.0,104.0,89.0,114.0,True
1596,2,69.0,133.0,79.0,163.0,True
1596,2,69.0,172.0,79.0,202.0,True
1596,2,98.0,182.0,128.0,192.0,True
1596,2,137.0,182.0,167.0,192.0,True
1596,2,186.0,133.0,196.0,163.0,True
1596,2,186.0,172.0,196.0,202.0,True
1597,2,22.0,33.0,52.0,43.0,True
1597,2,32.0,179.0,42.0,209.0,True
1597,2,71.0,62.0,81.0,92.0,True
1597,2,100.0,111.0,130.0,121.0,True
1597,2,100.0,189.0,130.0,199.0,True
1597,2,188.0,23.0,198.0,53.0,True
1597,2,188.0,140.0,198.0,170.0,True
1597,2,178.0,189.0,208.0,199.0,True
1598,2,16.0,141.0,46.0,151.0,True
1598,2,55.0,24.0,85.0,34.0,True
1598,2,65.0,92.0,75.0,122.0,True
1598,2,104.0,14.0,114.0,44.0,True
1598,2,143.0,14.0,153.0,44.0,True
1598,2,143.0,170.0,153.0,200.0,True
1598,2,172.0,24.0,202.0,34.0,True
1598,2,172.0,141.0,202.0,151.0,True
1599,2,19.0,112.0,49.0,122.0,True
1599,2,97.0,34.0,127.0,44.0,True
1599,2,146.0,63.0,156.0,93.0,True
1599,2,146.0,102.0,156.0,132.0,True
1599,2,136.0,151.0,166.0,161.0,True
1599,2,185.0,24.0,195.0,54.0,True
1599,2,185.0,102.0,195.0,132.0,True
1599,2,175.0,151.0,205.0,161.0,True
1700,2,18.0,24.0,48.0,54.0,True
1701,2,21.0,19.0,51.0,49.0,True
1702,2,21.0,21.0,51.0,51.0,True
1703,2,22.0,58.0,52.0,88.0,True
1704,2,22.0,63.0,52.0,93.0,True
1705,2,22.0,60.0,52.0,90.0,True
1706,2,21.0,61.0,51.0,91.0,True
1707,2,22.0,57.0,52.0,87.0,True
1708,2,15.0,97.0,45.0,127.0,True
1709,2,17.0,102.0,47.0,132.0,True
1710,2,16.0,98.0,46.0,128.0,True
1711,2,23.0,100.0,53.0,130.0,True
1712,2,15.0,95.0,45.0,125.0,True
1713,2,18.0,136.0,48.0,166.0,True
1714,2,17.0,141.0,47.0,171.0,True
1715,2,13.0,133.0,43.0,163.0,True
1716,2,18.0,169.0,48.0,199.0,True
1717,2,15.0,180.0,45.0,210.0,True
1718,2,18.0,174.0,48.0,204.0,True
1719,2,58.0,24.0,88.0,54.0,True
1720,2,57.0,24.0,87.0,54.0,True
1721,2,56.0,19.0,86.0,49.0,True
1722,2,55.0,24.0,85.0,54.0,True
1723,2,63.0,53.0,93.0,83.0,True
1724,2,62.0,60.0,92.0,90.0,True
1725,2,55.0,55.0,85.0,85.0,True
1726,2,57.0,61.0,87.0,91.0,True
1727,2,56.0,54.0,86.0,84.0,True
1728,2,59.0,54.0,89.0,84.0,True
1729,2,52.0,102.0,82.0,132.0,True
1730,2,57.0,101.0,87.0,131.0,True
1731,2,59.0,132.0,89.0,162.0,True
1732,2,55.0,140.0,85.0,170.0,True
1733,2,52.0,138.0,82.0,168.0,True
1734,2,60.0,137.0,90.0,167.0,True
1735,2,54.0,133.0,84.0,163.0,True
1736,2,52.0,173.0,82.0,203.0,True
1737,2,61.0,169.0,91.0,199.0,True
1738,2,61.0,175.0,91.0,205.0,True
1739,2,60.0,169.0,90.0,199.0,True
1740,2,53.0,180.0,83.0,210.0,True
1741,2,97.0,24.0,127.0,54.0,True
1742,2,100.0,14.0,130.0,44.0,True
1743,2,93.0,23.0,123.0,53.0,True
1744,2,94.0,23.0,124.0,53.0,True
1745,2,93.0,22.0,123.0,52.0,True
1746,2,99.0,15.0,129.0,45.0,True
1747,2,97.0,54.0,127.0,84.0,True
1748,2,101.0,100.0,131.0,130.0,True
1749,2,93.0,94.0,123.0,124.0,True
1750,2,93.0,98.0,123.0,128.0,True
1751,2,100.0,93.0,130.0,123.0,True
1752,2,92.0,94.0,122.0,124.0,True
1753,2,94.0,135.0,124.0,165.0,True
1754,2,96.0,171.0,126.0,201.0,True
1755,2,100.0,177.0,130.0,207.0,True
1756,2,98.0,169.0,128.0,199.0,True
1757,2,91.0,178.0,121.0,208.0,True
1758,2,134.0,15.0,164.0,45.0,True
1759,2,137.0,19.0,167.0,49.0,True
1760,2,132.0,17.0,162.0,47.0,True
1761,2,132.0,56.0,162.0,86.0,True
1762,2,137.0,55.0,167.0,85.0,True
1763,2,136.0,52.0,166.0,82.0,True
1764,2,138.0,99.0,168.0,129.0,True
1765,2,135.0,97.0,165.0,127.0,True
1766,2,133.0,100.0,163.0,130.0,True
1767,2,138.0,95.0,168.0,125.0,True
1768,2,133.0,99.0,163.0,129.0,True
1769,2,139.0,101.0,169.0,131.0,True
1770,2,134.0,94.0,164.0,124.0,True
1771,2,140.0,135.0,170.0,165.0,True
1772,2,140.0,137.0,170.0,167.0,True
1773,2,138.0,177.0,168.0,207.0,True
1774,2,131.0,178.0,161.0,208.0,True
1775,2,140.0,179.0,170.0,209.0,True
1776,2,133.0,169.0,163.0,199.0,True
1777,2,138.0,170.0,168.0,200.0,True
1778,2,131.0,177.0,161.0,207.0,True
1779,2,174.0,22.0,204.0,52.0,True
1780,2,170.0,20.0,200.0,50.0,True
1781,2,172.0,21.0,202.0,51.0,True
1782,2,169.0,23.0,199.0,53.0,True
1783,2,175.0,61.0,205.0,91.0,True
1784,2,174.0,62.0,204.0,92.0,True
1785,2,177.0,94.0,207.0,124.0,True
1786,2,172.0,96.0,202.0,126.0,True
1787,2,173.0,101.0,203.0,131.0,True
1788,2,171.0,102.0,201.0,132.0,True
1789,2,176.0,95.0,206.0,125.0,True
1790,2,169.0,138.0,199.0,168.0,True
1791,2,180.0,130.0,210.0,160.0,True
1792,2,175.0,131.0,205.0,161.0,True
1793,2,170.0,135.0,200.0,165.0,True
1794,2,180.0,175.0,210.0,205.0,True
1795,2,172.0,180.0,202.0,210.0,True
1796,2,171.0,179.0,201.0,209.0,True
1797,2,180.0,170.0,210.0,200.0,True
1798,2,170.0,180.0,200.0,210.0,True
1799,2,174.0,177.0,204.0,207.0,True
1800,2,22.0,18.0,52.0,48.0,True
1801,2,15.0,23.0,45.0,53.0,True
1802,2,95.0,18.0,125.0,48.0,True
1803,2,25.0,21.0,55.0,51.0,True
1804,2,171.0,17.0,201.0,47.0,True
1805,2,177.0,61.0,207.0,91.0,True
1806,2,24.0,61.0,54.0,91.0,True
1807,2,18.0,56.0,48.0,86.0,True
1808,2,19.0,59.0,49.0,89.0,True
1809,2,25.0,53.0,55.0,83.0,True
1810,2,19.0,60.0,49.0,90.0,True
1811,2,25.0,53.0,55.0,83.0,True
1812,2,19.0,64.0,49.0,94.0,True
1813,2,14.0,53.0,44.0,83.0,True
1814,2,20.0,53.0,50.0,83.0,True
1815,2,22.0,55.0,52.0,85.0,True
1816,2,23.0,179.0,53.0,209.0,True
1817,2,99.0,92.0,129.0,122.0,True
1818,2,101.0,134.0,131.0,164.0,True
1819,2,95.0,181.0,125.0,211.0,True
1820,2,140.0,139.0,170.0,169.0,True
1821,2,173.0,54.0,203.0,84.0,True
1822,2,175.0,63.0,205.0,93.0,True
1823,2,14.0,137.0,44.0,167.0,True
1824,2,21.0,134.0,51.0,164.0,True
1825,2,21.0,136.0,51.0,166.0,True
1826,2,93.0,101.0,123.0,131.0,True
1827,2,93.0,98.0,123.0,128.0,True
1828,2,135.0,18.0,165.0,48.0,True
1829,2,139.0,58.0,169.0,88.0,True
1830,2,134.0,100.0,164.0,130.0,True
1831,2,17.0,138.0,47.0,168.0,True
1832,2,16.0,134.0,46.0,164.0,True
1833,2,15.0,134.0,45.0,164.0,True
1834,2,16.0,174.0,46.0,204.0,True
1835,2,57.0,172.0,87.0,202.0,True
1836,2,136.0,58.0,166.0,88.0,True
1837,2,24.0,178.0,54.0,208.0,True
1838,2,19.0,174.0,49.0,204.0,True
1839,2,62.0,20.0,92.0,50.0,True
1840,2,99.0,98.0,129.0,128.0,True
1841,2,101.0,96.0,131.0,126.0,True
1842,2,102.0,138.0,132.0,168.0,True
1843,2,93.0,170.0,123.0,200.0,True
1844,2,55.0,23.0,85.0,53.0,True
1845,2,58.0,17.0,88.0,47.0,True
1846,2,63.0,18.0,93.0,48.0,True
1847,2,142.0,181.0,172.0,211.0,True
1848,2,61.0,99.0,91.0,129.0,True
1849,2,64.0,63.0,94.0,93.0,True
1850,2,58.0,59.0,88.0,89.0,True
1851,2,62.0,63.0,92.0,93.0,True
1852,2,103.0,20.0,133.0,50.0,True
1853,2,59.0,59.0,89.0,89.0,True
1854,2,102.0,53.0,132.0,83.0,True
1855,2,55.0,59.0,85.0,89.0,True
1856,2,60.0,103.0,90.0,133.0,True
1857,2,53.0,100.0,83.0,130.0,True
1858,2,64.0,93.0,94.0,123.0,True
1859,2,64.0,96.0,94.0,126.0,True
1860,2,58.0,99.0,88.0,129.0,True
1861,2,177.0,17.0,207.0,47.0,True
1862,2,173.0,92.0,203.0,122.0,True
1863,2,102.0,170.0,132.0,200.0,True
1864,2,53.0,140.0,83.0,170.0,True
1865,2,60.0,131.0,90.0,161.0,True
1866,2,55.0,174.0,85.0,204.0,True
1867,2,92.0,140.0,122.0,170.0,True
1868,2,101.0,177.0,131.0,207.0,True
1869,2,133.0,14.0,163.0,44.0,True
1870,2,139.0,102.0,169.0,132.0,True
1871,2,63.0,172.0,93.0,202.0,True
1872,2,141.0,19.0,171.0,49.0,True
1873,2,94.0,62.0,124.0,92.0,True
1874,2,92.0,64.0,122.0,94.0,True
1875,2,139.0,64.0,169.0,94.0,True
1876,2,139.0,56.0,169.0,86.0,True
1877,2,134.0,61.0,164.0,91.0,True
1878,2,140.0,94.0,170.0,124.0,True
1879,2,134.0,142.0,164.0,172.0,True
1880,2,95.0,172.0,125.0,202.0,True
1881,2,173.0,140.0,203.0,170.0,True
1882,2,170.0,141.0,200.0,171.0,True
1883,2,133.0,134.0,163.0,164.0,True
1884,2,102.0,133.0,132.0,163.0,True
1885,2,142.0,57.0,172.0,87.0,True
1886,2,95.0,170.0,125.0,200.0,True
1887,2,99.0,181.0,129.0,211.0,True
1888,2,94.0,172.0,124.0,202.0,True
1889,2,131.0,24.0,161.0,54.0,True
1890,2,132.0,15.0,162.0,45.0,True
1891,2,131.0,17.0,161.0,47.0,True
1892,2,139.0,55.0,169.0,85.0,True
1893,2,172.0,170.0,202.0,200.0,True
1894,2,179.0,100.0,209.0,130.0,True
1895,2,138.0,134.0,168.0,164.0,True
1896,2,140.0,135.0,170.0,165.0,True
1897,2,176.0,137.0,206.0,167.0,True
1898,2,177.0,181.0,207.0,211.0,True
1899,2,173.0,64.0,203.0,94.0,True
1900,2,24.0,24.0,54.0,54.0,True
1900,2,24.0,102.0,54.0,132.0,True
1901,2,21.0,19.0,51.0,49.0,True
1901,2,21.0,136.0,51.0,166.0,True
1902,2,25.0,19.0,55.0,49.0,True
1902,2,64.0,19.0,94.0,49.0,True
1903,2,20.0,16.0,50.0,46.0,True
1903,2,59.0,172.0,89.0,202.0,True
1904,2,19.0,17.0,49.0,47.0,True
1904,2,97.0,17.0,127.0,47.0,True
1905,2,15.0,17.0,45.0,47.0,True
1905,2,93.0,134.0,123.0,164.0,True
1906,2,16.0,24.0,46.0,54.0,True
1906,2,133.0,24.0,163.0,54.0,True
1907,2,16.0,22.0,46.0,52.0,True
1907,2,172.0,61.0,202.0,91.0,True
1908,2,20.0,18.0,50.0,48.0,True
1908,2,176.0,57.0,206.0,87.0,True
1909,2,17.0,23.0,47.0,53.0,True
1909,2,173.0,140.0,203.0,170.0,True
1910,2,17.0,64.0,47.0,94.0,True
1910,2,17.0,142.0,47.0,172.0,True
1911,2,25.0,64.0,55.0,94.0,True
1911,2,64.0,64.0,94.0,94.0,True
1912,2,24.0,54.0,54.0,84.0,True
1912,2,63.0,132.0,93.0,162.0,True
1913,2,14.0,61.0,44.0,91.0,True
1913,2,92.0,22.0,122.0,52.0,True
1914,2,20.0,54.0,50.0,84.0,True
1914,2,98.0,54.0,128.0,84.0,True
1915,2,17.0,64.0,47.0,94.0,True
1915,2,95.0,142.0,125.0,172.0,True
1916,2,24.0,58.0,54.0,88.0,True
1916,2,102.0,136.0,132.0,166.0,True
1917,2,21.0,56.0,51.0,86.0,True
1917,2,99.0,173.0,129.0,203.0,True
1918,2,24.0,56.0,54.0,86.0,True
1918,2,141.0,17.0,171.0,47.0,True
1919,2,20.0,100.0,50.0,130.0,True
1919,2,20.0,139.0,50.0,169.0,True
1920,2,24.0,100.0,54.0,130.0,True
1920,2,24.0,178.0,54.0,208.0,True
1921,2,24.0,101.0,54.0,131.0,True
1921,2,24.0,179.0,54.0,209.0,True
1922,2,23.0,99.0,53.0,129.0,True
1922,2,62.0,99.0,92.0,129.0,True
1923,2,24.0,94.0,54.0,124.0,True
1923,2,63.0,133.0,93.0,163.0,True
1924,2,19.0,94.0,49.0,124.0,True
1924,2,97.0,55.0,127.0,85.0,True
1925,2,15.0,98.0,45.0,128.0,True
1925,2,132.0,137.0,162.0,167.0,True
1926,2,20.0,95.0,50.0,125.0,True
1926,2,137.0,134.0,167.0,164.0,True
1927,2,17.0,98.0,47.0,128.0,True
1927,2,173.0,59.0,203.0,89.0,True
1928,2,21.0,102.0,51.0,132.0,True
1928,2,177.0,63.0,207.0,93.0,True
1929,2,15.0,101.0,45.0,131.0,True
1929,2,171.0,140.0,201.0,170.0,True
1930,2,24.0,138.0,54.0,168.0,True
1930,2,63.0,21.0,93.0,51.0,True
1931,2,15.0,141.0,45.0,171.0,True
1931,2,54.0,141.0,84.0,171.0,True
1932,2,18.0,135.0,48.0,165.0,True
1932,2,96.0,96.0,126.0,126.0,True
1933,2,22.0,132.0,52.0,162.0,True
1933,2,139.0,132.0,169.0,162.0,True
1934,2,17.0,136.0,47.0,166.0,True
1934,2,134.0,136.0,164.0,166.0,True
1935,2,14.0,132.0,44.0,162.0,True
1935,2,170.0,15.0,200.0,45.0,True
1936,2,19.0,142.0,49.0,172.0,True
1936,2,175.0,25.0,205.0,55.0,True
1937,2,18.0,133.0,48.0,163.0,True
1937,2,174.0,16.0,204.0,46.0,True
1938,2,16.0,132.0,46.0,162.0,True
1938,2,172.0,171.0,202.0,201.0,True
1939,2,21.0,132.0,51.0,162.0,True
1939,2,177.0,171.0,207.0,201.0,True
1940,2,24.0,177.0,54.0,207.0,True
1940,2,63.0,99.0,93.0,129.0,True
1941,2,21.0,179.0,51.0,209.0,True
1941,2,138.0,101.0,168.0,131.0,True
1942,2,24.0,175.0,54.0,205.0,True
1942,2,180.0,58.0,210.0,88.0,True
1943,2,63.0,24.0,93.0,54.0,True
1943,2,63.0,141.0,93.0,171.0,True
1944,2,60.0,20.0,90.0,50.0,True
1944,2,99.0,176.0,129.0,206.0,True
1945,2,54.0,19.0,84.0,49.0,True
1945,2,93.0,175.0,123.0,205.0,True
1946,2,60.0,15.0,90.0,45.0,True
1946,2,138.0,15.0,168.0,45.0,True
1947,2,53.0,22.0,83.0,52.0,True
1947,2,131.0,100.0,161.0,130.0,True
1948,2,59.0,23.0,89.0,53.0,True
1948,2,137.0,179.0,167.0,209.0,True
1949,2,61.0,15.0,91.0,45.0,True
1949,2,178.0,54.0,208.0,84.0,True
1950,2,61.0,55.0,91.0,85.0,True
1950,2,61.0,133.0,91.0,163.0,True
1951,2,62.0,58.0,92.0,88.0,True
1951,2,101.0,58.0,131.0,88.0,True
1952,2,53.0,58.0,83.0,88.0,True
1952,2,131.0,19.0,161.0,49.0,True
1953,2,61.0,63.0,91.0,93.0,True
1953,2,139.0,141.0,169.0,171.0,True
1954,2,64.0,54.0,94.0,84.0,True
1954,2,181.0,93.0,211.0,123.0,True
1955,2,57.0,54.0,87.0,84.0,True
1955,2,174.0,132.0,204.0,162.0,True
1956,2,59.0,93.0,89.0,123.0,True
1956,2,59.0,132.0,89.0,162.0,True
1957,2,56.0,101.0,86.0,131.0,True
1957,2,134.0,62.0,164.0,92.0,True
1958,2,56.0,101.0,86.0,131.0,True
1958,2,134.0,101.0,164.0,131.0,True
1959,2,56.0,99.0,86.0,129.0,True
1959,2,173.0,60.0,203.0,90.0,True
1960,2,61.0,137.0,91.0,167.0,True
1960,2,100.0,20.0,130.0,50.0,True
1961,2,54.0,142.0,84.0,172.0,True
1961,2,93.0,142.0,123.0,172.0,True
1962,2,60.0,135.0,90.0,165.0,True
1962,2,99.0,135.0,129.0,165.0,True
1963,2,63.0,142.0,93.0,172.0,True
1963,2,141.0,25.0,171.0,55.0,True
1964,2,58.0,138.0,88.0,168.0,True
1964,2,136.0,21.0,166.0,51.0,True
1965,2,61.0,172.0,91.0,202.0,True
1965,2,100.0,16.0,130.0,46.0,True
1966,2,57.0,180.0,87.0,210.0,True
1966,2,96.0,63.0,126.0,93.0,True
1967,2,55.0,180.0,85.0,210.0,True
1967,2,94.0,102.0,124.0,132.0,True
1968,2,61.0,174.0,91.0,204.0,True
1968,2,100.0,96.0,130.0,126.0,True
1969,2,64.0,172.0,94.0,202.0,True
1969,2,142.0,16.0,172.0,46.0,True
1970,2,57.0,181.0,87.0,211.0,True
1970,2,135.0,25.0,165.0,55.0,True
1971,2,58.0,174.0,88.0,204.0,True
1971,2,175.0,174.0,205.0,204.0,True
1972,2,97.0,17.0,127.0,47.0,True
1972,2,97.0,56.0,127.0,86.0,True
1973,2,94.0,14.0,124.0,44.0,True
1973,2,133.0,14.0,163.0,44.0,True
1974,2,93.0,22.0,123.0,52.0,True
1974,2,171.0,61.0,201.0,91.0,True
1975,2,103.0,58.0,133.0,88.0,True
1975,2,103.0,136.0,133.0,166.0,True
1976,2,92.0,59.0,122.0,89.0,True
1976,2,92.0,137.0,122.0,167.0,True
1977,2,101.0,64.0,131.0,94.0,True
1977,2,101.0,181.0,131.0,211.0,True
1978,2,96.0,57.0,126.0,87.0,True
1978,2,135.0,135.0,165.0,165.0,True
1979,2,98.0,61.0,128.0,91.0,True
1979,2,137.0,178.0,167.0,208.0,True
1980,2,101.0,102.0,131.0,132.0,True
1980,2,101.0,141.0,131.0,171.0,True
1981,2,94.0,102.0,124.0,132.0,True
1981,2,94.0,180.0,124.0,210.0,True
1982,2,92.0,103.0,122.0,133.0,True
1982,2,92.0,181.0,122.0,211.0,True
1983,2,93.0,98.0,123.0,128.0,True
1983,2,132.0,137.0,162.0,167.0,True
1984,2,99.0,94.0,129.0,124.0,True
1984,2,177.0,94.0,207.0,124.0,True
1985,2,94.0,133.0,124.0,163.0,True
1985,2,133.0,16.0,163.0,46.0,True
1986,2,101.0,137.0,131.0,167.0,True
1986,2,140.0,137.0,170.0,167.0,True
1987,2,101.0,138.0,131.0,168.0,True
1987,2,179.0,60.0,209.0,90.0,True
1988,2,92.0,132.0,122.0,162.0,True
1988,2,170.0,93.0,200.0,123.0,True
1989,2,96.0,175.0,126.0,205.0,True
1989,2,135.0,58.0,165.0,88.0,True
1990,2,134.0,21.0,164.0,51.0,True
1990,2,134.0,99.0,164.0,129.0,True
1991,2,134.0,17.0,164.0,47.0,True
1991,2,134.0,173.0,164.0,203.0,True
1992,2,131.0,23.0,161.0,53.0,True
1992,2,170.0,140.0,200.0,170.0,True
1993,2,140.0,103.0,170.0,133.0,True
1993,2,179.0,103.0,209.0,133.0,True
1994,2,135.0,141.0,165.0,171.0,True
1994,2,174.0,24.0,204.0,54.0,True
1995,2,137.0,140.0,167.0,170.0,True
1995,2,176.0,101.0,206.0,131.0,True
1996,2,136.0,137.0,166.0,167.0,True
1996,2,175.0,176.0,205.0,206.0,True
1997,2,132.0,136.0,162.0,166.0,True
1997,2,171.0,175.0,201.0,205.0,True
1998,2,138.0,171.0,168.0,201.0,True
1998,2,177.0,171.0,207.0,201.0,True
1999,2,181.0,54.0,211.0,84.0,True
1999,2,181.0,132.0,211.0,162.0,True
2000,2,20.0,24.0,50.0,54.0,True
2000,2,20.0,63.0,50.0,93.0,True
2000,2,98.0,24.0,128.0,54.0,True
2001,2,16.0,14.0,46.0,44.0,True
2001,2,16.0,53.0,46.0,83.0,True
2001,2,133.0,170.0,163.0,200.0,True
2002,2,18.0,22.0,48.0,52.0,True
2002,2,18.0,178.0,48.0,208.0,True
2002,2,135.0,100.0,165.0,130.0,True
2003,2,17.0,22.0,47.0,52.0,True
2003,2,17.0,100.0,47.0,130.0,True
2003,2,134.0,100.0,164.0,130.0,True
2004,2,14.0,17.0,44.0,47.0,True
2004,2,92.0,95.0,122.0,125.0,True
2004,2,131.0,95.0,161.0,125.0,True
2005,2,23.0,25.0,53.0,55.0,True
2005,2,23.0,181.0,53.0,211.0,True
2005,2,101.0,103.0,131.0,133.0,True
2006,2,25.0,17.0,55.0,47.0,True
2006,2,103.0,56.0,133.0,86.0,True
2006,2,181.0,134.0,211.0,164.0,True
2007,2,17.0,24.0,47.0,54.0,True
2007,2,56.0,102.0,86.0,132.0,True
2007,2,173.0,63.0,203.0,93.0,True
2008,2,15.0,19.0,45.0,49.0,True
2008,2,54.0,175.0,84.0,205.0,True
2008,2,93.0,97.0,123.0,127.0,True
2009,2,24.0,17.0,54.0,47.0,True
2009,2,63.0,17.0,93.0,47.0,True
2009,2,141.0,56.0,171.0,86.0,True
2010,2,16.0,19.0,46.0,49.0,True
2010,2,55.0,97.0,85.0,127.0,True
2010,2,133.0,136.0,163.0,166.0,True
2011,2,20.0,22.0,50.0,52.0,True
2011,2,59.0,139.0,89.0,169.0,True
2011,2,176.0,22.0,206.0,52.0,True
2012,2,20.0,16.0,50.0,46.0,True
2012,2,98.0,172.0,128.0,202.0,True
2012,2,176.0,94.0,206.0,124.0,True
2013,2,19.0,61.0,49.0,91.0,True
2013,2,19.0,100.0,49.0,130.0,True
2013,2,58.0,22.0,88.0,52.0,True
2014,2,16.0,56.0,46.0,86.0,True
2014,2,16.0,95.0,46.0,125.0,True
2014,2,94.0,134.0,124.0,164.0,True
2015,2,18.0,93.0,48.0,123.0,True
2015,2,135.0,54.0,165.0,84.0,True
2015,2,174.0,93.0,204.0,123.0,True
2016,2,16.0,61.0,46.0,91.0,True
2016,2,94.0,139.0,124.0,169.0,True
2016,2,133.0,22.0,163.0,52.0,True
2017,2,19.0,62.0,49.0,92.0,True
2017,2,58.0,101.0,88.0,131.0,True
2017,2,136.0,179.0,166.0,209.0,True
2018,2,22.0,176.0,52.0,206.0,True
2018,2,178.0,20.0,208.0,50.0,True
2018,2,178.0,137.0,208.0,167.0,True
2019,2,19.0,62.0,49.0,92.0,True
2019,2,58.0,23.0,88.0,53.0,True
2019,2,58.0,140.0,88.0,170.0,True
2020,2,21.0,55.0,51.0,85.0,True
2020,2,138.0,133.0,168.0,163.0,True
2020,2,177.0,16.0,207.0,46.0,True
2021,2,20.0,62.0,50.0,92.0,True
2021,2,98.0,23.0,128.0,53.0,True
2021,2,176.0,23.0,206.0,53.0,True
2022,2,54.0,61.0,84.0,91.0,True
2022,2,93.0,178.0,123.0,208.0,True
2022,2,132.0,100.0,162.0,130.0,True
2023,2,62.0,101.0,92.0,131.0,True
2023,2,101.0,23.0,131.0,53.0,True
2023,2,140.0,62.0,170.0,92.0,True
2024,2,19.0,58.0,49.0,88.0,True
2024,2,136.0,136.0,166.0,166.0,True
2024,2,175.0,58.0,205.0,88.0,True
2025,2,22.0,56.0,52.0,86.0,True
2025,2,100.0,17.0,130.0,47.0,True
2025,2,139.0,134.0,169.0,164.0,True
2026,2,14.0,60.0,44.0,90.0,True
2026,2,131.0,138.0,161.0,168.0,True
2026,2,170.0,177.0,200.0,207.0,True
2027,2,14.0,95.0,44.0,125.0,True
2027,2,53.0,95.0,83.0,125.0,True
2027,2,170.0,134.0,200.0,164.0,True
2028,2,21.0,176.0,51.0,206.0,True
2028,2,60.0,59.0,90.0,89.0,True
2028,2,99.0,176.0,129.0,206.0,True
2029,2,24.0,98.0,54.0,128.0,True
2029,2,24.0,176.0,54.0,206.0,True
2029,2,180.0,59.0,210.0,89.0,True
2030,2,20.0,95.0,50.0,125.0,True
2030,2,59.0,134.0,89.0,164.0,True
2030,2,176.0,173.0,206.0,203.0,True
2031,2,21.0,171.0,51.0,201.0,True
2031,2,177.0,132.0,207.0,162.0,True
2031,2,177.0,171.0,207.0,201.0,True
2032,2,14.0,95.0,44.0,125.0,True
2032,2,53.0,17.0,83.0,47.0,True
2032,2,170.0,173.0,200.0,203.0,True
2033,2,14.0,103.0,44.0,133.0,True
2033,2,53.0,64.0,83.0,94.0,True
2033,2,92.0,181.0,122.0,211.0,True
2034,2,59.0,103.0,89.0,133.0,True
2034,2,137.0,25.0,167.0,55.0,True
2034,2,176.0,103.0,206.0,133.0,True
2035,2,24.0,99.0,54.0,129.0,True
2035,2,63.0,99.0,93.0,129.0,True
2035,2,180.0,21.0,210.0,51.0,True
2036,2,58.0,142.0,88.0,172.0,True
2036,2,97.0,64.0,127.0,94.0,True
2036,2,136.0,25.0,166.0,55.0,True
2037,2,15.0,100.0,45.0,130.0,True
2037,2,132.0,139.0,162.0,169.0,True
2037,2,171.0,61.0,201.0,91.0,True
2038,2,133.0,101.0,163.0,131.0,True
2038,2,133.0,140.0,163.0,170.0,True
2038,2,172.0,101.0,202.0,131.0,True
2039,2,18.0,138.0,48.0,168.0,True
2039,2,57.0,60.0,87.0,90.0,True
2039,2,96.0,21.0,126.0,51.0,True
2040,2,22.0,180.0,52.0,210.0,True
2040,2,61.0,63.0,91.0,93.0,True
2040,2,139.0,141.0,169.0,171.0,True
2041,2,19.0,142.0,49.0,172.0,True
2041,2,19.0,181.0,49.0,211.0,True
2041,2,97.0,142.0,127.0,172.0,True
2042,2,19.0,142.0,49.0,172.0,True
2042,2,97.0,181.0,127.0,211.0,True
2042,2,136.0,103.0,166.0,133.0,True
2043,2,24.0,132.0,54.0,162.0,True
2043,2,63.0,15.0,93.0,45.0,True
2043,2,102.0,93.0,132.0,123.0,True
2044,2,14.0,131.0,44.0,161.0,True
2044,2,92.0,170.0,122.0,200.0,True
2044,2,131.0,131.0,161.0,161.0,True
2045,2,17.0,138.0,47.0,168.0,True
2045,2,56.0,138.0,86.0,168.0,True
2045,2,134.0,60.0,164.0,90.0,True
2046,2,21.0,139.0,51.0,169.0,True
2046,2,99.0,22.0,129.0,52.0,True
2046,2,177.0,100.0,207.0,130.0,True
2047,2,23.0,138.0,53.0,168.0,True
2047,2,179.0,99.0,209.0,129.0,True
2047,2,179.0,138.0,209.0,168.0,True
2048,2,21.0,178.0,51.0,208.0,True
2048,2,60.0,22.0,90.0,52.0,True
2048,2,138.0,100.0,168.0,130.0,True
2049,2,20.0,170.0,50.0,200.0,True
2049,2,137.0,131.0,167.0,161.0,True
2049,2,176.0,14.0,206.0,44.0,True
2050,2,22.0,180.0,52.0,210.0,True
2050,2,61.0,63.0,91.0,93.0,True
2050,2,139.0,141.0,169.0,171.0,True
2051,2,25.0,171.0,55.0,201.0,True
2051,2,103.0,171.0,133.0,201.0,True
2051,2,142.0,171.0,172.0,201.0,True
2052,2,23.0,173.0,53.0,203.0,True
2052,2,101.0,17.0,131.0,47.0,True
2052,2,179.0,173.0,209.0,203.0,True
2053,2,14.0,174.0,44.0,204.0,True
2053,2,53.0,135.0,83.0,165.0,True
2053,2,131.0,57.0,161.0,87.0,True
2054,2,21.0,174.0,51.0,204.0,True
2054,2,60.0,135.0,90.0,165.0,True
2054,2,99.0,57.0,129.0,87.0,True
2055,2,18.0,175.0,48.0,205.0,True
2055,2,96.0,175.0,126.0,205.0,True
2055,2,174.0,97.0,204.0,127.0,True
2056,2,21.0,170.0,51.0,200.0,True
2056,2,60.0,170.0,90.0,200.0,True
2056,2,99.0,53.0,129.0,83.0,True
2057,2,56.0,181.0,86.0,211.0,True
2057,2,95.0,64.0,125.0,94.0,True
2057,2,173.0,25.0,203.0,55.0,True
2058,2,94.0,21.0,124.0,51.0,True
2058,2,133.0,138.0,163.0,168.0,True
2058,2,172.0,21.0,202.0,51.0,True
2059,2,17.0,177.0,47.0,207.0,True
2059,2,134.0,60.0,164.0,90.0,True
2059,2,134.0,99.0,164.0,129.0,True
2060,2,24.0,179.0,54.0,209.0,True
2060,2,141.0,23.0,171.0,53.0,True
2060,2,180.0,179.0,210.0,209.0,True
2061,2,21.0,174.0,51.0,204.0,True
2061,2,138.0,135.0,168.0,165.0,True
2061,2,177.0,18.0,207.0,48.0,True
2062,2,137.0,179.0,167.0,209.0,True
2062,2,176.0,62.0,206.0,92.0,True
2062,2,176.0,179.0,206.0,209.0,True
2063,2,58.0,18.0,88.0,48.0,True
2063,2,58.0,57.0,88.0,87.0,True
2063,2,97.0,18.0,127.0,48.0,True
2064,2,64.0,17.0,94.0,47.0,True
2064,2,64.0,56.0,94.0,86.0,True
2064,2,181.0,17.0,211.0,47.0,True
2065,2,59.0,17.0,89.0,47.0,True
2065,2,137.0,95.0,167.0,125.0,True
2065,2,137.0,173.0,167.0,203.0,True
2066,2,64.0,102.0,94.0,132.0,True
2066,2,142.0,141.0,172.0,171.0,True
2066,2,181.0,24.0,211.0,54.0,True
2067,2,53.0,17.0,83.0,47.0,True
2067,2,92.0,17.0,122.0,47.0,True
2067,2,131.0,56.0,161.0,86.0,True
2068,2,63.0,24.0,93.0,54.0,True
2068,2,102.0,141.0,132.0,171.0,True
2068,2,141.0,102.0,171.0,132.0,True
2069,2,55.0,21.0,85.0,51.0,True
2069,2,133.0,60.0,163.0,90.0,True
2069,2,133.0,138.0,163.0,168.0,True
2070,2,53.0,24.0,83.0,54.0,True
2070,2,131.0,141.0,161.0,171.0,True
2070,2,170.0,24.0,200.0,54.0,True
2071,2,54.0,53.0,84.0,83.0,True
2071,2,54.0,92.0,84.0,122.0,True
2071,2,132.0,53.0,162.0,83.0,True
2072,2,59.0,60.0,89.0,90.0,True
2072,2,98.0,21.0,128.0,51.0,True
2072,2,176.0,21.0,206.0,51.0,True
2073,2,60.0,59.0,90.0,89.0,True
2073,2,99.0,176.0,129.0,206.0,True
2073,2,138.0,137.0,168.0,167.0,True
2074,2,137.0,18.0,167.0,48.0,True
2074,2,137.0,96.0,167.0,126.0,True
2074,2,176.0,174.0,206.0,204.0,True
2075,2,61.0,96.0,91.0,126.0,True
2075,2,61.0,135.0,91.0,165.0,True
2075,2,178.0,18.0,208.0,48.0,True
2076,2,61.0,100.0,91.0,130.0,True
2076,2,61.0,178.0,91.0,208.0,True
2076,2,100.0,22.0,130.0,52.0,True
2077,2,59.0,97.0,89.0,127.0,True
2077,2,98.0,175.0,128.0,205.0,True
2077,2,176.0,97.0,206.0,127.0,True
2078,2,94.0,14.0,124.0,44.0,True
2078,2,94.0,92.0,124.0,122.0,True
2078,2,133.0,14.0,163.0,44.0,True
2079,2,61.0,100.0,91.0,130.0,True
2079,2,100.0,22.0,130.0,52.0,True
2079,2,139.0,61.0,169.0,91.0,True
2080,2,60.0,92.0,90.0,122.0,True
2080,2,138.0,170.0,168.0,200.0,True
2080,2,177.0,14.0,207.0,44.0,True
2081,2,58.0,141.0,88.0,171.0,True
2081,2,58.0,180.0,88.0,210.0,True
2081,2,97.0,24.0,127.0,54.0,True
2082,2,53.0,133.0,83.0,163.0,True
2082,2,92.0,55.0,122.0,85.0,True
2082,2,131.0,133.0,161.0,163.0,True
2083,2,60.0,139.0,90.0,169.0,True
2083,2,138.0,22.0,168.0,52.0,True
2083,2,138.0,178.0,168.0,208.0,True
2084,2,135.0,14.0,165.0,44.0,True
2084,2,135.0,170.0,165.0,200.0,True
2084,2,174.0,170.0,204.0,200.0,True
2085,2,58.0,135.0,88.0,165.0,True
2085,2,136.0,18.0,166.0,48.0,True
2085,2,175.0,18.0,205.0,48.0,True
2086,2,58.0,171.0,88.0,201.0,True
2086,2,97.0,54.0,127.0,84.0,True
2086,2,175.0,132.0,205.0,162.0,True
2087,2,101.0,61.0,131.0,91.0,True
2087,2,140.0,178.0,170.0,208.0,True
2087,2,179.0,22.0,209.0,52.0,True
2088,2,99.0,24.0,129.0,54.0,True
2088,2,138.0,102.0,168.0,132.0,True
2088,2,177.0,63.0,207.0,93.0,True
2089,2,101.0,24.0,131.0,54.0,True
2089,2,140.0,141.0,170.0,171.0,True
2089,2,179.0,24.0,209.0,54.0,True
2090,2,97.0,19.0,127.0,49.0,True
2090,2,175.0,58.0,205.0,88.0,True
2090,2,175.0,97.0,205.0,127.0,True
2091,2,181.0,99.0,211.0,129.0,True
2091,2,181.0,138.0,211.0,168.0,True
2091,2,181.0,177.0,211.0,207.0,True
2092,2,98.0,55.0,128.0,85.0,True
2092,2,98.0,133.0,128.0,163.0,True
2092,2,176.0,94.0,206.0,124.0,True
2093,2,102.0,54.0,132.0,84.0,True
2093,2,102.0,171.0,132.0,201.0,True
2093,2,141.0,171.0,171.0,201.0,True
2094,2,92.0,57.0,122.0,87.0,True
2094,2,131.0,174.0,161.0,204.0,True
2094,2,170.0,96.0,200.0,126.0,True
2095,2,102.0,181.0,132.0,211.0,True
2095,2,141.0,181.0,171.0,211.0,True
2095,2,180.0,142.0,210.0,172.0,True
2096,2,99.0,138.0,129.0,168.0,True
2096,2,138.0,99.0,168.0,129.0,True
2096,2,138.0,138.0,168.0,168.0,True
2097,2,103.0,137.0,133.0,167.0,True
2097,2,142.0,137.0,172.0,167.0,True
2097,2,181.0,59.0,211.0,89.0,True
2098,2,132.0,94.0,162.0,124.0,True
2098,2,132.0,133.0,162.0,163.0,True
2098,2,132.0,172.0,162.0,202.0,True
2099,2,132.0,57.0,162.0,87.0,True
2099,2,132.0,174.0,162.0,204.0,True
2099,2,171.0,57.0,201.0,87.0,True
2100,2,16.0,22.0,46.0,52.0,True
2100,2,16.0,61.0,46.0,91.0,True
2100,2,16.0,139.0,46.0,169.0,True
2100,2,94.0,139.0,124.0,169.0,True
2101,2,14.0,18.0,44.0,48.0,True
2101,2,14.0,96.0,44.0,126.0,True
2101,2,131.0,18.0,161.0,48.0,True
2101,2,131.0,57.0,161.0,87.0,True
2102,2,16.0,23.0,46.0,53.0,True
2102,2,16.0,101.0,46.0,131.0,True
2102,2,133.0,62.0,163.0,92.0,True
2102,2,172.0,23.0,202.0,53.0,True
2103,2,22.0,14.0,52.0,44.0,True
2103,2,22.0,170.0,52.0,200.0,True
2103,2,61.0,131.0,91.0,161.0,True
2103,2,61.0,170.0,91.0,200.0,True
2104,2,23.0,16.0,53.0,46.0,True
2104,2,23.0,172.0,53.0,202.0,True
2104,2,62.0,133.0,92.0,163.0,True
2104,2,101.0,133.0,131.0,163.0,True
2105,2,17.0,25.0,47.0,55.0,True
2105,2,56.0,25.0,86.0,55.0,True
2105,2,56.0,142.0,86.0,172.0,True
2105,2,173.0,181.0,203.0,211.0,True
2106,2,25.0,17.0,55.0,47.0,True
2106,2,64.0,17.0,94.0,47.0,True
2106,2,64.0,173.0,94.0,203.0,True
2106,2,142.0,134.0,172.0,164.0,True
2107,2,25.0,19.0,55.0,49.0,True
2107,2,64.0,136.0,94.0,166.0,True
2107,2,64.0,175.0,94.0,205.0,True
2107,2,103.0,97.0,133.0,127.0,True
2108,2,16.0,19.0,46.0,49.0,True
2108,2,55.0,136.0,85.0,166.0,True
2108,2,94.0,19.0,124.0,49.0,True
2108,2,94.0,136.0,124.0,166.0,True
2109,2,18.0,17.0,48.0,47.0,True
2109,2,57.0,134.0,87.0,164.0,True
2109,2,96.0,95.0,126.0,125.0,True
2109,2,135.0,134.0,165.0,164.0,True
2110,2,21.0,23.0,51.0,53.0,True
2110,2,99.0,23.0,129.0,53.0,True
2110,2,177.0,23.0,207.0,53.0,True
2110,2,177.0,101.0,207.0,131.0,True
2111,2,15.0,24.0,45.0,54.0,True
2111,2,93.0,102.0,123.0,132.0,True
2111,2,171.0,24.0,201.0,54.0,True
2111,2,171.0,63.0,201.0,93.0,True
2112,2,25.0,16.0,55.0,46.0,True
2112,2,103.0,94.0,133.0,124.0,True
2112,2,181.0,55.0,211.0,85.0,True
2112,2,181.0,133.0,211.0,163.0,True
2113,2,16.0,15.0,46.0,45.0,True
2113,2,94.0,93.0,124.0,123.0,True
2113,2,172.0,132.0,202.0,162.0,True
2113,2,172.0,171.0,202.0,201.0,True
2114,2,14.0,15.0,44.0,45.0,True
2114,2,92.0,132.0,122.0,162.0,True
2114,2,170.0,54.0,200.0,84.0,True
2114,2,170.0,132.0,200.0,162.0,True
2115,2,24.0,18.0,54.0,48.0,True
2115,2,141.0,18.0,171.0,48.0,True
2115,2,141.0,57.0,171.0,87.0,True
2115,2,180.0,18.0,210.0,48.0,True
2116,2,14.0,60.0,44.0,90.0,True
2116,2,14.0,99.0,44.0,129.0,True
2116,2,14.0,138.0,44.0,168.0,True
2116,2,53.0,177.0,83.0,207.0,True
2117,2,22.0,57.0,52.0,87.0,True
2117,2,22.0,96.0,52.0,126.0,True
2117,2,61.0,135.0,91.0,165.0,True
2117,2,178.0,174.0,208.0,204.0,True
2118,2,15.0,64.0,45.0,94.0,True
2118,2,15.0,103.0,45.0,133.0,True
2118,2,54.0,181.0,84.0,211.0,True
2118,2,132.0,142.0,162.0,172.0,True
2119,2,20.0,54.0,50.0,84.0,True
2119,2,20.0,93.0,50.0,123.0,True
2119,2,59.0,171.0,89.0,201.0,True
2119,2,176.0,15.0,206.0,45.0,True
2120,2,19.0,60.0,49.0,90.0,True
2120,2,19.0,99.0,49.0,129.0,True
2120,2,97.0,177.0,127.0,207.0,True
2120,2,175.0,60.0,205.0,90.0,True
2121,2,17.0,62.0,47.0,92.0,True
2121,2,17.0,140.0,47.0,170.0,True
2121,2,95.0,101.0,125.0,131.0,True
2121,2,95.0,140.0,125.0,170.0,True
2122,2,19.0,62.0,49.0,92.0,True
2122,2,19.0,140.0,49.0,170.0,True
2122,2,136.0,101.0,166.0,131.0,True
2122,2,175.0,101.0,205.0,131.0,True
2123,2,15.0,63.0,45.0,93.0,True
2123,2,15.0,180.0,45.0,210.0,True
2123,2,54.0,180.0,84.0,210.0,True
2123,2,93.0,63.0,123.0,93.0,True
2124,2,19.0,58.0,49.0,88.0,True
2124,2,58.0,97.0,88.0,127.0,True
2124,2,58.0,136.0,88.0,166.0,True
2124,2,97.0,136.0,127.0,166.0,True
2125,2,16.0,64.0,46.0,94.0,True
2125,2,55.0,181.0,85.0,211.0,True
2125,2,94.0,25.0,124.0,55.0,True
2125,2,94.0,181.0,124.0,211.0,True
2126,2,17.0,58.0,47.0,88.0,True
2126,2,95.0,58.0,125.0,88.0,True
2126,2,134.0,136.0,164.0,166.0,True
2126,2,173.0,136.0,203.0,166.0,True
2127,2,22.0,62.0,52.0,92.0,True
2127,2,139.0,23.0,169.0,53.0,True
2127,2,139.0,140.0,169.0,170.0,True
2127,2,178.0,23.0,208.0,53.0,True
2128,2,16.0,56.0,46.0,86.0,True
2128,2,133.0,56.0,163.0,86.0,True
2128,2,133.0,95.0,163.0,125.0,True
2128,2,172.0,134.0,202.0,164.0,True
2129,2,20.0,64.0,50.0,94.0,True
2129,2,137.0,103.0,167.0,133.0,True
2129,2,176.0,25.0,206.0,55.0,True
2129,2,176.0,142.0,206.0,172.0,True
2130,2,21.0,92.0,51.0,122.0,True
2130,2,21.0,170.0,51.0,200.0,True
2130,2,138.0,131.0,168.0,161.0,True
2130,2,177.0,14.0,207.0,44.0,True
2131,2,15.0,97.0,45.0,127.0,True
2131,2,54.0,19.0,84.0,49.0,True
2131,2,93.0,97.0,123.0,127.0,True
2131,2,171.0,58.0,201.0,88.0,True
2132,2,24.0,99.0,54.0,129.0,True
2132,2,63.0,99.0,93.0,129.0,True
2132,2,102.0,138.0,132.0,168.0,True
2132,2,141.0,177.0,171.0,207.0,True
2133,2,24.0,103.0,54.0,133.0,True
2133,2,63.0,181.0,93.0,211.0,True
2133,2,102.0,103.0,132.0,133.0,True
2133,2,180.0,64.0,210.0,94.0,True
2134,2,15.0,101.0,45.0,131.0,True
2134,2,54.0,179.0,84.0,209.0,True
2134,2,132.0,62.0,162.0,92.0,True
2134,2,132.0,140.0,162.0,170.0,True
2135,2,18.0,102.0,48.0,132.0,True
2135,2,57.0,180.0,87.0,210.0,True
2135,2,135.0,180.0,165.0,210.0,True
2135,2,174.0,24.0,204.0,54.0,True
2136,2,14.0,96.0,44.0,126.0,True
2136,2,92.0,57.0,122.0,87.0,True
2136,2,92.0,96.0,122.0,126.0,True
2136,2,92.0,135.0,122.0,165.0,True
2137,2,16.0,98.0,46.0,128.0,True
2137,2,94.0,137.0,124.0,167.0,True
2137,2,94.0,176.0,124.0,206.0,True
2137,2,133.0,59.0,163.0,89.0,True
2138,2,15.0,95.0,45.0,125.0,True
2138,2,132.0,17.0,162.0,47.0,True
2138,2,132.0,134.0,162.0,164.0,True
2138,2,171.0,17.0,201.0,47.0,True
2139,2,23.0,95.0,53.0,125.0,True
2139,2,140.0,95.0,170.0,125.0,True
2139,2,140.0,134.0,170.0,164.0,True
2139,2,179.0,134.0,209.0,164.0,True
2140,2,22.0,134.0,52.0,164.0,True
2140,2,22.0,173.0,52.0,203.0,True
2140,2,100.0,95.0,130.0,125.0,True
2140,2,178.0,17.0,208.0,47.0,True
2141,2,25.0,138.0,55.0,168.0,True
2141,2,25.0,177.0,55.0,207.0,True
2141,2,142.0,138.0,172.0,168.0,True
2141,2,181.0,138.0,211.0,168.0,True
2142,2,23.0,140.0,53.0,170.0,True
2142,2,62.0,23.0,92.0,53.0,True
2142,2,62.0,62.0,92.0,92.0,True
2142,2,101.0,23.0,131.0,53.0,True
2143,2,14.0,137.0,44.0,167.0,True
2143,2,53.0,20.0,83.0,50.0,True
2143,2,92.0,20.0,122.0,50.0,True
2143,2,170.0,176.0,200.0,206.0,True
2144,2,14.0,132.0,44.0,162.0,True
2144,2,53.0,54.0,83.0,84.0,True
2144,2,92.0,93.0,122.0,123.0,True
2144,2,131.0,93.0,161.0,123.0,True
2145,2,16.0,132.0,46.0,162.0,True
2145,2,55.0,54.0,85.0,84.0,True
2145,2,94.0,93.0,124.0,123.0,True
2145,2,172.0,15.0,202.0,45.0,True
2146,2,15.0,132.0,45.0,162.0,True
2146,2,54.0,93.0,84.0,123.0,True
2146,2,93.0,132.0,123.0,162.0,True
2146,2,171.0,171.0,201.0,201.0,True
2147,2,22.0,139.0,52.0,169.0,True
2147,2,61.0,139.0,91.0,169.0,True
2147,2,139.0,22.0,169.0,52.0,True
2147,2,139.0,178.0,169.0,208.0,True
2148,2,16.0,141.0,46.0,171.0,True
2148,2,55.0,141.0,85.0,171.0,True
2148,2,133.0,141.0,163.0,171.0,True
2148,2,172.0,24.0,202.0,54.0,True
2149,2,23.0,140.0,53.0,170.0,True
2149,2,62.0,179.0,92.0,209.0,True
2149,2,101.0,101.0,131.0,131.0,True
2149,2,101.0,179.0,131.0,209.0,True
2150,2,19.0,134.0,49.0,164.0,True
2150,2,58.0,173.0,88.0,203.0,True
2150,2,136.0,134.0,166.0,164.0,True
2150,2,175.0,134.0,205.0,164.0,True
2151,2,19.0,132.0,49.0,162.0,True
2151,2,97.0,93.0,127.0,123.0,True
2151,2,97.0,171.0,127.0,201.0,True
2151,2,175.0,54.0,205.0,84.0,True
2152,2,20.0,142.0,50.0,172.0,True
2152,2,98.0,142.0,128.0,172.0,True
2152,2,137.0,181.0,167.0,211.0,True
2152,2,176.0,181.0,206.0,211.0,True
2153,2,16.0,136.0,46.0,166.0,True
2153,2,133.0,19.0,163.0,49.0,True
2153,2,133.0,97.0,163.0,127.0,True
2153,2,172.0,97.0,202.0,127.0,True
2154,2,25.0,181.0,55.0,211.0,True
2154,2,64.0,25.0,94.0,55.0,True
2154,2,64.0,142.0,94.0,172.0,True
2154,2,181.0,181.0,211.0,211.0,True
2155,2,24.0,172.0,54.0,202.0,True
2155,2,63.0,16.0,93.0,46.0,True
2155,2,63.0,172.0,93.0,202.0,True
2155,2,180.0,55.0,210.0,85.0,True
2156,2,25.0,175.0,55.0,205.0,True
2156,2,64.0,58.0,94.0,88.0,True
2156,2,64.0,97.0,94.0,127.0,True
2156,2,103.0,175.0,133.0,205.0,True
2157,2,19.0,175.0,49.0,205.0,True
2157,2,97.0,175.0,127.0,205.0,True
2157,2,136.0,136.0,166.0,166.0,True
2157,2,175.0,136.0,205.0,166.0,True
2158,2,59.0,24.0,89.0,54.0,True
2158,2,59.0,63.0,89.0,93.0,True
2158,2,98.0,102.0,128.0,132.0,True
2158,2,176.0,24.0,206.0,54.0,True
2159,2,56.0,22.0,86.0,52.0,True
2159,2,56.0,178.0,86.0,208.0,True
2159,2,134.0,22.0,164.0,52.0,True
2159,2,134.0,139.0,164.0,169.0,True
2160,2,55.0,23.0,85.0,53.0,True
2160,2,94.0,23.0,124.0,53.0,True
2160,2,133.0,23.0,163.0,53.0,True
2160,2,172.0,140.0,202.0,170.0,True
2161,2,56.0,19.0,86.0,49.0,True
2161,2,95.0,19.0,125.0,49.0,True
2161,2,134.0,58.0,164.0,88.0,True
2161,2,134.0,136.0,164.0,166.0,True
2162,2,60.0,25.0,90.0,55.0,True
2162,2,99.0,25.0,129.0,55.0,True
2162,2,138.0,142.0,168.0,172.0,True
2162,2,177.0,25.0,207.0,55.0,True
2163,2,64.0,14.0,94.0,44.0,True
2163,2,142.0,14.0,172.0,44.0,True
2163,2,181.0,92.0,211.0,122.0,True
2163,2,181.0,170.0,211.0,200.0,True
2164,2,61.0,54.0,91.0,84.0,True
2164,2,61.0,93.0,91.0,123.0,True
2164,2,100.0,93.0,130.0,123.0,True
2164,2,178.0,54.0,208.0,84.0,True
2165,2,64.0,63.0,94.0,93.0,True
2165,2,64.0,141.0,94.0,171.0,True
2165,2,103.0,63.0,133.0,93.0,True
2165,2,181.0,63.0,211.0,93.0,True
2166,2,59.0,56.0,89.0,86.0,True
2166,2,59.0,134.0,89.0,164.0,True
2166,2,137.0,56.0,167.0,86.0,True
2166,2,137.0,134.0,167.0,164.0,True
2167,2,59.0,61.0,89.0,91.0,True
2167,2,59.0,178.0,89.0,208.0,True
2167,2,98.0,178.0,128.0,208.0,True
2167,2,137.0,22.0,167.0,52.0,True
2168,2,64.0,58.0,94.0,88.0,True
2168,2,64.0,175.0,94.0,205.0,True
2168,2,103.0,175.0,133.0,205.0,True
2168,2,181.0,175.0,211.0,205.0,True
2169,2,64.0,58.0,94.0,88.0,True
2169,2,64.0,175.0,94.0,205.0,True
2169,2,142.0,58.0,172.0,88.0,True
2169,2,142.0,136.0,172.0,166.0,True
2170,2,59.0,63.0,89.0,93.0,True
2170,2,98.0,63.0,128.0,93.0,True
2170,2,137.0,102.0,167.0,132.0,True
2170,2,137.0,180.0,167.0,210.0,True
2171,2,53.0,64.0,83.0,94.0,True
2171,2,92.0,103.0,122.0,133.0,True
2171,2,92.0,181.0,122.0,211.0,True
2171,2,170.0,181.0,200.0,211.0,True
2172,2,55.0,53.0,85.0,83.0,True
2172,2,94.0,92.0,124.0,122.0,True
2172,2,133.0,14.0,163.0,44.0,True
2172,2,133.0,131.0,163.0,161.0,True
2173,2,63.0,57.0,93.0,87.0,True
2173,2,102.0,135.0,132.0,165.0,True
2173,2,141.0,18.0,171.0,48.0,True
2173,2,141.0,57.0,171.0,87.0,True
2174,2,59.0,64.0,89.0,94.0,True
2174,2,98.0,181.0,128.0,211.0,True
2174,2,137.0,64.0,167.0,94.0,True
2174,2,137.0,142.0,167.0,172.0,True
2175,2,59.0,54.0,89.0,84.0,True
2175,2,98.0,171.0,128.0,201.0,True
2175,2,137.0,93.0,167.0,123.0,True
2175,2,176.0,93.0,206.0,123.0,True
2176,2,64.0,62.0,94.0,92.0,True
2176,2,142.0,23.0,172.0,53.0,True
2176,2,181.0,23.0,211.0,53.0,True
2176,2,181.0,62.0,211.0,92.0,True
2177,2,60.0,103.0,90.0,133.0,True
2177,2,60.0,181.0,90.0,211.0,True
2177,2,99.0,142.0,129.0,172.0,True
2177,2,138.0,64.0,168.0,94.0,True
2178,2,59.0,99.0,89.0,129.0,True
2178,2,98.0,21.0,128.0,51.0,True
2178,2,137.0,177.0,167.0,207.0,True
2178,2,176.0,177.0,206.0,207.0,True
2179,2,61.0,103.0,91.0,133.0,True
2179,2,100.0,181.0,130.0,211.0,True
2179,2,178.0,25.0,208.0,55.0,True
2179,2,178.0,64.0,208.0,94.0,True
2180,2,62.0,97.0,92.0,127.0,True
2180,2,101.0,175.0,131.0,205.0,True
2180,2,179.0,97.0,209.0,127.0,True
2180,2,179.0,136.0,209.0,166.0,True
2181,2,64.0,97.0,94.0,127.0,True
2181,2,181.0,19.0,211.0,49.0,True
2181,2,181.0,58.0,211.0,88.0,True
2181,2,181.0,175.0,211.0,205.0,True
2182,2,59.0,137.0,89.0,167.0,True
2182,2,59.0,176.0,89.0,206.0,True
2182,2,98.0,20.0,128.0,50.0,True
2182,2,176.0,59.0,206.0,89.0,True
2183,2,60.0,136.0,90.0,166.0,True
2183,2,99.0,19.0,129.0,49.0,True
2183,2,138.0,58.0,168.0,88.0,True
2183,2,177.0,97.0,207.0,127.0,True
2184,2,57.0,136.0,87.0,166.0,True
2184,2,96.0,19.0,126.0,49.0,True
2184,2,135.0,175.0,165.0,205.0,True
2184,2,174.0,19.0,204.0,49.0,True
2185,2,61.0,170.0,91.0,200.0,True
2185,2,100.0,14.0,130.0,44.0,True
2185,2,100.0,53.0,130.0,83.0,True
2185,2,139.0,170.0,169.0,200.0,True
2186,2,55.0,179.0,85.0,209.0,True
2186,2,94.0,179.0,124.0,209.0,True
2186,2,133.0,140.0,163.0,170.0,True
2186,2,172.0,23.0,202.0,53.0,True
2187,2,95.0,17.0,125.0,47.0,True
2187,2,95.0,95.0,125.0,125.0,True
2187,2,134.0,173.0,164.0,203.0,True
2187,2,173.0,17.0,203.0,47.0,True
2188,2,94.0,17.0,124.0,47.0,True
2188,2,94.0,134.0,124.0,164.0,True
2188,2,94.0,173.0,124.0,203.0,True
2188,2,172.0,134.0,202.0,164.0,True
2189,2,103.0,16.0,133.0,46.0,True
2189,2,103.0,133.0,133.0,163.0,True
2189,2,142.0,55.0,172.0,85.0,True
2189,2,142.0,94.0,172.0,124.0,True
2190,2,94.0,60.0,124.0,90.0,True
2190,2,94.0,99.0,124.0,129.0,True
2190,2,172.0,21.0,202.0,51.0,True
2190,2,172.0,138.0,202.0,168.0,True
2191,2,93.0,93.0,123.0,123.0,True
2191,2,93.0,171.0,123.0,201.0,True
2191,2,171.0,15.0,201.0,45.0,True
2191,2,171.0,171.0,201.0,201.0,True
2192,2,99.0,98.0,129.0,128.0,True
2192,2,99.0,176.0,129.0,206.0,True
2192,2,177.0,59.0,207.0,89.0,True
2192,2,177.0,137.0,207.0,167.0,True
2193,2,97.0,93.0,127.0,123.0,True
2193,2,136.0,93.0,166.0,123.0,True
2193,2,175.0,15.0,205.0,45.0,True
2193,2,175.0,171.0,205.0,201.0,True
2194,2,93.0,135.0,123.0,165.0,True
2194,2,132.0,96.0,162.0,126.0,True
2194,2,132.0,174.0,162.0,204.0,True
2194,2,171.0,96.0,201.0,126.0,True
2195,2,94.0,136.0,124.0,166.0,True
2195,2,133.0,175.0,163.0,205.0,True
2195,2,172.0,97.0,202.0,127.0,True
2195,2,172.0,136.0,202.0,166.0,True
2196,2,93.0,176.0,123.0,206.0,True
2196,2,132.0,20.0,162.0,50.0,True
2196,2,171.0,98.0,201.0,128.0,True
2196,2,171.0,176.0,201.0,206.0,True
2197,2,97.0,178.0,127.0,208.0,True
2197,2,136.0,61.0,166.0,91.0,True
2197,2,175.0,22.0,205.0,52.0,True
2197,2,175.0,61.0,205.0,91.0,True
2198,2,134.0,14.0,164.0,44.0,True
2198,2,134.0,53.0,164.0,83.0,True
2198,2,173.0,14.0,203.0,44.0,True
2198,2,173.0,53.0,203.0,83.0,True
2199,2,132.0,14.0,162.0,44.0,True
2199,2,132.0,92.0,162.0,122.0,True
2199,2,132.0,170.0,162.0,200.0,True
2199,2,171.0,53.0,201.0,83.0,True
2200,2,20.0,94.0,50.0,124.0,True
2200,2,59.0,16.0,89.0,46.0,True
2200,2,59.0,172.0,89.0,202.0,True
2200,2,98.0,16.0,128.0,46.0,True
2200,2,98.0,133.0,128.0,163.0,True
2200,2,137.0,172.0,167.0,202.0,True
2200,2,176.0,172.0,206.0,202.0,True
2201,2,25.0,98.0,55.0,128.0,True
2201,2,25.0,137.0,55.0,167.0,True
2201,2,64.0,59.0,94.0,89.0,True
2201,2,64.0,98.0,94.0,128.0,True
2201,2,64.0,137.0,94.0,167.0,True
2201,2,103.0,20.0,133.0,50.0,True
2201,2,181.0,59.0,211.0,89.0,True
2202,2,22.0,20.0,52.0,50.0,True
2202,2,61.0,98.0,91.0,128.0,True
2202,2,100.0,59.0,130.0,89.0,True
2202,2,100.0,176.0,130.0,206.0,True
2202,2,139.0,20.0,169.0,50.0,True
2202,2,139.0,59.0,169.0,89.0,True
2202,2,139.0,98.0,169.0,128.0,True
2203,2,25.0,63.0,55.0,93.0,True
2203,2,25.0,180.0,55.0,210.0,True
2203,2,64.0,24.0,94.0,54.0,True
2203,2,64.0,102.0,94.0,132.0,True
2203,2,64.0,180.0,94.0,210.0,True
2203,2,103.0,102.0,133.0,132.0,True
2203,2,181.0,63.0,211.0,93.0,True
2204,2,14.0,135.0,44.0,165.0,True
2204,2,53.0,57.0,83.0,87.0,True
2204,2,53.0,174.0,83.0,204.0,True
2204,2,92.0,96.0,122.0,126.0,True
2204,2,131.0,96.0,161.0,126.0,True
2204,2,131.0,135.0,161.0,165.0,True
2204,2,170.0,96.0,200.0,126.0,True
2205,2,101.0,23.0,131.0,53.0,True
2205,2,101.0,62.0,131.0,92.0,True
2205,2,101.0,101.0,131.0,131.0,True
2205,2,101.0,140.0,131.0,170.0,True
2205,2,140.0,23.0,170.0,53.0,True
2205,2,140.0,62.0,170.0,92.0,True
2205,2,140.0,179.0,170.0,209.0,True
2206,2,24.0,136.0,54.0,166.0,True
2206,2,24.0,175.0,54.0,205.0,True
2206,2,102.0,19.0,132.0,49.0,True
2206,2,102.0,97.0,132.0,127.0,True
2206,2,141.0,97.0,171.0,127.0,True
2206,2,180.0,58.0,210.0,88.0,True
2206,2,180.0,136.0,210.0,166.0,True
2207,2,17.0,16.0,47.0,46.0,True
2207,2,56.0,133.0,86.0,163.0,True
2207,2,56.0,172.0,86.0,202.0,True
2207,2,95.0,172.0,125.0,202.0,True
2207,2,134.0,94.0,164.0,124.0,True
2207,2,134.0,133.0,164.0,163.0,True
2207,2,173.0,55.0,203.0,85.0,True
2208,2,19.0,180.0,49.0,210.0,True
2208,2,58.0,24.0,88.0,54.0,True
2208,2,58.0,102.0,88.0,132.0,True
2208,2,58.0,180.0,88.0,210.0,True
2208,2,97.0,24.0,127.0,54.0,True
2208,2,136.0,102.0,166.0,132.0,True
2208,2,175.0,141.0,205.0,171.0,True
2209,2,23.0,131.0,53.0,161.0,True
2209,2,62.0,14.0,92.0,44.0,True
2209,2,62.0,53.0,92.0,83.0,True
2209,2,62.0,170.0,92.0,200.0,True
2209,2,140.0,92.0,170.0,122.0,True
2209,2,140.0,131.0,170.0,161.0,True
2209,2,140.0,170.0,170.0,200.0,True
2210,2,17.0,60.0,47.0,90.0,True
2210,2,17.0,177.0,47.0,207.0,True
2210,2,134.0,21.0,164.0,51.0,True
2210,2,134.0,60.0,164.0,90.0,True
2210,2,134.0,99.0,164.0,129.0,True
2210,2,134.0,177.0,164.0,207.0,True
2210,2,173.0,99.0,203.0,129.0,True
2211,2,15.0,17.0,45.0,47.0,True
2211,2,54.0,17.0,84.0,47.0,True
2211,2,54.0,134.0,84.0,164.0,True
2211,2,54.0,173.0,84.0,203.0,True
2211,2,93.0,56.0,123.0,86.0,True
2211,2,132.0,56.0,162.0,86.0,True
2211,2,171.0,173.0,201.0,203.0,True
2212,2,53.0,62.0,83.0,92.0,True
2212,2,53.0,101.0,83.0,131.0,True
2212,2,53.0,179.0,83.0,209.0,True
2212,2,92.0,101.0,122.0,131.0,True
2212,2,92.0,140.0,122.0,170.0,True
2212,2,131.0,179.0,161.0,209.0,True
2212,2,170.0,140.0,200.0,170.0,True
2213,2,58.0,56.0,88.0,86.0,True
2213,2,58.0,95.0,88.0,125.0,True
2213,2,58.0,134.0,88.0,164.0,True
2213,2,58.0,173.0,88.0,203.0,True
2213,2,97.0,56.0,127.0,86.0,True
2213,2,97.0,95.0,127.0,125.0,True
2213,2,136.0,17.0,166.0,47.0,True
2214,2,22.0,55.0,52.0,85.0,True
2214,2,22.0,94.0,52.0,124.0,True
2214,2,61.0,94.0,91.0,124.0,True
2214,2,100.0,94.0,130.0,124.0,True
2214,2,139.0,16.0,169.0,46.0,True
2214,2,178.0,16.0,208.0,46.0,True
2214,2,178.0,172.0,208.0,202.0,True
2215,2,15.0,54.0,45.0,84.0,True
2215,2,15.0,171.0,45.0,201.0,True
2215,2,93.0,54.0,123.0,84.0,True
2215,2,93.0,93.0,123.0,123.0,True
2215,2,132.0,15.0,162.0,45.0,True
2215,2,132.0,54.0,162.0,84.0,True
2215,2,171.0,15.0,201.0,45.0,True
2216,2,58.0,60.0,88.0,90.0,True
2216,2,97.0,21.0,127.0,51.0,True
2216,2,97.0,138.0,127.0,168.0,True
2216,2,97.0,177.0,127.0,207.0,True
2216,2,136.0,60.0,166.0,90.0,True
2216,2,136.0,177.0,166.0,207.0,True
2216,2,175.0,21.0,205.0,51.0,True
2217,2,15.0,22.0,45.0,52.0,True
2217,2,15.0,61.0,45.0,91.0,True
2217,2,54.0,22.0,84.0,52.0,True
2217,2,54.0,139.0,84.0,169.0,True
2217,2,93.0,22.0,123.0,52.0,True
2217,2,132.0,61.0,162.0,91.0,True
2217,2,132.0,178.0,162.0,208.0,True
2218,2,17.0,64.0,47.0,94.0,True
2218,2,17.0,103.0,47.0,133.0,True
2218,2,17.0,142.0,47.0,172.0,True
2218,2,56.0,103.0,86.0,133.0,True
2218,2,56.0,142.0,86.0,172.0,True
2218,2,134.0,25.0,164.0,55.0,True
2218,2,134.0,181.0,164.0,211.0,True
2219,2,16.0,56.0,46.0,86.0,True
2219,2,55.0,134.0,85.0,164.0,True
2219,2,133.0,95.0,163.0,125.0,True
2219,2,133.0,134.0,163.0,164.0,True
2219,2,172.0,17.0,202.0,47.0,True
2219,2,172.0,56.0,202.0,86.0,True
2219,2,172.0,134.0,202.0,164.0,True
2220,2,14.0,57.0,44.0,87.0,True
2220,2,14.0,96.0,44.0,126.0,True
2220,2,14.0,135.0,44.0,165.0,True
2220,2,53.0,18.0,83.0,48.0,True
2220,2,92.0,18.0,122.0,48.0,True
2220,2,92.0,96.0,122.0,126.0,True
2220,2,92.0,135.0,122.0,165.0,True
2221,2,16.0,23.0,46.0,53.0,True
2221,2,16.0,179.0,46.0,209.0,True
2221,2,55.0,101.0,85.0,131.0,True
2221,2,55.0,140.0,85.0,170.0,True
2221,2,94.0,23.0,124.0,53.0,True
2221,2,172.0,62.0,202.0,92.0,True
2221,2,172.0,179.0,202.0,209.0,True
2222,2,25.0,55.0,55.0,85.0,True
2222,2,25.0,94.0,55.0,124.0,True
2222,2,25.0,133.0,55.0,163.0,True
2222,2,25.0,172.0,55.0,202.0,True
2222,2,64.0,94.0,94.0,124.0,True
2222,2,181.0,16.0,211.0,46.0,True
2222,2,181.0,55.0,211.0,85.0,True
2223,2,20.0,25.0,50.0,55.0,True
2223,2,98.0,25.0,128.0,55.0,True
2223,2,98.0,181.0,128.0,211.0,True
2223,2,137.0,64.0,167.0,94.0,True
2223,2,176.0,64.0,206.0,94.0,True
2223,2,176.0,142.0,206.0,172.0,True
2223,2,176.0,181.0,206.0,211.0,True
2224,2,23.0,131.0,53.0,161.0,True
2224,2,62.0,53.0,92.0,83.0,True
2224,2,62.0,92.0,92.0,122.0,True
2224,2,62.0,131.0,92.0,161.0,True
2224,2,101.0,53.0,131.0,83.0,True
2224,2,101.0,92.0,131.0,122.0,True
2224,2,140.0,53.0,170.0,83.0,True
2225,2,15.0,24.0,45.0,54.0,True
2225,2,15.0,63.0,45.0,93.0,True
2225,2,54.0,24.0,84.0,54.0,True
2225,2,54.0,63.0,84.0,93.0,True
2225,2,132.0,63.0,162.0,93.0,True
2225,2,132.0,102.0,162.0,132.0,True
2225,2,171.0,141.0,201.0,171.0,True
2226,2,17.0,98.0,47.0,128.0,True
2226,2,56.0,98.0,86.0,128.0,True
2226,2,56.0,137.0,86.0,167.0,True
2226,2,95.0,20.0,125.0,50.0,True
2226,2,134.0,176.0,164.0,206.0,True
2226,2,173.0,59.0,203.0,89.0,True
2226,2,173.0,176.0,203.0,206.0,True
2227,2,57.0,103.0,87.0,133.0,True
2227,2,96.0,25.0,126.0,55.0,True
2227,2,96.0,103.0,126.0,133.0,True
2227,2,96.0,142.0,126.0,172.0,True
2227,2,135.0,25.0,165.0,55.0,True
2227,2,135.0,103.0,165.0,133.0,True
2227,2,135.0,142.0,165.0,172.0,True
2228,2,17.0,57.0,47.0,87.0,True
2228,2,17.0,135.0,47.0,165.0,True
2228,2,56.0,18.0,86.0,48.0,True
2228,2,56.0,57.0,86.0,87.0,True
2228,2,56.0,174.0,86.0,204.0,True
2228,2,173.0,18.0,203.0,48.0,True
2228,2,173.0,96.0,203.0,126.0,True
2229,2,17.0,137.0,47.0,167.0,True
2229,2,56.0,20.0,86.0,50.0,True
2229,2,56.0,59.0,86.0,89.0,True
2229,2,56.0,98.0,86.0,128.0,True
2229,2,134.0,98.0,164.0,128.0,True
2229,2,173.0,59.0,203.0,89.0,True
2229,2,173.0,176.0,203.0,206.0,True
2230,2,16.0,94.0,46.0,124.0,True
2230,2,55.0,16.0,85.0,46.0,True
2230,2,55.0,94.0,85.0,124.0,True
2230,2,94.0,16.0,124.0,46.0,True
2230,2,94.0,172.0,124.0,202.0,True
2230,2,133.0,133.0,163.0,163.0,True
2230,2,172.0,133.0,202.0,163.0,True
2231,2,24.0,19.0,54.0,49.0,True
2231,2,24.0,136.0,54.0,166.0,True
2231,2,63.0,175.0,93.0,205.0,True
2231,2,102.0,58.0,132.0,88.0,True
2231,2,102.0,136.0,132.0,166.0,True
2231,2,141.0,136.0,171.0,166.0,True
2231,2,180.0,136.0,210.0,166.0,True
2232,2,15.0,22.0,45.0,52.0,True
2232,2,15.0,61.0,45.0,91.0,True
2232,2,15.0,178.0,45.0,208.0,True
2232,2,93.0,22.0,123.0,52.0,True
2232,2,93.0,100.0,123.0,130.0,True
2232,2,171.0,22.0,201.0,52.0,True
2232,2,171.0,100.0,201.0,130.0,True
2233,2,24.0,134.0,54.0,164.0,True
2233,2,24.0,173.0,54.0,203.0,True
2233,2,63.0,17.0,93.0,47.0,True
2233,2,63.0,95.0,93.0,125.0,True
2233,2,102.0,173.0,132.0,203.0,True
2233,2,141.0,56.0,171.0,86.0,True
2233,2,141.0,173.0,171.0,203.0,True
2234,2,16.0,131.0,46.0,161.0,True
2234,2,55.0,53.0,85.0,83.0,True
2234,2,55.0,131.0,85.0,161.0,True
2234,2,55.0,170.0,85.0,200.0,True
2234,2,94.0,92.0,124.0,122.0,True
2234,2,133.0,92.0,163.0,122.0,True
2234,2,172.0,92.0,202.0,122.0,True
2235,2,57.0,180.0,87.0,210.0,True
2235,2,96.0,63.0,126.0,93.0,True
2235,2,96.0,180.0,126.0,210.0,True
2235,2,135.0,24.0,165.0,54.0,True
2235,2,135.0,102.0,165.0,132.0,True
2235,2,174.0,24.0,204.0,54.0,True
2235,2,174.0,102.0,204.0,132.0,True
2236,2,17.0,57.0,47.0,87.0,True
2236,2,17.0,135.0,47.0,165.0,True
2236,2,56.0,18.0,86.0,48.0,True
2236,2,95.0,18.0,125.0,48.0,True
2236,2,95.0,96.0,125.0,126.0,True
2236,2,95.0,135.0,125.0,165.0,True
2236,2,134.0,135.0,164.0,165.0,True
2237,2,22.0,15.0,52.0,45.0,True
2237,2,22.0,54.0,52.0,84.0,True
2237,2,61.0,93.0,91.0,123.0,True
2237,2,61.0,132.0,91.0,162.0,True
2237,2,100.0,15.0,130.0,45.0,True
2237,2,139.0,171.0,169.0,201.0,True
2237,2,178.0,15.0,208.0,45.0,True
2238,2,25.0,22.0,55.0,52.0,True
2238,2,25.0,100.0,55.0,130.0,True
2238,2,64.0,22.0,94.0,52.0,True
2238,2,64.0,100.0,94.0,130.0,True
2238,2,142.0,61.0,172.0,91.0,True
2238,2,142.0,100.0,172.0,130.0,True
2238,2,181.0,178.0,211.0,208.0,True
2239,2,16.0,135.0,46.0,165.0,True
2239,2,94.0,96.0,124.0,126.0,True
2239,2,133.0,18.0,163.0,48.0,True
2239,2,133.0,57.0,163.0,87.0,True
2239,2,133.0,96.0,163.0,126.0,True
2239,2,133.0,174.0,163.0,204.0,True
2239,2,172.0,18.0,202.0,48.0,True
2240,2,15.0,138.0,45.0,168.0,True
2240,2,15.0,177.0,45.0,207.0,True
2240,2,54.0,177.0,84.0,207.0,True
2240,2,93.0,21.0,123.0,51.0,True
2240,2,93.0,138.0,123.0,168.0,True
2240,2,132.0,138.0,162.0,168.0,True
2240,2,171.0,138.0,201.0,168.0,True
2241,2,22.0,97.0,52.0,127.0,True
2241,2,61.0,97.0,91.0,127.0,True
2241,2,61.0,175.0,91.0,205.0,True
2241,2,100.0,97.0,130.0,127.0,True
2241,2,139.0,19.0,169.0,49.0,True
2241,2,139.0,97.0,169.0,127.0,True
2241,2,178.0,58.0,208.0,88.0,True
2242,2,20.0,18.0,50.0,48.0,True
2242,2,20.0,174.0,50.0,204.0,True
2242,2,98.0,18.0,128.0,48.0,True
2242,2,98.0,57.0,128.0,87.0,True
2242,2,98.0,96.0,128.0,126.0,True
2242,2,98.0,135.0,128.0,165.0,True
2242,2,176.0,18.0,206.0,48.0,True
2243,2,22.0,25.0,52.0,55.0,True
2243,2,22.0,64.0,52.0,94.0,True
2243,2,22.0,181.0,52.0,211.0,True
2243,2,61.0,25.0,91.0,55.0,True
2243,2,61.0,181.0,91.0,211.0,True
2243,2,100.0,103.0,130.0,133.0,True
2243,2,178.0,181.0,208.0,211.0,True
2244,2,22.0,175.0,52.0,205.0,True
2244,2,61.0,97.0,91.0,127.0,True
2244,2,100.0,19.0,130.0,49.0,True
2244,2,100.0,97.0,130.0,127.0,True
2244,2,100.0,136.0,130.0,166.0,True
2244,2,100.0,175.0,130.0,205.0,True
2244,2,178.0,58.0,208.0,88.0,True
2245,2,18.0,61.0,48.0,91.0,True
2245,2,18.0,100.0,48.0,130.0,True
2245,2,57.0,22.0,87.0,52.0,True
2245,2,57.0,100.0,87.0,130.0,True
2245,2,57.0,178.0,87.0,208.0,True
2245,2,135.0,100.0,165.0,130.0,True
2245,2,174.0,178.0,204.0,208.0,True
2246,2,55.0,98.0,85.0,128.0,True
2246,2,94.0,98.0,124.0,128.0,True
2246,2,133.0,20.0,163.0,50.0,True
2246,2,133.0,59.0,163.0,89.0,True
2246,2,133.0,98.0,163.0,128.0,True
2246,2,133.0,137.0,163.0,167.0,True
2246,2,172.0,98.0,202.0,128.0,True
2247,2,17.0,103.0,47.0,133.0,True
2247,2,56.0,142.0,86.0,172.0,True
2247,2,95.0,64.0,125.0,94.0,True
2247,2,134.0,181.0,164.0,211.0,True
2247,2,173.0,25.0,203.0,55.0,True
2247,2,173.0,64.0,203.0,94.0,True
2247,2,173.0,181.0,203.0,211.0,True
2248,2,62.0,18.0,92.0,48.0,True
2248,2,62.0,174.0,92.0,204.0,True
2248,2,101.0,18.0,131.0,48.0,True
2248,2,140.0,18.0,170.0,48.0,True
2248,2,140.0,57.0,170.0,87.0,True
2248,2,179.0,57.0,209.0,87.0,True
2248,2,179.0,135.0,209.0,165.0,True
2249,2,62.0,98.0,92.0,128.0,True
2249,2,62.0,176.0,92.0,206.0,True
2249,2,140.0,20.0,170.0,50.0,True
2249,2,140.0,98.0,170.0,128.0,True
2249,2,140.0,137.0,170.0,167.0,True
2249,2,179.0,59.0,209.0,89.0,True
2249,2,179.0,176.0,209.0,206.0,True
2250,2,18.0,170.0,48.0,200.0,True
2250,2,57.0,131.0,87.0,161.0,True
2250,2,57.0,170.0,87.0,200.0,True
2250,2,96.0,53.0,126.0,83.0,True
2250,2,96.0,92.0,126.0,122.0,True
2250,2,135.0,14.0,165.0,44.0,True
2250,2,135.0,170.0,165.0,200.0,True
2251,2,18.0,134.0,48.0,164.0,True
2251,2,57.0,56.0,87.0,86.0,True
2251,2,57.0,95.0,87.0,125.0,True
2251,2,57.0,173.0,87.0,203.0,True
2251,2,96.0,56.0,126.0,86.0,True
2251,2,96.0,173.0,126.0,203.0,True
2251,2,174.0,173.0,204.0,203.0,True
2252,2,23.0,94.0,53.0,124.0,True
2252,2,62.0,133.0,92.0,163.0,True
2252,2,101.0,55.0,131.0,85.0,True
2252,2,140.0,133.0,170.0,163.0,True
2252,2,140.0,172.0,170.0,202.0,True
2252,2,179.0,55.0,209.0,85.0,True
2252,2,179.0,94.0,209.0,124.0,True
2253,2,21.0,53.0,51.0,83.0,True
2253,2,60.0,14.0,90.0,44.0,True
2253,2,60.0,131.0,90.0,161.0,True
2253,2,99.0,170.0,129.0,200.0,True
2253,2,138.0,170.0,168.0,200.0,True
2253,2,177.0,53.0,207.0,83.0,True
2253,2,177.0,131.0,207.0,161.0,True
2254,2,15.0,135.0,45.0,165.0,True
2254,2,54.0,57.0,84.0,87.0,True
2254,2,93.0,174.0,123.0,204.0,True
2254,2,132.0,18.0,162.0,48.0,True
2254,2,132.0,57.0,162.0,87.0,True
2254,2,132.0,174.0,162.0,204.0,True
2254,2,171.0,135.0,201.0,165.0,True
2255,2,25.0,64.0,55.0,94.0,True
2255,2,64.0,142.0,94.0,172.0,True
2255,2,103.0,142.0,133.0,172.0,True
2255,2,142.0,25.0,172.0,55.0,True
2255,2,142.0,181.0,172.0,211.0,True
2255,2,181.0,64.0,211.0,94.0,True
2255,2,181.0,181.0,211.0,211.0,True
2256,2,25.0,58.0,55.0,88.0,True
2256,2,64.0,136.0,94.0,166.0,True
2256,2,103.0,58.0,133.0,88.0,True
2256,2,103.0,136.0,133.0,166.0,True
2256,2,142.0,136.0,172.0,166.0,True
2256,2,181.0,58.0,211.0,88.0,True
2256,2,181.0,175.0,211.0,205.0,True
2257,2,18.0,56.0,48.0,86.0,True
2257,2,18.0,95.0,48.0,125.0,True
2257,2,18.0,173.0,48.0,203.0,True
2257,2,57.0,134.0,87.0,164.0,True
2257,2,96.0,17.0,126.0,47.0,True
2257,2,96.0,134.0,126.0,164.0,True
2257,2,135.0,56.0,165.0,86.0,True
2258,2,23.0,54.0,53.0,84.0,True
2258,2,62.0,15.0,92.0,45.0,True
2258,2,62.0,93.0,92.0,123.0,True
2258,2,140.0,15.0,170.0,45.0,True
2258,2,140.0,132.0,170.0,162.0,True
2258,2,140.0,171.0,170.0,201.0,True
2258,2,179.0,132.0,209.0,162.0,True
2259,2,97.0,19.0,127.0,49.0,True
2259,2,97.0,175.0,127.0,205.0,True
2259,2,136.0,58.0,166.0,88.0,True
2259,2,136.0,97.0,166.0,127.0,True
2259,2,136.0,175.0,166.0,205.0,True
2259,2,175.0,97.0,205.0,127.0,True
2259,2,175.0,175.0,205.0,205.0,True
2260,2,16.0,58.0,46.0,88.0,True
2260,2,16.0,136.0,46.0,166.0,True
2260,2,55.0,19.0,85.0,49.0,True
2260,2,55.0,97.0,85.0,127.0,True
2260,2,94.0,97.0,124.0,127.0,True
2260,2,172.0,19.0,202.0,49.0,True
2260,2,172.0,58.0,202.0,88.0,True
2261,2,59.0,136.0,89.0,166.0,True
2261,2,59.0,175.0,89.0,205.0,True
2261,2,98.0,58.0,128.0,88.0,True
2261,2,98.0,97.0,128.0,127.0,True
2261,2,137.0,136.0,167.0,166.0,True
2261,2,137.0,175.0,167.0,205.0,True
2261,2,176.0,19.0,206.0,49.0,True
2262,2,20.0,22.0,50.0,52.0,True
2262,2,20.0,139.0,50.0,169.0,True
2262,2,59.0,61.0,89.0,91.0,True
2262,2,59.0,100.0,89.0,130.0,True
2262,2,137.0,22.0,167.0,52.0,True
2262,2,137.0,100.0,167.0,130.0,True
2262,2,176.0,22.0,206.0,52.0,True
2263,2,55.0,92.0,85.0,122.0,True
2263,2,94.0,92.0,124.0,122.0,True
2263,2,94.0,131.0,124.0,161.0,True
2263,2,133.0,170.0,163.0,200.0,True
2263,2,172.0,14.0,202.0,44.0,True
2263,2,172.0,53.0,202.0,83.0,True
2263,2,172.0,92.0,202.0,122.0,True
2264,2,21.0,95.0,51.0,125.0,True
2264,2,21.0,134.0,51.0,164.0,True
2264,2,60.0,173.0,90.0,203.0,True
2264,2,99.0,95.0,129.0,125.0,True
2264,2,138.0,17.0,168.0,47.0,True
2264,2,177.0,95.0,207.0,125.0,True
2264,2,177.0,134.0,207.0,164.0,True
2265,2,55.0,61.0,85.0,91.0,True
2265,2,94.0,61.0,124.0,91.0,True
2265,2,94.0,100.0,124.0,130.0,True
2265,2,94.0,139.0,124.0,169.0,True
2265,2,94.0,178.0,124.0,208.0,True
2265,2,172.0,22.0,202.0,52.0,True
2265,2,172.0,178.0,202.0,208.0,True
2266,2,15.0,137.0,45.0,167.0,True
2266,2,54.0,176.0,84.0,206.0,True
2266,2,93.0,20.0,123.0,50.0,True
2266,2,93.0,176.0,123.0,206.0,True
2266,2,171.0,98.0,201.0,128.0,True
2266,2,171.0,137.0,201.0,167.0,True
2266,2,171.0,176.0,201.0,206.0,True
2267,2,15.0,134.0,45.0,164.0,True
2267,2,93.0,95.0,123.0,125.0,True
2267,2,132.0,56.0,162.0,86.0,True
2267,2,132.0,95.0,162.0,125.0,True
2267,2,132.0,134.0,162.0,164.0,True
2267,2,132.0,173.0,162.0,203.0,True
2267,2,171.0,56.0,201.0,86.0,True
2268,2,23.0,92.0,53.0,122.0,True
2268,2,23.0,131.0,53.0,161.0,True
2268,2,23.0,170.0,53.0,200.0,True
2268,2,101.0,92.0,131.0,122.0,True
2268,2,101.0,131.0,131.0,161.0,True
2268,2,140.0,92.0,170.0,122.0,True
2268,2,179.0,53.0,209.0,83.0,True
2269,2,24.0,60.0,54.0,90.0,True
2269,2,63.0,177.0,93.0,207.0,True
2269,2,102.0,138.0,132.0,168.0,True
2269,2,141.0,21.0,171.0,51.0,True
2269,2,141.0,138.0,171.0,168.0,True
2269,2,180.0,99.0,210.0,129.0,True
2269,2,180.0,138.0,210.0,168.0,True
2270,2,19.0,57.0,49.0,87.0,True
2270,2,19.0,174.0,49.0,204.0,True
2270,2,58.0,174.0,88.0,204.0,True
2270,2,97.0,57.0,127.0,87.0,True
2270,2,97.0,96.0,127.0,126.0,True
2270,2,136.0,18.0,166.0,48.0,True
2270,2,175.0,135.0,205.0,165.0,True
2271,2,14.0,14.0,44.0,44.0,True
2271,2,53.0,92.0,83.0,122.0,True
2271,2,92.0,53.0,122.0,83.0,True
2271,2,131.0,53.0,161.0,83.0,True
2271,2,131.0,170.0,161.0,200.0,True
2271,2,170.0,14.0,200.0,44.0,True
2271,2,170.0,53.0,200.0,83.0,True
2272,2,15.0,53.0,45.0,83.0,True
2272,2,93.0,14.0,123.0,44.0,True
2272,2,93.0,53.0,123.0,83.0,True
2272,2,93.0,131.0,123.0,161.0,True
2272,2,93.0,170.0,123.0,200.0,True
2272,2,132.0,53.0,162.0,83.0,True
2272,2,132.0,170.0,162.0,200.0,True
2273,2,18.0,100.0,48.0,130.0,True
2273,2,57.0,100.0,87.0,130.0,True
2273,2,96.0,22.0,126.0,52.0,True
2273,2,135.0,100.0,165.0,130.0,True
2273,2,135.0,139.0,165.0,169.0,True
2273,2,174.0,61.0,204.0,91.0,True
2273,2,174.0,100.0,204.0,130.0,True
2274,2,22.0,18.0,52.0,48.0,True
2274,2,22.0,135.0,52.0,165.0,True
2274,2,61.0,57.0,91.0,87.0,True
2274,2,61.0,135.0,91.0,165.0,True
2274,2,100.0,18.0,130.0,48.0,True
2274,2,139.0,135.0,169.0,165.0,True
2274,2,178.0,57.0,208.0,87.0,True
2275,2,18.0,17.0,48.0,47.0,True
2275,2,18.0,56.0,48.0,86.0,True
2275,2,57.0,56.0,87.0,86.0,True
2275,2,135.0,17.0,165.0,47.0,True
2275,2,135.0,56.0,165.0,86.0,True
2275,2,135.0,95.0,165.0,125.0,True
2275,2,174.0,134.0,204.0,164.0,True
2276,2,62.0,100.0,92.0,130.0,True
2276,2,101.0,22.0,131.0,52.0,True
2276,2,101.0,100.0,131.0,130.0,True
2276,2,140.0,22.0,170.0,52.0,True
2276,2,140.0,100.0,170.0,130.0,True
2276,2,140.0,178.0,170.0,208.0,True
2276,2,179.0,100.0,209.0,130.0,True
2277,2,60.0,103.0,90.0,133.0,True
2277,2,99.0,25.0,129.0,55.0,True
2277,2,99.0,181.0,129.0,211.0,True
2277,2,138.0,142.0,168.0,172.0,True
2277,2,138.0,181.0,168.0,211.0,True
2277,2,177.0,103.0,207.0,133.0,True
2277,2,177.0,181.0,207.0,211.0,True
2278,2,22.0,132.0,52.0,162.0,True
2278,2,61.0,54.0,91.0,84.0,True
2278,2,100.0,54.0,130.0,84.0,True
2278,2,139.0,15.0,169.0,45.0,True
2278,2,139.0,54.0,169.0,84.0,True
2278,2,178.0,54.0,208.0,84.0,True
2278,2,178.0,171.0,208.0,201.0,True
2279,2,21.0,134.0,51.0,164.0,True
2279,2,60.0,56.0,90.0,86.0,True
2279,2,60.0,173.0,90.0,203.0,True
2279,2,99.0,95.0,129.0,125.0,True
2279,2,99.0,134.0,129.0,164.0,True
2279,2,138.0,56.0,168.0,86.0,True
2279,2,177.0,173.0,207.0,203.0,True
2280,2,19.0,100.0,49.0,130.0,True
2280,2,58.0,61.0,88.0,91.0,True
2280,2,97.0,61.0,127.0,91.0,True
2280,2,97.0,178.0,127.0,208.0,True
2280,2,136.0,139.0,166.0,169.0,True
2280,2,175.0,61.0,205.0,91.0,True
2280,2,175.0,178.0,205.0,208.0,True
2281,2,25.0,19.0,55.0,49.0,True
2281,2,25.0,97.0,55.0,127.0,True
2281,2,103.0,19.0,133.0,49.0,True
2281,2,103.0,58.0,133.0,88.0,True
2281,2,142.0,58.0,172.0,88.0,True
2281,2,142.0,175.0,172.0,205.0,True
2281,2,181.0,97.0,211.0,127.0,True
2282,2,15.0,134.0,45.0,164.0,True
2282,2,54.0,17.0,84.0,47.0,True
2282,2,54.0,95.0,84.0,125.0,True
2282,2,93.0,17.0,123.0,47.0,True
2282,2,93.0,173.0,123.0,203.0,True
2282,2,132.0,17.0,162.0,47.0,True
2282,2,171.0,173.0,201.0,203.0,True
2283,2,19.0,18.0,49.0,48.0,True
2283,2,58.0,57.0,88.0,87.0,True
2283,2,58.0,174.0,88.0,204.0,True
2283,2,97.0,57.0,127.0,87.0,True
2283,2,97.0,174.0,127.0,204.0,True
2283,2,175.0,57.0,205.0,87.0,True
2283,2,175.0,174.0,205.0,204.0,True
2284,2,14.0,19.0,44.0,49.0,True
2284,2,92.0,136.0,122.0,166.0,True
2284,2,92.0,175.0,122.0,205.0,True
2284,2,131.0,136.0,161.0,166.0,True
2284,2,131.0,175.0,161.0,205.0,True
2284,2,170.0,97.0,200.0,127.0,True
2284,2,170.0,175.0,200.0,205.0,True
2285,2,55.0,15.0,85.0,45.0,True
2285,2,55.0,54.0,85.0,84.0,True
2285,2,55.0,171.0,85.0,201.0,True
2285,2,94.0,54.0,124.0,84.0,True
2285,2,172.0,15.0,202.0,45.0,True
2285,2,172.0,93.0,202.0,123.0,True
2285,2,172.0,171.0,202.0,201.0,True
2286,2,61.0,99.0,91.0,129.0,True
2286,2,61.0,177.0,91.0,207.0,True
2286,2,100.0,60.0,130.0,90.0,True
2286,2,100.0,99.0,130.0,129.0,True
2286,2,100.0,138.0,130.0,168.0,True
2286,2,100.0,177.0,130.0,207.0,True
2286,2,178.0,99.0,208.0,129.0,True
2287,2,25.0,56.0,55.0,86.0,True
2287,2,25.0,134.0,55.0,164.0,True
2287,2,64.0,17.0,94.0,47.0,True
2287,2,64.0,56.0,94.0,86.0,True
2287,2,64.0,134.0,94.0,164.0,True
2287,2,142.0,95.0,172.0,125.0,True
2287,2,142.0,173.0,172.0,203.0,True
2288,2,16.0,96.0,46.0,126.0,True
2288,2,55.0,18.0,85.0,48.0,True
2288,2,55.0,96.0,85.0,126.0,True
2288,2,94.0,174.0,124.0,204.0,True
2288,2,133.0,18.0,163.0,48.0,True
2288,2,133.0,57.0,163.0,87.0,True
2288,2,133.0,174.0,163.0,204.0,True
2289,2,25.0,137.0,55.0,167.0,True
2289,2,64.0,20.0,94.0,50.0,True
2289,2,103.0,98.0,133.0,128.0,True
2289,2,142.0,20.0,172.0,50.0,True
2289,2,142.0,137.0,172.0,167.0,True
2289,2,142.0,176.0,172.0,206.0,True
2289,2,181.0,98.0,211.0,128.0,True
2290,2,20.0,138.0,50.0,168.0,True
2290,2,59.0,138.0,89.0,168.0,True
2290,2,59.0,177.0,89.0,207.0,True
2290,2,137.0,60.0,167.0,90.0,True
2290,2,137.0,99.0,167.0,129.0,True
2290,2,176.0,21.0,206.0,51.0,True
2290,2,176.0,60.0,206.0,90.0,True
2291,2,21.0,93.0,51.0,123.0,True
2291,2,60.0,132.0,90.0,162.0,True
2291,2,99.0,54.0,129.0,84.0,True
2291,2,138.0,15.0,168.0,45.0,True
2291,2,138.0,132.0,168.0,162.0,True
2291,2,177.0,132.0,207.0,162.0,True
2291,2,177.0,171.0,207.0,201.0,True
2292,2,21.0,53.0,51.0,83.0,True
2292,2,21.0,92.0,51.0,122.0,True
2292,2,60.0,92.0,90.0,122.0,True
2292,2,99.0,14.0,129.0,44.0,True
2292,2,99.0,131.0,129.0,161.0,True
2292,2,138.0,131.0,168.0,161.0,True
2292,2,177.0,53.0,207.0,83.0,True
2293,2,60.0,54.0,90.0,84.0,True
2293,2,99.0,15.0,129.0,45.0,True
2293,2,138.0,54.0,168.0,84.0,True
2293,2,138.0,132.0,168.0,162.0,True
2293,2,177.0,15.0,207.0,45.0,True
2293,2,177.0,54.0,207.0,84.0,True
2293,2,177.0,93.0,207.0,123.0,True
2294,2,20.0,17.0,50.0,47.0,True
2294,2,20.0,56.0,50.0,86.0,True
2294,2,20.0,95.0,50.0,125.0,True
2294,2,59.0,95.0,89.0,125.0,True
2294,2,59.0,173.0,89.0,203.0,True
2294,2,98.0,17.0,128.0,47.0,True
2294,2,137.0,56.0,167.0,86.0,True
2295,2,59.0,100.0,89.0,130.0,True
2295,2,59.0,178.0,89.0,208.0,True
2295,2,98.0,139.0,128.0,169.0,True
2295,2,98.0,178.0,128.0,208.0,True
2295,2,137.0,139.0,167.0,169.0,True
2295,2,176.0,22.0,206.0,52.0,True
2295,2,176.0,61.0,206.0,91.0,True
2296,2,14.0,23.0,44.0,53.0,True
2296,2,53.0,179.0,83.0,209.0,True
2296,2,92.0,101.0,122.0,131.0,True
2296,2,131.0,62.0,161.0,92.0,True
2296,2,170.0,62.0,200.0,92.0,True
2296,2,170.0,101.0,200.0,131.0,True
2296,2,170.0,140.0,200.0,170.0,True
2297,2,20.0,20.0,50.0,50.0,True
2297,2,20.0,98.0,50.0,128.0,True
2297,2,20.0,137.0,50.0,167.0,True
2297,2,59.0,98.0,89.0,128.0,True
2297,2,98.0,59.0,128.0,89.0,True
2297,2,98.0,137.0,128.0,167.0,True
2297,2,176.0,137.0,206.0,167.0,True
2298,2,21.0,175.0,51.0,205.0,True
2298,2,60.0,19.0,90.0,49.0,True
2298,2,60.0,175.0,90.0,205.0,True
2298,2,99.0,97.0,129.0,127.0,True
2298,2,138.0,58.0,168.0,88.0,True
2298,2,138.0,136.0,168.0,166.0,True
2298,2,177.0,58.0,207.0,88.0,True
2299,2,60.0,60.0,90.0,90.0,True
2299,2,60.0,177.0,90.0,207.0,True
2299,2,99.0,60.0,129.0,90.0,True
2299,2,99.0,177.0,129.0,207.0,True
2299,2,138.0,177.0,168.0,207.0,True
2299,2,177.0,99.0,207.0,129.0,True
2299,2,177.0,138.0,207.0,168.0,True
2300,2,17.0,14.0,47.0,44.0,True
2300,2,17.0,170.0,47.0,200.0,True
2300,2,56.0,170.0,86.0,200.0,True
2300,2,95.0,14.0,125.0,44.0,True
2300,2,134.0,14.0,164.0,44.0,True
2300,2,134.0,92.0,164.0,122.0,True
2300,2,134.0,131.0,164.0,161.0,True
2300,2,173.0,53.0,203.0,83.0,True
2301,2,17.0,94.0,47.0,124.0,True
2301,2,17.0,133.0,47.0,163.0,True
2301,2,56.0,172.0,86.0,202.0,True
2301,2,95.0,16.0,125.0,46.0,True
2301,2,95.0,133.0,125.0,163.0,True
2301,2,134.0,55.0,164.0,85.0,True
2301,2,134.0,172.0,164.0,202.0,True
2301,2,173.0,172.0,203.0,202.0,True
2302,2,17.0,21.0,47.0,51.0,True
2302,2,56.0,21.0,86.0,51.0,True
2302,2,56.0,177.0,86.0,207.0,True
2302,2,95.0,60.0,125.0,90.0,True
2302,2,95.0,177.0,125.0,207.0,True
2302,2,134.0,138.0,164.0,168.0,True
2302,2,173.0,21.0,203.0,51.0,True
2302,2,173.0,60.0,203.0,90.0,True
2303,2,15.0,59.0,45.0,89.0,True
2303,2,15.0,98.0,45.0,128.0,True
2303,2,54.0,137.0,84.0,167.0,True
2303,2,93.0,176.0,123.0,206.0,True
2303,2,132.0,59.0,162.0,89.0,True
2303,2,132.0,137.0,162.0,167.0,True
2303,2,171.0,59.0,201.0,89.0,True
2303,2,171.0,137.0,201.0,167.0,True
2304,2,22.0,17.0,52.0,47.0,True
2304,2,22.0,56.0,52.0,86.0,True
2304,2,61.0,56.0,91.0,86.0,True
2304,2,100.0,95.0,130.0,125.0,True
2304,2,100.0,134.0,130.0,164.0,True
2304,2,178.0,17.0,208.0,47.0,True
2304,2,178.0,95.0,208.0,125.0,True
2304,2,178.0,134.0,208.0,164.0,True
2305,2,17.0,93.0,47.0,123.0,True
2305,2,17.0,132.0,47.0,162.0,True
2305,2,56.0,54.0,86.0,84.0,True
2305,2,56.0,93.0,86.0,123.0,True
2305,2,134.0,15.0,164.0,45.0,True
2305,2,134.0,54.0,164.0,84.0,True
2305,2,173.0,132.0,203.0,162.0,True
2305,2,173.0,171.0,203.0,201.0,True
2306,2,24.0,17.0,54.0,47.0,True
2306,2,24.0,134.0,54.0,164.0,True
2306,2,63.0,173.0,93.0,203.0,True
2306,2,102.0,56.0,132.0,86.0,True
2306,2,102.0,134.0,132.0,164.0,True
2306,2,102.0,173.0,132.0,203.0,True
2306,2,141.0,95.0,171.0,125.0,True
2306,2,180.0,134.0,210.0,164.0,True
2307,2,20.0,135.0,50.0,165.0,True
2307,2,59.0,96.0,89.0,126.0,True
2307,2,59.0,174.0,89.0,204.0,True
2307,2,137.0,57.0,167.0,87.0,True
2307,2,137.0,96.0,167.0,126.0,True
2307,2,176.0,18.0,206.0,48.0,True
2307,2,176.0,96.0,206.0,126.0,True
2307,2,176.0,135.0,206.0,165.0,True
2308,2,19.0,93.0,49.0,123.0,True
2308,2,97.0,15.0,127.0,45.0,True
2308,2,97.0,93.0,127.0,123.0,True
2308,2,97.0,171.0,127.0,201.0,True
2308,2,136.0,171.0,166.0,201.0,True
2308,2,175.0,54.0,205.0,84.0,True
2308,2,175.0,93.0,205.0,123.0,True
2308,2,175.0,171.0,205.0,201.0,True
2309,2,62.0,55.0,92.0,85.0,True
2309,2,101.0,133.0,131.0,163.0,True
2309,2,140.0,16.0,170.0,46.0,True
2309,2,140.0,55.0,170.0,85.0,True
2309,2,140.0,133.0,170.0,163.0,True
2309,2,140.0,172.0,170.0,202.0,True
2309,2,179.0,133.0,209.0,163.0,True
2309,2,179.0,172.0,209.0,202.0,True
2310,2,15.0,134.0,45.0,164.0,True
2310,2,15.0,173.0,45.0,203.0,True
2310,2,54.0,17.0,84.0,47.0,True
2310,2,93.0,56.0,123.0,86.0,True
2310,2,93.0,134.0,123.0,164.0,True
2310,2,93.0,173.0,123.0,203.0,True
2310,2,132.0,95.0,162.0,125.0,True
2310,2,171.0,134.0,201.0,164.0,True
2311,2,21.0,96.0,51.0,126.0,True
2311,2,21.0,174.0,51.0,204.0,True
2311,2,60.0,57.0,90.0,87.0,True
2311,2,60.0,96.0,90.0,126.0,True
2311,2,99.0,96.0,129.0,126.0,True
2311,2,99.0,135.0,129.0,165.0,True
2311,2,138.0,18.0,168.0,48.0,True
2311,2,138.0,135.0,168.0,165.0,True
2312,2,14.0,94.0,44.0,124.0,True
2312,2,14.0,133.0,44.0,163.0,True
2312,2,14.0,172.0,44.0,202.0,True
2312,2,53.0,94.0,83.0,124.0,True
2312,2,53.0,172.0,83.0,202.0,True
2312,2,92.0,16.0,122.0,46.0,True
2312,2,92.0,94.0,122.0,124.0,True
2312,2,131.0,94.0,161.0,124.0,True
2313,2,54.0,93.0,84.0,123.0,True
2313,2,54.0,132.0,84.0,162.0,True
2313,2,93.0,15.0,123.0,45.0,True
2313,2,93.0,54.0,123.0,84.0,True
2313,2,93.0,132.0,123.0,162.0,True
2313,2,93.0,171.0,123.0,201.0,True
2313,2,132.0,132.0,162.0,162.0,True
2313,2,171.0,171.0,201.0,201.0,True
2314,2,21.0,24.0,51.0,54.0,True
2314,2,21.0,141.0,51.0,171.0,True
2314,2,21.0,180.0,51.0,210.0,True
2314,2,60.0,63.0,90.0,93.0,True
2314,2,99.0,141.0,129.0,171.0,True
2314,2,138.0,141.0,168.0,171.0,True
2314,2,138.0,180.0,168.0,210.0,True
2314,2,177.0,63.0,207.0,93.0,True
2315,2,22.0,55.0,52.0,85.0,True
2315,2,22.0,94.0,52.0,124.0,True
2315,2,100.0,55.0,130.0,85.0,True
2315,2,100.0,133.0,130.0,163.0,True
2315,2,139.0,94.0,169.0,124.0,True
2315,2,139.0,133.0,169.0,163.0,True
2315,2,139.0,172.0,169.0,202.0,True
2315,2,178.0,172.0,208.0,202.0,True
2316,2,18.0,15.0,48.0,45.0,True
2316,2,18.0,93.0,48.0,123.0,True
2316,2,57.0,54.0,87.0,84.0,True
2316,2,96.0,54.0,126.0,84.0,True
2316,2,135.0,93.0,165.0,123.0,True
2316,2,135.0,171.0,165.0,201.0,True
2316,2,174.0,54.0,204.0,84.0,True
2316,2,174.0,93.0,204.0,123.0,True
2317,2,24.0,16.0,54.0,46.0,True
2317,2,24.0,55.0,54.0,85.0,True
2317,2,24.0,133.0,54.0,163.0,True
2317,2,102.0,16.0,132.0,46.0,True
2317,2,102.0,55.0,132.0,85.0,True
2317,2,102.0,94.0,132.0,124.0,True
2317,2,180.0,16.0,210.0,46.0,True
2317,2,180.0,133.0,210.0,163.0,True
2318,2,20.0,20.0,50.0,50.0,True
2318,2,20.0,98.0,50.0,128.0,True
2318,2,20.0,176.0,50.0,206.0,True
2318,2,98.0,20.0,128.0,50.0,True
2318,2,98.0,59.0,128.0,89.0,True
2318,2,98.0,98.0,128.0,128.0,True
2318,2,137.0,20.0,167.0,50.0,True
2318,2,137.0,98.0,167.0,128.0,True
2319,2,22.0,16.0,52.0,46.0,True
2319,2,61.0,133.0,91.0,163.0,True
2319,2,61.0,172.0,91.0,202.0,True
2319,2,100.0,16.0,130.0,46.0,True
2319,2,139.0,55.0,169.0,85.0,True
2319,2,139.0,133.0,169.0,163.0,True
2319,2,139.0,172.0,169.0,202.0,True
2319,2,178.0,55.0,208.0,85.0,True
2320,2,21.0,64.0,51.0,94.0,True
2320,2,21.0,181.0,51.0,211.0,True
2320,2,60.0,25.0,90.0,55.0,True
2320,2,99.0,142.0,129.0,172.0,True
2320,2,138.0,25.0,168.0,55.0,True
2320,2,138.0,103.0,168.0,133.0,True
2320,2,177.0,25.0,207.0,55.0,True
2320,2,177.0,64.0,207.0,94.0,True
2321,2,22.0,15.0,52.0,45.0,True
2321,2,22.0,54.0,52.0,84.0,True
2321,2,22.0,93.0,52.0,123.0,True
2321,2,100.0,171.0,130.0,201.0,True
2321,2,139.0,15.0,169.0,45.0,True
2321,2,139.0,93.0,169.0,123.0,True
2321,2,139.0,171.0,169.0,201.0,True
2321,2,178.0,54.0,208.0,84.0,True
2322,2,18.0,60.0,48.0,90.0,True
2322,2,57.0,60.0,87.0,90.0,True
2322,2,57.0,99.0,87.0,129.0,True
2322,2,96.0,99.0,126.0,129.0,True
2322,2,135.0,21.0,165.0,51.0,True
2322,2,135.0,99.0,165.0,129.0,True
2322,2,174.0,60.0,204.0,90.0,True
2322,2,174.0,138.0,204.0,168.0,True
2323,2,63.0,21.0,93.0,51.0,True
2323,2,63.0,138.0,93.0,168.0,True
2323,2,63.0,177.0,93.0,207.0,True
2323,2,102.0,21.0,132.0,51.0,True
2323,2,102.0,60.0,132.0,90.0,True
2323,2,102.0,138.0,132.0,168.0,True
2323,2,102.0,177.0,132.0,207.0,True
2323,2,141.0,99.0,171.0,129.0,True
2324,2,24.0,175.0,54.0,205.0,True
2324,2,63.0,58.0,93.0,88.0,True
2324,2,63.0,97.0,93.0,127.0,True
2324,2,102.0,19.0,132.0,49.0,True
2324,2,102.0,58.0,132.0,88.0,True
2324,2,141.0,136.0,171.0,166.0,True
2324,2,180.0,19.0,210.0,49.0,True
2324,2,180.0,58.0,210.0,88.0,True
2325,2,18.0,103.0,48.0,133.0,True
2325,2,18.0,181.0,48.0,211.0,True
2325,2,57.0,103.0,87.0,133.0,True
2325,2,96.0,64.0,126.0,94.0,True
2325,2,96.0,142.0,126.0,172.0,True
2325,2,135.0,142.0,165.0,172.0,True
2325,2,135.0,181.0,165.0,211.0,True
2325,2,174.0,142.0,204.0,172.0,True
2326,2,54.0,24.0,84.0,54.0,True
2326,2,54.0,63.0,84.0,93.0,True
2326,2,54.0,180.0,84.0,210.0,True
2326,2,93.0,63.0,123.0,93.0,True
2326,2,93.0,102.0,123.0,132.0,True
2326,2,93.0,141.0,123.0,171.0,True
2326,2,93.0,180.0,123.0,210.0,True
2326,2,171.0,63.0,201.0,93.0,True
2327,2,18.0,178.0,48.0,208.0,True
2327,2,57.0,22.0,87.0,52.0,True
2327,2,135.0,61.0,165.0,91.0,True
2327,2,135.0,139.0,165.0,169.0,True
2327,2,135.0,178.0,165.0,208.0,True
2327,2,174.0,22.0,204.0,52.0,True
2327,2,174.0,61.0,204.0,91.0,True
2327,2,174.0,178.0,204.0,208.0,True
2328,2,20.0,62.0,50.0,92.0,True
2328,2,20.0,101.0,50.0,131.0,True
2328,2,20.0,140.0,50.0,170.0,True
2328,2,20.0,179.0,50.0,209.0,True
2328,2,59.0,23.0,89.0,53.0,True
2328,2,98.0,179.0,128.0,209.0,True
2328,2,176.0,101.0,206.0,131.0,True
2328,2,176.0,140.0,206.0,170.0,True
2329,2,19.0,23.0,49.0,53.0,True
2329,2,19.0,62.0,49.0,92.0,True
2329,2,58.0,23.0,88.0,53.0,True
2329,2,58.0,62.0,88.0,92.0,True
2329,2,97.0,101.0,127.0,131.0,True
2329,2,136.0,140.0,166.0,170.0,True
2329,2,175.0,23.0,205.0,53.0,True
2329,2,175.0,140.0,205.0,170.0,True
2330,2,17.0,55.0,47.0,85.0,True
2330,2,56.0,55.0,86.0,85.0,True
2330,2,56.0,94.0,86.0,124.0,True
2330,2,56.0,133.0,86.0,163.0,True
2330,2,95.0,16.0,125.0,46.0,True
2330,2,134.0,94.0,164.0,124.0,True
2330,2,173.0,55.0,203.0,85.0,True
2330,2,173.0,133.0,203.0,163.0,True
2331,2,22.0,100.0,52.0,130.0,True
2331,2,22.0,178.0,52.0,208.0,True
2331,2,61.0,22.0,91.0,52.0,True
2331,2,61.0,61.0,91.0,91.0,True
2331,2,100.0,22.0,130.0,52.0,True
2331,2,139.0,100.0,169.0,130.0,True
2331,2,178.0,100.0,208.0,130.0,True
2331,2,178.0,139.0,208.0,169.0,True
2332,2,16.0,98.0,46.0,128.0,True
2332,2,55.0,98.0,85.0,128.0,True
2332,2,94.0,20.0,124.0,50.0,True
2332,2,94.0,137.0,124.0,167.0,True
2332,2,94.0,176.0,124.0,206.0,True
2332,2,133.0,59.0,163.0,89.0,True
2332,2,133.0,176.0,163.0,206.0,True
2332,2,172.0,59.0,202.0,89.0,True
2333,2,58.0,55.0,88.0,85.0,True
2333,2,97.0,55.0,127.0,85.0,True
2333,2,97.0,94.0,127.0,124.0,True
2333,2,136.0,172.0,166.0,202.0,True
2333,2,175.0,16.0,205.0,46.0,True
2333,2,175.0,55.0,205.0,85.0,True
2333,2,175.0,94.0,205.0,124.0,True
2333,2,175.0,172.0,205.0,202.0,True
2334,2,15.0,141.0,45.0,171.0,True
2334,2,54.0,63.0,84.0,93.0,True
2334,2,54.0,102.0,84.0,132.0,True
2334,2,54.0,141.0,84.0,171.0,True
2334,2,54.0,180.0,84.0,210.0,True
2334,2,93.0,24.0,123.0,54.0,True
2334,2,93.0,180.0,123.0,210.0,True
2334,2,132.0,141.0,162.0,171.0,True
2335,2,23.0,102.0,53.0,132.0,True
2335,2,62.0,24.0,92.0,54.0,True
2335,2,62.0,102.0,92.0,132.0,True
2335,2,140.0,141.0,170.0,171.0,True
2335,2,140.0,180.0,170.0,210.0,True
2335,2,179.0,63.0,209.0,93.0,True
2335,2,179.0,102.0,209.0,132.0,True
2335,2,179.0,141.0,209.0,171.0,True
2336,2,25.0,103.0,55.0,133.0,True
2336,2,64.0,25.0,94.0,55.0,True
2336,2,64.0,181.0,94.0,211.0,True
2336,2,103.0,64.0,133.0,94.0,True
2336,2,103.0,142.0,133.0,172.0,True
2336,2,142.0,103.0,172.0,133.0,True
2336,2,181.0,25.0,211.0,55.0,True
2336,2,181.0,181.0,211.0,211.0,True
2337,2,14.0,55.0,44.0,85.0,True
2337,2,14.0,172.0,44.0,202.0,True
2337,2,53.0,94.0,83.0,124.0,True
2337,2,53.0,172.0,83.0,202.0,True
2337,2,92.0,172.0,122.0,202.0,True
2337,2,131.0,133.0,161.0,163.0,True
2337,2,170.0,16.0,200.0,46.0,True
2337,2,170.0,55.0,200.0,85.0,True
2338,2,22.0,24.0,52.0,54.0,True
2338,2,22.0,63.0,52.0,93.0,True
2338,2,22.0,102.0,52.0,132.0,True
2338,2,22.0,141.0,52.0,171.0,True
2338,2,100.0,63.0,130.0,93.0,True
2338,2,100.0,141.0,130.0,171.0,True
2338,2,139.0,24.0,169.0,54.0,True
2338,2,139.0,102.0,169.0,132.0,True
2339,2,21.0,63.0,51.0,93.0,True
2339,2,21.0,141.0,51.0,171.0,True
2339,2,21.0,180.0,51.0,210.0,True
2339,2,60.0,24.0,90.0,54.0,True
2339,2,99.0,63.0,129.0,93.0,True
2339,2,99.0,180.0,129.0,210.0,True
2339,2,138.0,141.0,168.0,171.0,True
2339,2,177.0,63.0,207.0,93.0,True
2340,2,21.0,14.0,51.0,44.0,True
2340,2,21.0,53.0,51.0,83.0,True
2340,2,60.0,170.0,90.0,200.0,True
2340,2,99.0,14.0,129.0,44.0,True
2340,2,99.0,53.0,129.0,83.0,True
2340,2,138.0,92.0,168.0,122.0,True
2340,2,177.0,92.0,207.0,122.0,True
2340,2,177.0,170.0,207.0,200.0,True
2341,2,15.0,99.0,45.0,129.0,True
2341,2,93.0,21.0,123.0,51.0,True
2341,2,93.0,60.0,123.0,90.0,True
2341,2,93.0,99.0,123.0,129.0,True
2341,2,93.0,138.0,123.0,168.0,True
2341,2,132.0,60.0,162.0,90.0,True
2341,2,132.0,99.0,162.0,129.0,True
2341,2,171.0,60.0,201.0,90.0,True
2342,2,59.0,15.0,89.0,45.0,True
2342,2,98.0,54.0,128.0,84.0,True
2342,2,98.0,93.0,128.0,123.0,True
2342,2,98.0,132.0,128.0,162.0,True
2342,2,137.0,15.0,167.0,45.0,True
2342,2,137.0,93.0,167.0,123.0,True
2342,2,176.0,15.0,206.0,45.0,True
2342,2,176.0,54.0,206.0,84.0,True
2343,2,14.0,138.0,44.0,168.0,True
2343,2,53.0,99.0,83.0,129.0,True
2343,2,53.0,138.0,83.0,168.0,True
2343,2,131.0,60.0,161.0,90.0,True
2343,2,131.0,138.0,161.0,168.0,True
2343,2,131.0,177.0,161.0,207.0,True
2343,2,170.0,21.0,200.0,51.0,True
2343,2,170.0,177.0,200.0,207.0,True
2344,2,23.0,136.0,53.0,166.0,True
2344,2,23.0,175.0,53.0,205.0,True
2344,2,62.0,58.0,92.0,88.0,True
2344,2,101.0,97.0,131.0,127.0,True
2344,2,140.0,97.0,170.0,127.0,True
2344,2,140.0,175.0,170.0,205.0,True
2344,2,179.0,19.0,209.0,49.0,True
2344,2,179.0,97.0,209.0,127.0,True
2345,2,15.0,18.0,45.0,48.0,True
2345,2,54.0,57.0,84.0,87.0,True
2345,2,54.0,96.0,84.0,126.0,True
2345,2,93.0,57.0,123.0,87.0,True
2345,2,93.0,174.0,123.0,204.0,True
2345,2,132.0,96.0,162.0,126.0,True
2345,2,132.0,174.0,162.0,204.0,True
2345,2,171.0,18.0,201.0,48.0,True
2346,2,14.0,101.0,44.0,131.0,True
2346,2,53.0,62.0,83.0,92.0,True
2346,2,53.0,101.0,83.0,131.0,True
2346,2,53.0,140.0,83.0,170.0,True
2346,2,92.0,62.0,122.0,92.0,True
2346,2,131.0,23.0,161.0,53.0,True
2346,2,131.0,140.0,161.0,170.0,True
2346,2,170.0,62.0,200.0,92.0,True
2347,2,25.0,63.0,55.0,93.0,True
2347,2,25.0,141.0,55.0,171.0,True
2347,2,25.0,180.0,55.0,210.0,True
2347,2,103.0,24.0,133.0,54.0,True
2347,2,142.0,24.0,172.0,54.0,True
2347,2,181.0,24.0,211.0,54.0,True
2347,2,181.0,141.0,211.0,171.0,True
2347,2,181.0,180.0,211.0,210.0,True
2348,2,18.0,141.0,48.0,171.0,True
2348,2,18.0,180.0,48.0,210.0,True
2348,2,57.0,24.0,87.0,54.0,True
2348,2,57.0,180.0,87.0,210.0,True
2348,2,96.0,24.0,126.0,54.0,True
2348,2,96.0,102.0,126.0,132.0,True
2348,2,96.0,141.0,126.0,171.0,True
2348,2,174.0,180.0,204.0,210.0,True
2349,2,18.0,170.0,48.0,200.0,True
2349,2,57.0,14.0,87.0,44.0,True
2349,2,57.0,53.0,87.0,83.0,True
2349,2,96.0,170.0,126.0,200.0,True
2349,2,135.0,92.0,165.0,122.0,True
2349,2,174.0,14.0,204.0,44.0,True
2349,2,174.0,92.0,204.0,122.0,True
2349,2,174.0,170.0,204.0,200.0,True
2350,2,18.0,171.0,48.0,201.0,True
2350,2,57.0,15.0,87.0,45.0,True
2350,2,57.0,93.0,87.0,123.0,True
2350,2,57.0,132.0,87.0,162.0,True
2350,2,135.0,54.0,165.0,84.0,True
2350,2,135.0,132.0,165.0,162.0,True
2350,2,135.0,171.0,165.0,201.0,True
2350,2,174.0,54.0,204.0,84.0,True
2351,2,19.0,95.0,49.0,125.0,True
2351,2,19.0,173.0,49.0,203.0,True
2351,2,58.0,17.0,88.0,47.0,True
2351,2,58.0,134.0,88.0,164.0,True
2351,2,58.0,173.0,88.0,203.0,True
2351,2,136.0,173.0,166.0,203.0,True
2351,2,175.0,56.0,205.0,86.0,True
2351,2,175.0,134.0,205.0,164.0,True
2352,2,18.0,176.0,48.0,206.0,True
2352,2,57.0,20.0,87.0,50.0,True
2352,2,57.0,59.0,87.0,89.0,True
2352,2,96.0,59.0,126.0,89.0,True
2352,2,96.0,137.0,126.0,167.0,True
2352,2,96.0,176.0,126.0,206.0,True
2352,2,135.0,59.0,165.0,89.0,True
2352,2,174.0,98.0,204.0,128.0,True
2353,2,19.0,54.0,49.0,84.0,True
2353,2,19.0,93.0,49.0,123.0,True
2353,2,58.0,93.0,88.0,123.0,True
2353,2,58.0,132.0,88.0,162.0,True
2353,2,58.0,171.0,88.0,201.0,True
2353,2,97.0,171.0,127.0,201.0,True
2353,2,136.0,15.0,166.0,45.0,True
2353,2,175.0,132.0,205.0,162.0,True
2354,2,24.0,96.0,54.0,126.0,True
2354,2,24.0,174.0,54.0,204.0,True
2354,2,63.0,18.0,93.0,48.0,True
2354,2,63.0,96.0,93.0,126.0,True
2354,2,102.0,18.0,132.0,48.0,True
2354,2,102.0,57.0,132.0,87.0,True
2354,2,141.0,96.0,171.0,126.0,True
2354,2,141.0,174.0,171.0,204.0,True
2355,2,21.0,57.0,51.0,87.0,True
2355,2,21.0,96.0,51.0,126.0,True
2355,2,21.0,135.0,51.0,165.0,True
2355,2,99.0,18.0,129.0,48.0,True
2355,2,99.0,57.0,129.0,87.0,True
2355,2,138.0,96.0,168.0,126.0,True
2355,2,138.0,174.0,168.0,204.0,True
2355,2,177.0,96.0,207.0,126.0,True
2356,2,19.0,57.0,49.0,87.0,True
2356,2,19.0,135.0,49.0,165.0,True
2356,2,58.0,135.0,88.0,165.0,True
2356,2,58.0,174.0,88.0,204.0,True
2356,2,136.0,57.0,166.0,87.0,True
2356,2,136.0,96.0,166.0,126.0,True
2356,2,136.0,174.0,166.0,204.0,True
2356,2,175.0,135.0,205.0,165.0,True
2357,2,16.0,25.0,46.0,55.0,True
2357,2,16.0,103.0,46.0,133.0,True
2357,2,16.0,181.0,46.0,211.0,True
2357,2,55.0,103.0,85.0,133.0,True
2357,2,55.0,142.0,85.0,172.0,True
2357,2,133.0,142.0,163.0,172.0,True
2357,2,172.0,25.0,202.0,55.0,True
2357,2,172.0,142.0,202.0,172.0,True
2358,2,15.0,62.0,45.0,92.0,True
2358,2,15.0,101.0,45.0,131.0,True
2358,2,54.0,179.0,84.0,209.0,True
2358,2,93.0,140.0,123.0,170.0,True
2358,2,132.0,23.0,162.0,53.0,True
2358,2,171.0,62.0,201.0,92.0,True
2358,2,171.0,140.0,201.0,170.0,True
2358,2,171.0,179.0,201.0,209.0,True
2359,2,23.0,21.0,53.0,51.0,True
2359,2,23.0,177.0,53.0,207.0,True
2359,2,62.0,177.0,92.0,207.0,True
2359,2,101.0,99.0,131.0,129.0,True
2359,2,101.0,138.0,131.0,168.0,True
2359,2,140.0,21.0,170.0,51.0,True
2359,2,140.0,60.0,170.0,90.0,True
2359,2,140.0,138.0,170.0,168.0,True
2360,2,16.0,63.0,46.0,93.0,True
2360,2,55.0,180.0,85.0,210.0,True
2360,2,94.0,102.0,124.0,132.0,True
2360,2,94.0,180.0,124.0,210.0,True
2360,2,133.0,24.0,163.0,54.0,True
2360,2,133.0,102.0,163.0,132.0,True
2360,2,172.0,102.0,202.0,132.0,True
2360,2,172.0,180.0,202.0,210.0,True
2361,2,15.0,21.0,45.0,51.0,True
2361,2,54.0,60.0,84.0,90.0,True
2361,2,54.0,138.0,84.0,168.0,True
2361,2,54.0,177.0,84.0,207.0,True
2361,2,93.0,99.0,123.0,129.0,True
2361,2,132.0,99.0,162.0,129.0,True
2361,2,171.0,99.0,201.0,129.0,True
2361,2,171.0,138.0,201.0,168.0,True
2362,2,25.0,170.0,55.0,200.0,True
2362,2,64.0,14.0,94.0,44.0,True
2362,2,64.0,170.0,94.0,200.0,True
2362,2,103.0,170.0,133.0,200.0,True
2362,2,142.0,131.0,172.0,161.0,True
2362,2,142.0,170.0,172.0,200.0,True
2362,2,181.0,92.0,211.0,122.0,True
2362,2,181.0,131.0,211.0,161.0,True
2363,2,20.0,15.0,50.0,45.0,True
2363,2,20.0,93.0,50.0,123.0,True
2363,2,59.0,15.0,89.0,45.0,True
2363,2,59.0,54.0,89.0,84.0,True
2363,2,59.0,171.0,89.0,201.0,True
2363,2,137.0,132.0,167.0,162.0,True
2363,2,176.0,15.0,206.0,45.0,True
2363,2,176.0,132.0,206.0,162.0,True
2364,2,16.0,57.0,46.0,87.0,True
2364,2,16.0,96.0,46.0,126.0,True
2364,2,55.0,57.0,85.0,87.0,True
2364,2,133.0,18.0,163.0,48.0,True
2364,2,133.0,135.0,163.0,165.0,True
2364,2,133.0,174.0,163.0,204.0,True
2364,2,172.0,135.0,202.0,165.0,True
2364,2,172.0,174.0,202.0,204.0,True
2365,2,25.0,23.0,55.0,53.0,True
2365,2,25.0,101.0,55.0,131.0,True
2365,2,25.0,140.0,55.0,170.0,True
2365,2,25.0,179.0,55.0,209.0,True
2365,2,64.0,23.0,94.0,53.0,True
2365,2,103.0,140.0,133.0,170.0,True
2365,2,142.0,179.0,172.0,209.0,True
2365,2,181.0,23.0,211.0,53.0,True
2366,2,14.0,95.0,44.0,125.0,True
2366,2,53.0,17.0,83.0,47.0,True
2366,2,92.0,17.0,122.0,47.0,True
2366,2,92.0,56.0,122.0,86.0,True
2366,2,131.0,56.0,161.0,86.0,True
2366,2,131.0,134.0,161.0,164.0,True
2366,2,170.0,56.0,200.0,86.0,True
2366,2,170.0,95.0,200.0,125.0,True
2367,2,22.0,93.0,52.0,123.0,True
2367,2,61.0,54.0,91.0,84.0,True
2367,2,61.0,132.0,91.0,162.0,True
2367,2,100.0,54.0,130.0,84.0,True
2367,2,100.0,93.0,130.0,123.0,True
2367,2,139.0,54.0,169.0,84.0,True
2367,2,139.0,93.0,169.0,123.0,True
2367,2,178.0,93.0,208.0,123.0,True
2368,2,22.0,53.0,52.0,83.0,True
2368,2,22.0,131.0,52.0,161.0,True
2368,2,22.0,170.0,52.0,200.0,True
2368,2,61.0,53.0,91.0,83.0,True
2368,2,100.0,53.0,130.0,83.0,True
2368,2,100.0,170.0,130.0,200.0,True
2368,2,139.0,92.0,169.0,122.0,True
2368,2,178.0,92.0,208.0,122.0,True
2369,2,23.0,96.0,53.0,126.0,True
2369,2,62.0,18.0,92.0,48.0,True
2369,2,62.0,57.0,92.0,87.0,True
2369,2,62.0,96.0,92.0,126.0,True
2369,2,62.0,174.0,92.0,204.0,True
2369,2,140.0,174.0,170.0,204.0,True
2369,2,179.0,57.0,209.0,87.0,True
2369,2,179.0,96.0,209.0,126.0,True
2370,2,18.0,22.0,48.0,52.0,True
2370,2,18.0,139.0,48.0,169.0,True
2370,2,57.0,22.0,87.0,52.0,True
2370,2,57.0,139.0,87.0,169.0,True
2370,2,57.0,178.0,87.0,208.0,True
2370,2,135.0,22.0,165.0,52.0,True
2370,2,135.0,61.0,165.0,91.0,True
2370,2,135.0,178.0,165.0,208.0,True
2371,2,25.0,181.0,55.0,211.0,True
2371,2,64.0,64.0,94.0,94.0,True
2371,2,64.0,103.0,94.0,133.0,True
2371,2,103.0,142.0,133.0,172.0,True
2371,2,103.0,181.0,133.0,211.0,True
2371,2,142.0,64.0,172.0,94.0,True
2371,2,142.0,103.0,172.0,133.0,True
2371,2,181.0,142.0,211.0,172.0,True
2372,2,24.0,102.0,54.0,132.0,True
2372,2,24.0,141.0,54.0,171.0,True
2372,2,102.0,102.0,132.0,132.0,True
2372,2,102.0,141.0,132.0,171.0,True
2372,2,102.0,180.0,132.0,210.0,True
2372,2,141.0,63.0,171.0,93.0,True
2372,2,180.0,102.0,210.0,132.0,True
2372,2,180.0,141.0,210.0,171.0,True
2373,2,25.0,93.0,55.0,123.0,True
2373,2,25.0,132.0,55.0,162.0,True
2373,2,25.0,171.0,55.0,201.0,True
2373,2,103.0,15.0,133.0,45.0,True
2373,2,103.0,54.0,133.0,84.0,True
2373,2,103.0,132.0,133.0,162.0,True
2373,2,181.0,132.0,211.0,162.0,True
2373,2,181.0,171.0,211.0,201.0,True
2374,2,59.0,57.0,89.0,87.0,True
2374,2,98.0,57.0,128.0,87.0,True
2374,2,98.0,96.0,128.0,126.0,True
2374,2,98.0,174.0,128.0,204.0,True
2374,2,137.0,135.0,167.0,165.0,True
2374,2,137.0,174.0,167.0,204.0,True
2374,2,176.0,18.0,206.0,48.0,True
2374,2,176.0,57.0,206.0,87.0,True
2375,2,16.0,98.0,46.0,128.0,True
2375,2,16.0,137.0,46.0,167.0,True
2375,2,94.0,59.0,124.0,89.0,True
2375,2,133.0,20.0,163.0,50.0,True
2375,2,133.0,59.0,163.0,89.0,True
2375,2,133.0,137.0,163.0,167.0,True
2375,2,172.0,20.0,202.0,50.0,True
2375,2,172.0,176.0,202.0,206.0,True
2376,2,17.0,17.0,47.0,47.0,True
2376,2,17.0,134.0,47.0,164.0,True
2376,2,17.0,173.0,47.0,203.0,True
2376,2,56.0,56.0,86.0,86.0,True
2376,2,56.0,173.0,86.0,203.0,True
2376,2,95.0,134.0,125.0,164.0,True
2376,2,173.0,95.0,203.0,125.0,True
2376,2,173.0,173.0,203.0,203.0,True
2377,2,18.0,139.0,48.0,169.0,True
2377,2,18.0,178.0,48.0,208.0,True
2377,2,57.0,22.0,87.0,52.0,True
2377,2,57.0,178.0,87.0,208.0,True
2377,2,96.0,100.0,126.0,130.0,True
2377,2,96.0,178.0,126.0,208.0,True
2377,2,174.0,139.0,204.0,169.0,True
2377,2,174.0,178.0,204.0,208.0,True
2378,2,15.0,24.0,45.0,54.0,True
2378,2,15.0,141.0,45.0,171.0,True
2378,2,54.0,102.0,84.0,132.0,True
2378,2,93.0,141.0,123.0,171.0,True
2378,2,93.0,180.0,123.0,210.0,True
2378,2,132.0,63.0,162.0,93.0,True
2378,2,171.0,141.0,201.0,171.0,True
2378,2,171.0,180.0,201.0,210.0,True
2379,2,20.0,171.0,50.0,201.0,True
2379,2,59.0,93.0,89.0,123.0,True
2379,2,98.0,15.0,128.0,45.0,True
2379,2,98.0,93.0,128.0,123.0,True
2379,2,98.0,132.0,128.0,162.0,True
2379,2,137.0,93.0,167.0,123.0,True
2379,2,137.0,132.0,167.0,162.0,True
2379,2,176.0,93.0,206.0,123.0,True
2380,2,19.0,55.0,49.0,85.0,True
2380,2,58.0,16.0,88.0,46.0,True
2380,2,58.0,172.0,88.0,202.0,True
2380,2,97.0,172.0,127.0,202.0,True
2380,2,136.0,55.0,166.0,85.0,True
2380,2,136.0,133.0,166.0,163.0,True
2380,2,136.0,172.0,166.0,202.0,True
2380,2,175.0,94.0,205.0,124.0,True
2381,2,14.0,19.0,44.0,49.0,True
2381,2,92.0,19.0,122.0,49.0,True
2381,2,92.0,97.0,122.0,127.0,True
2381,2,92.0,136.0,122.0,166.0,True
2381,2,131.0,58.0,161.0,88.0,True
2381,2,131.0,136.0,161.0,166.0,True
2381,2,170.0,19.0,200.0,49.0,True
2381,2,170.0,58.0,200.0,88.0,True
2382,2,62.0,131.0,92.0,161.0,True
2382,2,62.0,170.0,92.0,200.0,True
2382,2,101.0,14.0,131.0,44.0,True
2382,2,101.0,53.0,131.0,83.0,True
2382,2,101.0,92.0,131.0,122.0,True
2382,2,101.0,131.0,131.0,161.0,True
2382,2,101.0,170.0,131.0,200.0,True
2382,2,179.0,170.0,209.0,200.0,True
2383,2,20.0,53.0,50.0,83.0,True
2383,2,59.0,14.0,89.0,44.0,True
2383,2,59.0,92.0,89.0,122.0,True
2383,2,59.0,170.0,89.0,200.0,True
2383,2,98.0,14.0,128.0,44.0,True
2383,2,98.0,53.0,128.0,83.0,True
2383,2,176.0,92.0,206.0,122.0,True
2383,2,176.0,131.0,206.0,161.0,True
2384,2,18.0,100.0,48.0,130.0,True
2384,2,18.0,139.0,48.0,169.0,True
2384,2,57.0,61.0,87.0,91.0,True
2384,2,57.0,100.0,87.0,130.0,True
2384,2,96.0,178.0,126.0,208.0,True
2384,2,135.0,139.0,165.0,169.0,True
2384,2,174.0,139.0,204.0,169.0,True
2384,2,174.0,178.0,204.0,208.0,True
2385,2,21.0,102.0,51.0,132.0,True
2385,2,21.0,180.0,51.0,210.0,True
2385,2,60.0,63.0,90.0,93.0,True
2385,2,99.0,63.0,129.0,93.0,True
2385,2,99.0,141.0,129.0,171.0,True
2385,2,138.0,63.0,168.0,93.0,True
2385,2,138.0,141.0,168.0,171.0,True
2385,2,177.0,63.0,207.0,93.0,True
2386,2,23.0,98.0,53.0,128.0,True
2386,2,62.0,137.0,92.0,167.0,True
2386,2,101.0,59.0,131.0,89.0,True
2386,2,101.0,98.0,131.0,128.0,True
2386,2,140.0,20.0,170.0,50.0,True
2386,2,140.0,59.0,170.0,89.0,True
2386,2,179.0,20.0,209.0,50.0,True
2386,2,179.0,98.0,209.0,128.0,True
2387,2,22.0,60.0,52.0,90.0,True
2387,2,22.0,99.0,52.0,129.0,True
2387,2,61.0,21.0,91.0,51.0,True
2387,2,61.0,60.0,91.0,90.0,True
2387,2,61.0,99.0,91.0,129.0,True
2387,2,100.0,21.0,130.0,51.0,True
2387,2,139.0,21.0,169.0,51.0,True
2387,2,139.0,60.0,169.0,90.0,True
2388,2,14.0,140.0,44.0,170.0,True
2388,2,14.0,179.0,44.0,209.0,True
2388,2,53.0,140.0,83.0,170.0,True
2388,2,92.0,140.0,122.0,170.0,True
2388,2,92.0,179.0,122.0,209.0,True
2388,2,131.0,101.0,161.0,131.0,True
2388,2,131.0,179.0,161.0,209.0,True
2388,2,170.0,23.0,200.0,53.0,True
2389,2,56.0,101.0,86.0,131.0,True
2389,2,95.0,23.0,125.0,53.0,True
2389,2,95.0,101.0,125.0,131.0,True
2389,2,134.0,101.0,164.0,131.0,True
2389,2,134.0,140.0,164.0,170.0,True
2389,2,173.0,101.0,203.0,131.0,True
2389,2,173.0,140.0,203.0,170.0,True
2389,2,173.0,179.0,203.0,209.0,True
2390,2,19.0,132.0,49.0,162.0,True
2390,2,58.0,15.0,88.0,45.0,True
2390,2,58.0,171.0,88.0,201.0,True
2390,2,97.0,132.0,127.0,162.0,True
2390,2,97.0,171.0,127.0,201.0,True
2390,2,136.0,93.0,166.0,123.0,True
2390,2,136.0,132.0,166.0,162.0,True
2390,2,175.0,15.0,205.0,45.0,True
2391,2,25.0,20.0,55.0,50.0,True
2391,2,25.0,137.0,55.0,167.0,True
2391,2,64.0,20.0,94.0,50.0,True
2391,2,103.0,20.0,133.0,50.0,True
2391,2,103.0,137.0,133.0,167.0,True
2391,2,142.0,176.0,172.0,206.0,True
2391,2,181.0,20.0,211.0,50.0,True
2391,2,181.0,98.0,211.0,128.0,True
2392,2,18.0,14.0,48.0,44.0,True
2392,2,57.0,53.0,87.0,83.0,True
2392,2,57.0,170.0,87.0,200.0,True
2392,2,96.0,92.0,126.0,122.0,True
2392,2,135.0,14.0,165.0,44.0,True
2392,2,135.0,53.0,165.0,83.0,True
2392,2,174.0,92.0,204.0,122.0,True
2392,2,174.0,131.0,204.0,161.0,True
2393,2,21.0,23.0,51.0,53.0,True
2393,2,60.0,23.0,90.0,53.0,True
2393,2,99.0,140.0,129.0,170.0,True
2393,2,138.0,23.0,168.0,53.0,True
2393,2,138.0,101.0,168.0,131.0,True
2393,2,138.0,140.0,168.0,170.0,True
2393,2,177.0,62.0,207.0,92.0,True
2393,2,177.0,101.0,207.0,131.0,True
2394,2,21.0,16.0,51.0,46.0,True
2394,2,21.0,94.0,51.0,124.0,True
2394,2,21.0,133.0,51.0,163.0,True
2394,2,99.0,16.0,129.0,46.0,True
2394,2,99.0,55.0,129.0,85.0,True
2394,2,138.0,55.0,168.0,85.0,True
2394,2,177.0,94.0,207.0,124.0,True
2394,2,177.0,172.0,207.0,202.0,True
2395,2,16.0,58.0,46.0,88.0,True
2395,2,16.0,97.0,46.0,127.0,True
2395,2,16.0,136.0,46.0,166.0,True
2395,2,16.0,175.0,46.0,205.0,True
2395,2,55.0,19.0,85.0,49.0,True
2395,2,55.0,175.0,85.0,205.0,True
2395,2,172.0,19.0,202.0,49.0,True
2395,2,172.0,136.0,202.0,166.0,True
2396,2,24.0,15.0,54.0,45.0,True
2396,2,24.0,132.0,54.0,162.0,True
2396,2,63.0,54.0,93.0,84.0,True
2396,2,63.0,93.0,93.0,123.0,True
2396,2,102.0,54.0,132.0,84.0,True
2396,2,102.0,171.0,132.0,201.0,True
2396,2,141.0,93.0,171.0,123.0,True
2396,2,141.0,132.0,171.0,162.0,True
2397,2,25.0,22.0,55.0,52.0,True
2397,2,64.0,61.0,94.0,91.0,True
2397,2,64.0,100.0,94.0,130.0,True
2397,2,103.0,100.0,133.0,130.0,True
2397,2,142.0,22.0,172.0,52.0,True
2397,2,142.0,139.0,172.0,169.0,True
2397,2,142.0,178.0,172.0,208.0,True
2397,2,181.0,22.0,211.0,52.0,True
2398,2,14.0,60.0,44.0,90.0,True
2398,2,14.0,99.0,44.0,129.0,True
2398,2,14.0,138.0,44.0,168.0,True
2398,2,53.0,60.0,83.0,90.0,True
2398,2,53.0,138.0,83.0,168.0,True
2398,2,92.0,21.0,122.0,51.0,True
2398,2,131.0,177.0,161.0,207.0,True
2398,2,170.0,21.0,200.0,51.0,True
2399,2,24.0,103.0,54.0,133.0,True
2399,2,24.0,181.0,54.0,211.0,True
2399,2,63.0,103.0,93.0,133.0,True
2399,2,102.0,103.0,132.0,133.0,True
2399,2,102.0,142.0,132.0,172.0,True
2399,2,141.0,25.0,171.0,55.0,True
2399,2,180.0,103.0,210.0,133.0,True
2399,2,180.0,142.0,210.0,172.0,True
2500,2,24.0,14.0,54.0,44.0,True
2501,2,20.0,14.0,50.0,44.0,True
2502,2,13.0,19.0,43.0,49.0,True
2503,2,22.0,56.0,52.0,86.0,True
2504,2,13.0,53.0,43.0,83.0,True
2505,2,22.0,57.0,52.0,87.0,True
2506,2,18.0,95.0,48.0,125.0,True
2507,2,18.0,98.0,48.0,128.0,True
2508,2,17.0,136.0,47.0,166.0,True
2509,2,22.0,131.0,52.0,161.0,True
2510,2,15.0,135.0,45.0,165.0,True
2511,2,21.0,136.0,51.0,166.0,True
2512,2,14.0,176.0,44.0,206.0,True
2513,2,17.0,171.0,47.0,201.0,True
2514,2,21.0,171.0,51.0,201.0,True
2515,2,16.0,176.0,46.0,206.0,True
2516,2,24.0,169.0,54.0,199.0,True
2517,2,61.0,19.0,91.0,49.0,True
2518,2,56.0,20.0,86.0,50.0,True
2519,2,62.0,23.0,92.0,53.0,True
2520,2,55.0,13.0,85.0,43.0,True
2521,2,60.0,63.0,90.0,93.0,True
2522,2,63.0,61.0,93.0,91.0,True
2523,2,62.0,58.0,92.0,88.0,True
2524,2,55.0,58.0,85.0,88.0,True
2525,2,52.0,62.0,82.0,92.0,True
2526,2,62.0,53.0,92.0,83.0,True
2527,2,53.0,63.0,83.0,93.0,True
2528,2,58.0,61.0,88.0,91.0,True
2529,2,57.0,63.0,87.0,93.0,True
2530,2,61.0,91.0,91.0,121.0,True
2531,2,53.0,96.0,83.0,126.0,True
2532,2,53.0,139.0,83.0,169.0,True
2533,2,58.0,135.0,88.0,165.0,True
2534,2,53.0,132.0,83.0,162.0,True
2535,2,55.0,138.0,85.0,168.0,True
2536,2,55.0,135.0,85.0,165.0,True
2537,2,63.0,178.0,93.0,208.0,True
2538,2,54.0,179.0,84.0,209.0,True
2539,2,58.0,175.0,88.0,205.0,True
2540,2,100.0,21.0,130.0,51.0,True
2541,2,97.0,22.0,127.0,52.0,True
2542,2,93.0,15.0,123.0,45.0,True
2543,2,102.0,18.0,132.0,48.0,True
2544,2,92.0,62.0,122.0,92.0,True
2545,2,102.0,53.0,132.0,83.0,True
2546,2,92.0,96.0,122.0,126.0,True
2547,2,91.0,92.0,121.0,122.0,True
2548,2,97.0,96.0,127.0,126.0,True
2549,2,94.0,91.0,124.0,121.0,True
2550,2,96.0,92.0,126.0,122.0,True
2551,2,96.0,131.0,126.0,161.0,True
2552,2,97.0,134.0,127.0,164.0,True
2553,2,99.0,138.0,129.0,168.0,True
2554,2,96.0,130.0,126.0,160.0,True
2555,2,95.0,132.0,125.0,162.0,True
2556,2,97.0,179.0,127.0,209.0,True
2557,2,98.0,179.0,128.0,209.0,True
2558,2,100.0,174.0,130.0,204.0,True
2559,2,95.0,172.0,125.0,202.0,True
2560,2,136.0,13.0,166.0,43.0,True
2561,2,130.0,17.0,160.0,47.0,True
2562,2,133.0,13.0,163.0,43.0,True
2563,2,131.0,20.0,161.0,50.0,True
2564,2,134.0,17.0,164.0,47.0,True
2565,2,133.0,53.0,163.0,83.0,True
2566,2,140.0,58.0,170.0,88.0,True
2567,2,140.0,63.0,170.0,93.0,True
2568,2,137.0,61.0,167.0,91.0,True
2569,2,132.0,60.0,162.0,90.0,True
2570,2,132.0,94.0,162.0,124.0,True
2571,2,132.0,96.0,162.0,126.0,True
2572,2,141.0,95.0,171.0,125.0,True
2573,2,133.0,100.0,163.0,130.0,True
2574,2,131.0,141.0,161.0,171.0,True
2575,2,135.0,136.0,165.0,166.0,True
2576,2,131.0,139.0,161.0,169.0,True
2577,2,135.0,139.0,165.0,169.0,True
2578,2,139.0,131.0,169.0,161.0,True
2579,2,130.0,174.0,160.0,204.0,True
2580,2,130.0,169.0,160.0,199.0,True
2581,2,172.0,23.0,202.0,53.0,True
2582,2,176.0,63.0,206.0,93.0,True
2583,2,178.0,100.0,208.0,130.0,True
2584,2,177.0,91.0,207.0,121.0,True
2585,2,172.0,101.0,202.0,131.0,True
2586,2,175.0,95.0,205.0,125.0,True
2587,2,176.0,101.0,206.0,131.0,True
2588,2,180.0,101.0,210.0,131.0,True
2589,2,170.0,92.0,200.0,122.0,True
2590,2,175.0,130.0,205.0,160.0,True
2591,2,178.0,139.0,208.0,169.0,True
2592,2,170.0,138.0,200.0,168.0,True
2593,2,179.0,130.0,209.0,160.0,True
2594,2,180.0,139.0,210.0,169.0,True
2595,2,179.0,179.0,209.0,209.0,True
2596,2,173.0,176.0,203.0,206.0,True
2597,2,178.0,176.0,208.0,206.0,True
2598,2,179.0,178.0,209.0,208.0,True
2599,2,173.0,175.0,203.0,205.0,True
2600,2,21.0,23.0,51.0,53.0,True
2601,2,16.0,174.0,46.0,204.0,True
2602,2,56.0,14.0,86.0,44.0,True
2603,2,59.0,22.0,89.0,52.0,True
2604,2,93.0,13.0,123.0,43.0,True
2605,2,93.0,176.0,123.0,206.0,True
2606,2,24.0,20.0,54.0,50.0,True
2607,2,133.0,130.0,163.0,160.0,True
2608,2,178.0,169.0,208.0,199.0,True
2609,2,16.0,15.0,46.0,45.0,True
2610,2,92.0,169.0,122.0,199.0,True
2611,2,130.0,131.0,160.0,161.0,True
2612,2,19.0,55.0,49.0,85.0,True
2613,2,14.0,173.0,44.0,203.0,True
2614,2,13.0,99.0,43.0,129.0,True
2615,2,52.0,139.0,82.0,169.0,True
2616,2,13.0,94.0,43.0,124.0,True
2617,2,101.0,14.0,131.0,44.0,True
2618,2,101.0,15.0,131.0,45.0,True
2619,2,22.0,96.0,52.0,126.0,True
2620,2,102.0,172.0,132.0,202.0,True
2621,2,134.0,99.0,164.0,129.0,True
2622,2,130.0,131.0,160.0,161.0,True
2623,2,177.0,17.0,207.0,47.0,True
2624,2,18.0,94.0,48.0,124.0,True
2625,2,180.0,141.0,210.0,171.0,True
2626,2,56.0,17.0,86.0,47.0,True
2627,2,53.0,180.0,83.0,210.0,True
2628,2,19.0,139.0,49.0,169.0,True
2629,2,95.0,22.0,125.0,52.0,True
2630,2,170.0,14.0,200.0,44.0,True
2631,2,19.0,132.0,49.0,162.0,True
2632,2,15.0,176.0,45.0,206.0,True
2633,2,61.0,21.0,91.0,51.0,True
2634,2,55.0,23.0,85.0,53.0,True
2635,2,94.0,55.0,124.0,85.0,True
2636,2,54.0,13.0,84.0,43.0,True
2637,2,53.0,19.0,83.0,49.0,True
2638,2,62.0,21.0,92.0,51.0,True
2639,2,136.0,98.0,166.0,128.0,True
2640,2,139.0,132.0,169.0,162.0,True
2641,2,175.0,14.0,205.0,44.0,True
2642,2,100.0,94.0,130.0,124.0,True
2643,2,57.0,97.0,87.0,127.0,True
2644,2,138.0,139.0,168.0,169.0,True
2645,2,178.0,24.0,208.0,54.0,True
2646,2,63.0,92.0,93.0,122.0,True
2647,2,57.0,98.0,87.0,128.0,True
2648,2,58.0,131.0,88.0,161.0,True
2649,2,95.0,93.0,125.0,123.0,True
2650,2,102.0,131.0,132.0,161.0,True
2651,2,55.0,132.0,85.0,162.0,True
2652,2,58.0,130.0,88.0,160.0,True
2653,2,58.0,133.0,88.0,163.0,True
2654,2,140.0,169.0,170.0,199.0,True
2655,2,171.0,61.0,201.0,91.0,True
2656,2,171.0,101.0,201.0,131.0,True
2657,2,97.0,16.0,127.0,46.0,True
2658,2,93.0,57.0,123.0,87.0,True
2659,2,102.0,93.0,132.0,123.0,True
2660,2,59.0,173.0,89.0,203.0,True
2661,2,178.0,54.0,208.0,84.0,True
2662,2,58.0,179.0,88.0,209.0,True
2663,2,140.0,18.0,170.0,48.0,True
2664,2,135.0,53.0,165.0,83.0,True
2665,2,175.0,20.0,205.0,50.0,True
2666,2,96.0,24.0,126.0,54.0,True
2667,2,94.0,55.0,124.0,85.0,True
2668,2,94.0,53.0,124.0,83.0,True
2669,2,95.0,63.0,125.0,93.0,True
2670,2,102.0,52.0,132.0,82.0,True
2671,2,100.0,61.0,130.0,91.0,True
2672,2,92.0,53.0,122.0,83.0,True
2673,2,91.0,56.0,121.0,86.0,True
2674,2,91.0,62.0,121.0,92.0,True
2675,2,102.0,63.0,132.0,93.0,True
2676,2,179.0,62.0,209.0,92.0,True
2677,2,97.0,97.0,127.0,127.0,True
2678,2,100.0,180.0,130.0,210.0,True
2679,2,93.0,138.0,123.0,168.0,True
2680,2,135.0,93.0,165.0,123.0,True
2681,2,100.0,177.0,130.0,207.0,True
2682,2,95.0,171.0,125.0,201.0,True
2683,2,100.0,176.0,130.0,206.0,True
2684,2,93.0,169.0,123.0,199.0,True
2685,2,92.0,170.0,122.0,200.0,True
2686,2,94.0,170.0,124.0,200.0,True
2687,2,176.0,179.0,206.0,209.0,True
2688,2,138.0,18.0,168.0,48.0,True
2689,2,173.0,63.0,203.0,93.0,True
2690,2,130.0,18.0,160.0,48.0,True
2691,2,178.0,177.0,208.0,207.0,True
2692,2,138.0,56.0,168.0,86.0,True
2693,2,130.0,93.0,160.0,123.0,True
2694,2,174.0,138.0,204.0,168.0,True
2695,2,131.0,177.0,161.0,207.0,True
2696,2,138.0,172.0,168.0,202.0,True
2697,2,179.0,176.0,209.0,206.0,True
2698,2,171.0,22.0,201.0,52.0,True
2699,2,177.0,20.0,207.0,50.0,True
2700,2,17.0,21.0,47.0,51.0,True
2700,2,17.0,60.0,47.0,90.0,True
2701,2,20.0,17.0,50.0,47.0,True
2701,2,20.0,173.0,50.0,203.0,True
2702,2,24.0,14.0,54.0,44.0,True
2702,2,63.0,131.0,93.0,161.0,True
2703,2,17.0,22.0,47.0,52.0,True
2703,2,95.0,139.0,125.0,169.0,True
2704,2,17.0,17.0,47.0,47.0,True
2704,2,95.0,134.0,125.0,164.0,True
2705,2,24.0,19.0,54.0,49.0,True
2705,2,102.0,136.0,132.0,166.0,True
2706,2,14.0,18.0,44.0,48.0,True
2706,2,92.0,135.0,122.0,165.0,True
2707,2,24.0,21.0,54.0,51.0,True
2707,2,102.0,177.0,132.0,207.0,True
2708,2,25.0,21.0,55.0,51.0,True
2708,2,142.0,21.0,172.0,51.0,True
2709,2,25.0,16.0,55.0,46.0,True
2709,2,142.0,55.0,172.0,85.0,True
2710,2,22.0,20.0,52.0,50.0,True
2710,2,139.0,59.0,169.0,89.0,True
2711,2,15.0,20.0,45.0,50.0,True
2711,2,132.0,98.0,162.0,128.0,True
2712,2,23.0,22.0,53.0,52.0,True
2712,2,179.0,100.0,209.0,130.0,True
2713,2,15.0,14.0,45.0,44.0,True
2713,2,171.0,92.0,201.0,122.0,True
2714,2,24.0,57.0,54.0,87.0,True
2714,2,24.0,135.0,54.0,165.0,True
2715,2,19.0,64.0,49.0,94.0,True
2715,2,97.0,25.0,127.0,55.0,True
2716,2,20.0,58.0,50.0,88.0,True
2716,2,137.0,97.0,167.0,127.0,True
2717,2,21.0,53.0,51.0,83.0,True
2717,2,177.0,53.0,207.0,83.0,True
2718,2,20.0,63.0,50.0,93.0,True
2718,2,176.0,102.0,206.0,132.0,True
2719,2,15.0,57.0,45.0,87.0,True
2719,2,171.0,135.0,201.0,165.0,True
2720,2,23.0,60.0,53.0,90.0,True
2720,2,179.0,177.0,209.0,207.0,True
2721,2,23.0,58.0,53.0,88.0,True
2721,2,179.0,175.0,209.0,205.0,True
2722,2,20.0,103.0,50.0,133.0,True
2722,2,20.0,181.0,50.0,211.0,True
2723,2,23.0,96.0,53.0,126.0,True
2723,2,101.0,18.0,131.0,48.0,True
2724,2,24.0,96.0,54.0,126.0,True
2724,2,102.0,18.0,132.0,48.0,True
2725,2,21.0,94.0,51.0,124.0,True
2725,2,99.0,133.0,129.0,163.0,True
2726,2,16.0,103.0,46.0,133.0,True
2726,2,133.0,64.0,163.0,94.0,True
2727,2,25.0,92.0,55.0,122.0,True
2727,2,142.0,92.0,172.0,122.0,True
2728,2,21.0,102.0,51.0,132.0,True
2728,2,138.0,102.0,168.0,132.0,True
2729,2,17.0,103.0,47.0,133.0,True
2729,2,173.0,64.0,203.0,94.0,True
2730,2,23.0,101.0,53.0,131.0,True
2730,2,179.0,140.0,209.0,170.0,True
2731,2,20.0,142.0,50.0,172.0,True
2731,2,59.0,103.0,89.0,133.0,True
2732,2,16.0,135.0,46.0,165.0,True
2732,2,55.0,96.0,85.0,126.0,True
2733,2,22.0,133.0,52.0,163.0,True
2733,2,100.0,172.0,130.0,202.0,True
2734,2,23.0,138.0,53.0,168.0,True
2734,2,140.0,138.0,170.0,168.0,True
2735,2,24.0,136.0,54.0,166.0,True
2735,2,180.0,19.0,210.0,49.0,True
2736,2,21.0,173.0,51.0,203.0,True
2736,2,60.0,173.0,90.0,203.0,True
2737,2,21.0,181.0,51.0,211.0,True
2737,2,99.0,25.0,129.0,55.0,True
2738,2,21.0,175.0,51.0,205.0,True
2738,2,99.0,97.0,129.0,127.0,True
2739,2,20.0,179.0,50.0,209.0,True
2739,2,98.0,140.0,128.0,170.0,True
2740,2,17.0,175.0,47.0,205.0,True
2740,2,173.0,97.0,203.0,127.0,True
2741,2,15.0,181.0,45.0,211.0,True
2741,2,171.0,103.0,201.0,133.0,True
2742,2,61.0,24.0,91.0,54.0,True
2742,2,61.0,102.0,91.0,132.0,True
2743,2,62.0,24.0,92.0,54.0,True
2743,2,62.0,141.0,92.0,171.0,True
2744,2,64.0,14.0,94.0,44.0,True
2744,2,103.0,170.0,133.0,200.0,True
2745,2,53.0,25.0,83.0,55.0,True
2745,2,131.0,64.0,161.0,94.0,True
2746,2,57.0,23.0,87.0,53.0,True
2746,2,135.0,101.0,165.0,131.0,True
2747,2,56.0,17.0,86.0,47.0,True
2747,2,173.0,17.0,203.0,47.0,True
2748,2,63.0,15.0,93.0,45.0,True
2748,2,180.0,132.0,210.0,162.0,True
2749,2,57.0,15.0,87.0,45.0,True
2749,2,174.0,171.0,204.0,201.0,True
2750,2,58.0,23.0,88.0,53.0,True
2750,2,175.0,179.0,205.0,209.0,True
2751,2,54.0,54.0,84.0,84.0,True
2751,2,54.0,132.0,84.0,162.0,True
2752,2,53.0,60.0,83.0,90.0,True
2752,2,131.0,138.0,161.0,168.0,True
2753,2,63.0,63.0,93.0,93.0,True
2753,2,141.0,180.0,171.0,210.0,True
2754,2,61.0,54.0,91.0,84.0,True
2754,2,178.0,171.0,208.0,201.0,True
2755,2,61.0,95.0,91.0,125.0,True
2755,2,61.0,173.0,91.0,203.0,True
2756,2,58.0,100.0,88.0,130.0,True
2756,2,97.0,22.0,127.0,52.0,True
2757,2,53.0,101.0,83.0,131.0,True
2757,2,131.0,23.0,161.0,53.0,True
2758,2,60.0,93.0,90.0,123.0,True
2758,2,138.0,54.0,168.0,84.0,True
2759,2,58.0,93.0,88.0,123.0,True
2759,2,175.0,15.0,205.0,45.0,True
2760,2,64.0,102.0,94.0,132.0,True
2760,2,181.0,102.0,211.0,132.0,True
2761,2,53.0,140.0,83.0,170.0,True
2761,2,170.0,62.0,200.0,92.0,True
2762,2,56.0,133.0,86.0,163.0,True
2762,2,173.0,55.0,203.0,85.0,True
2763,2,62.0,136.0,92.0,166.0,True
2763,2,179.0,97.0,209.0,127.0,True
2764,2,63.0,136.0,93.0,166.0,True
2764,2,180.0,97.0,210.0,127.0,True
2765,2,59.0,171.0,89.0,201.0,True
2765,2,137.0,93.0,167.0,123.0,True
2766,2,57.0,170.0,87.0,200.0,True
2766,2,135.0,92.0,165.0,122.0,True
2767,2,58.0,180.0,88.0,210.0,True
2767,2,175.0,102.0,205.0,132.0,True
2768,2,95.0,18.0,125.0,48.0,True
2768,2,134.0,18.0,164.0,48.0,True
2769,2,98.0,24.0,128.0,54.0,True
2769,2,137.0,141.0,167.0,171.0,True
2770,2,101.0,24.0,131.0,54.0,True
2770,2,140.0,180.0,170.0,210.0,True
2771,2,93.0,16.0,123.0,46.0,True
2771,2,171.0,94.0,201.0,124.0,True
2772,2,97.0,54.0,127.0,84.0,True
2772,2,136.0,54.0,166.0,84.0,True
2773,2,102.0,62.0,132.0,92.0,True
2773,2,141.0,179.0,171.0,209.0,True
2774,2,95.0,59.0,125.0,89.0,True
2774,2,173.0,59.0,203.0,89.0,True
2775,2,92.0,64.0,122.0,94.0,True
2775,2,170.0,181.0,200.0,211.0,True
2776,2,100.0,100.0,130.0,130.0,True
2776,2,100.0,139.0,130.0,169.0,True
2777,2,92.0,100.0,122.0,130.0,True
2777,2,131.0,61.0,161.0,91.0,True
2778,2,99.0,132.0,129.0,162.0,True
2778,2,138.0,15.0,168.0,45.0,True
2779,2,93.0,138.0,123.0,168.0,True
2779,2,132.0,99.0,162.0,129.0,True
2780,2,103.0,142.0,133.0,172.0,True
2780,2,181.0,103.0,211.0,133.0,True
2781,2,95.0,132.0,125.0,162.0,True
2781,2,173.0,93.0,203.0,123.0,True
2782,2,102.0,135.0,132.0,165.0,True
2782,2,180.0,135.0,210.0,165.0,True
2783,2,101.0,173.0,131.0,203.0,True
2783,2,140.0,17.0,170.0,47.0,True
2784,2,102.0,172.0,132.0,202.0,True
2784,2,180.0,172.0,210.0,202.0,True
2785,2,139.0,15.0,169.0,45.0,True
2785,2,178.0,54.0,208.0,84.0,True
2786,2,133.0,19.0,163.0,49.0,True
2786,2,172.0,97.0,202.0,127.0,True
2787,2,142.0,21.0,172.0,51.0,True
2787,2,181.0,138.0,211.0,168.0,True
2788,2,134.0,24.0,164.0,54.0,True
2788,2,173.0,180.0,203.0,210.0,True
2789,2,135.0,61.0,165.0,91.0,True
2789,2,135.0,178.0,165.0,208.0,True
2790,2,136.0,64.0,166.0,94.0,True
2790,2,175.0,142.0,205.0,172.0,True
2791,2,134.0,96.0,164.0,126.0,True
2791,2,134.0,174.0,164.0,204.0,True
2792,2,135.0,99.0,165.0,129.0,True
2792,2,174.0,60.0,204.0,90.0,True
2793,2,134.0,131.0,164.0,161.0,True
2793,2,173.0,53.0,203.0,83.0,True
2794,2,137.0,134.0,167.0,164.0,True
2794,2,176.0,56.0,206.0,86.0,True
2795,2,142.0,135.0,172.0,165.0,True
2795,2,181.0,96.0,211.0,126.0,True
2796,2,170.0,20.0,200.0,50.0,True
2796,2,170.0,98.0,200.0,128.0,True
2797,2,176.0,25.0,206.0,55.0,True
2797,2,176.0,142.0,206.0,172.0,True
2798,2,175.0,61.0,205.0,91.0,True
2798,2,175.0,139.0,205.0,169.0,True
2799,2,178.0,64.0,208.0,94.0,True
2799,2,178.0,181.0,208.0,211.0,True
2800,2,23.0,63.0,53.0,93.0,True
2800,2,23.0,141.0,53.0,171.0,True
2800,2,140.0,24.0,170.0,54.0,True
2801,2,20.0,100.0,50.0,130.0,True
2801,2,98.0,100.0,128.0,130.0,True
2801,2,137.0,178.0,167.0,208.0,True
2802,2,16.0,14.0,46.0,44.0,True
2802,2,133.0,170.0,163.0,200.0,True
2802,2,172.0,53.0,202.0,83.0,True
2803,2,24.0,14.0,54.0,44.0,True
2803,2,24.0,131.0,54.0,161.0,True
2803,2,63.0,92.0,93.0,122.0,True
2804,2,22.0,16.0,52.0,46.0,True
2804,2,22.0,172.0,52.0,202.0,True
2804,2,61.0,172.0,91.0,202.0,True
2805,2,14.0,18.0,44.0,48.0,True
2805,2,14.0,174.0,44.0,204.0,True
2805,2,170.0,135.0,200.0,165.0,True
2806,2,17.0,17.0,47.0,47.0,True
2806,2,56.0,95.0,86.0,125.0,True
2806,2,134.0,56.0,164.0,86.0,True
2807,2,24.0,24.0,54.0,54.0,True
2807,2,63.0,180.0,93.0,210.0,True
2807,2,141.0,102.0,171.0,132.0,True
2808,2,21.0,18.0,51.0,48.0,True
2808,2,99.0,18.0,129.0,48.0,True
2808,2,99.0,174.0,129.0,204.0,True
2809,2,13.0,23.0,43.0,53.0,True
2809,2,91.0,62.0,121.0,92.0,True
2809,2,130.0,179.0,160.0,209.0,True
2810,2,20.0,17.0,50.0,47.0,True
2810,2,98.0,56.0,128.0,86.0,True
2810,2,137.0,95.0,167.0,125.0,True
2811,2,24.0,55.0,54.0,85.0,True
2811,2,24.0,172.0,54.0,202.0,True
2811,2,180.0,55.0,210.0,85.0,True
2812,2,13.0,99.0,43.0,129.0,True
2812,2,52.0,60.0,82.0,90.0,True
2812,2,91.0,99.0,121.0,129.0,True
2813,2,23.0,57.0,53.0,87.0,True
2813,2,62.0,174.0,92.0,204.0,True
2813,2,179.0,174.0,209.0,204.0,True
2814,2,14.0,102.0,44.0,132.0,True
2814,2,92.0,141.0,122.0,171.0,True
2814,2,131.0,141.0,161.0,171.0,True
2815,2,13.0,52.0,43.0,82.0,True
2815,2,13.0,91.0,43.0,121.0,True
2815,2,169.0,52.0,199.0,82.0,True
2816,2,22.0,60.0,52.0,90.0,True
2816,2,22.0,138.0,52.0,168.0,True
2816,2,178.0,21.0,208.0,51.0,True
2817,2,18.0,52.0,48.0,82.0,True
2817,2,18.0,130.0,48.0,160.0,True
2817,2,135.0,169.0,165.0,199.0,True
2818,2,54.0,22.0,84.0,52.0,True
2818,2,54.0,139.0,84.0,169.0,True
2818,2,93.0,100.0,123.0,130.0,True
2819,2,13.0,55.0,43.0,85.0,True
2819,2,91.0,94.0,121.0,124.0,True
2819,2,91.0,172.0,121.0,202.0,True
2820,2,52.0,92.0,82.0,122.0,True
2820,2,52.0,131.0,82.0,161.0,True
2820,2,52.0,170.0,82.0,200.0,True
2821,2,16.0,61.0,46.0,91.0,True
2821,2,133.0,139.0,163.0,169.0,True
2821,2,133.0,178.0,163.0,208.0,True
2822,2,22.0,63.0,52.0,93.0,True
2822,2,100.0,102.0,130.0,132.0,True
2822,2,139.0,102.0,169.0,132.0,True
2823,2,16.0,62.0,46.0,92.0,True
2823,2,94.0,179.0,124.0,209.0,True
2823,2,133.0,62.0,163.0,92.0,True
2824,2,14.0,102.0,44.0,132.0,True
2824,2,14.0,141.0,44.0,171.0,True
2824,2,170.0,24.0,200.0,54.0,True
2825,2,24.0,94.0,54.0,124.0,True
2825,2,63.0,55.0,93.0,85.0,True
2825,2,102.0,94.0,132.0,124.0,True
2826,2,18.0,98.0,48.0,128.0,True
2826,2,18.0,176.0,48.0,206.0,True
2826,2,135.0,176.0,165.0,206.0,True
2827,2,55.0,13.0,85.0,43.0,True
2827,2,94.0,13.0,124.0,43.0,True
2827,2,94.0,169.0,124.0,199.0,True
2828,2,21.0,95.0,51.0,125.0,True
2828,2,99.0,95.0,129.0,125.0,True
2828,2,177.0,56.0,207.0,86.0,True
2829,2,20.0,96.0,50.0,126.0,True
2829,2,59.0,18.0,89.0,48.0,True
2829,2,137.0,57.0,167.0,87.0,True
2830,2,22.0,96.0,52.0,126.0,True
2830,2,139.0,57.0,169.0,87.0,True
2830,2,178.0,57.0,208.0,87.0,True
2831,2,13.0,95.0,43.0,125.0,True
2831,2,52.0,56.0,82.0,86.0,True
2831,2,52.0,173.0,82.0,203.0,True
2832,2,24.0,101.0,54.0,131.0,True
2832,2,63.0,101.0,93.0,131.0,True
2832,2,102.0,23.0,132.0,53.0,True
2833,2,15.0,100.0,45.0,130.0,True
2833,2,132.0,100.0,162.0,130.0,True
2833,2,132.0,139.0,162.0,169.0,True
2834,2,16.0,99.0,46.0,129.0,True
2834,2,94.0,60.0,124.0,90.0,True
2834,2,94.0,138.0,124.0,168.0,True
2835,2,17.0,92.0,47.0,122.0,True
2835,2,173.0,92.0,203.0,122.0,True
2835,2,173.0,170.0,203.0,200.0,True
2836,2,24.0,98.0,54.0,128.0,True
2836,2,180.0,20.0,210.0,50.0,True
2836,2,180.0,176.0,210.0,206.0,True
2837,2,17.0,170.0,47.0,200.0,True
2837,2,56.0,14.0,86.0,44.0,True
2837,2,173.0,92.0,203.0,122.0,True
2838,2,19.0,139.0,49.0,169.0,True
2838,2,19.0,178.0,49.0,208.0,True
2838,2,58.0,139.0,88.0,169.0,True
2839,2,19.0,177.0,49.0,207.0,True
2839,2,58.0,60.0,88.0,90.0,True
2839,2,97.0,177.0,127.0,207.0,True
2840,2,15.0,132.0,45.0,162.0,True
2840,2,15.0,171.0,45.0,201.0,True
2840,2,93.0,15.0,123.0,45.0,True
2841,2,21.0,139.0,51.0,169.0,True
2841,2,60.0,22.0,90.0,52.0,True
2841,2,99.0,178.0,129.0,208.0,True
2842,2,52.0,57.0,82.0,87.0,True
2842,2,130.0,135.0,160.0,165.0,True
2842,2,169.0,96.0,199.0,126.0,True
2843,2,15.0,136.0,45.0,166.0,True
2843,2,54.0,136.0,84.0,166.0,True
2843,2,171.0,175.0,201.0,205.0,True
2844,2,23.0,137.0,53.0,167.0,True
2844,2,179.0,59.0,209.0,89.0,True
2844,2,179.0,176.0,209.0,206.0,True
2845,2,14.0,132.0,44.0,162.0,True
2845,2,92.0,54.0,122.0,84.0,True
2845,2,131.0,132.0,161.0,162.0,True
2846,2,13.0,137.0,43.0,167.0,True
2846,2,91.0,59.0,121.0,89.0,True
2846,2,169.0,176.0,199.0,206.0,True
2847,2,17.0,132.0,47.0,162.0,True
2847,2,134.0,54.0,164.0,84.0,True
2847,2,134.0,132.0,164.0,162.0,True
2848,2,140.0,61.0,170.0,91.0,True
2848,2,140.0,100.0,170.0,130.0,True
2848,2,179.0,139.0,209.0,169.0,True
2849,2,136.0,54.0,166.0,84.0,True
2849,2,136.0,171.0,166.0,201.0,True
2849,2,175.0,54.0,205.0,84.0,True
2850,2,14.0,179.0,44.0,209.0,True
2850,2,53.0,23.0,83.0,53.0,True
2850,2,53.0,140.0,83.0,170.0,True
2851,2,20.0,170.0,50.0,200.0,True
2851,2,59.0,14.0,89.0,44.0,True
2851,2,176.0,92.0,206.0,122.0,True
2852,2,16.0,172.0,46.0,202.0,True
2852,2,55.0,55.0,85.0,85.0,True
2852,2,133.0,55.0,163.0,85.0,True
2853,2,13.0,170.0,43.0,200.0,True
2853,2,130.0,170.0,160.0,200.0,True
2853,2,169.0,14.0,199.0,44.0,True
2854,2,24.0,171.0,54.0,201.0,True
2854,2,102.0,132.0,132.0,162.0,True
2854,2,141.0,132.0,171.0,162.0,True
2855,2,13.0,180.0,43.0,210.0,True
2855,2,91.0,102.0,121.0,132.0,True
2855,2,91.0,180.0,121.0,210.0,True
2856,2,13.0,175.0,43.0,205.0,True
2856,2,91.0,19.0,121.0,49.0,True
2856,2,91.0,97.0,121.0,127.0,True
2857,2,18.0,179.0,48.0,209.0,True
2857,2,96.0,140.0,126.0,170.0,True
2857,2,174.0,101.0,204.0,131.0,True
2858,2,101.0,91.0,131.0,121.0,True
2858,2,140.0,13.0,170.0,43.0,True
2858,2,140.0,169.0,170.0,199.0,True
2859,2,63.0,13.0,93.0,43.0,True
2859,2,102.0,13.0,132.0,43.0,True
2859,2,141.0,13.0,171.0,43.0,True
2860,2,56.0,15.0,86.0,45.0,True
2860,2,56.0,93.0,86.0,123.0,True
2860,2,173.0,54.0,203.0,84.0,True
2861,2,54.0,14.0,84.0,44.0,True
2861,2,132.0,53.0,162.0,83.0,True
2861,2,171.0,131.0,201.0,161.0,True
2862,2,62.0,14.0,92.0,44.0,True
2862,2,101.0,14.0,131.0,44.0,True
2862,2,140.0,92.0,170.0,122.0,True
2863,2,60.0,14.0,90.0,44.0,True
2863,2,138.0,92.0,168.0,122.0,True
2863,2,177.0,170.0,207.0,200.0,True
2864,2,59.0,62.0,89.0,92.0,True
2864,2,59.0,101.0,89.0,131.0,True
2864,2,59.0,140.0,89.0,170.0,True
2865,2,62.0,56.0,92.0,86.0,True
2865,2,62.0,95.0,92.0,125.0,True
2865,2,140.0,173.0,170.0,203.0,True
2866,2,62.0,52.0,92.0,82.0,True
2866,2,62.0,169.0,92.0,199.0,True
2866,2,140.0,52.0,170.0,82.0,True
2867,2,54.0,98.0,84.0,128.0,True
2867,2,132.0,59.0,162.0,89.0,True
2867,2,132.0,137.0,162.0,167.0,True
2868,2,59.0,92.0,89.0,122.0,True
2868,2,98.0,92.0,128.0,122.0,True
2868,2,176.0,14.0,206.0,44.0,True
2869,2,98.0,20.0,128.0,50.0,True
2869,2,137.0,59.0,167.0,89.0,True
2869,2,176.0,176.0,206.0,206.0,True
2870,2,60.0,100.0,90.0,130.0,True
2870,2,99.0,61.0,129.0,91.0,True
2870,2,99.0,178.0,129.0,208.0,True
2871,2,52.0,101.0,82.0,131.0,True
2871,2,91.0,179.0,121.0,209.0,True
2871,2,130.0,179.0,160.0,209.0,True
2872,2,137.0,14.0,167.0,44.0,True
2872,2,137.0,131.0,167.0,161.0,True
2872,2,176.0,170.0,206.0,200.0,True
2873,2,54.0,179.0,84.0,209.0,True
2873,2,93.0,179.0,123.0,209.0,True
2873,2,132.0,23.0,162.0,53.0,True
2874,2,63.0,130.0,93.0,160.0,True
2874,2,102.0,13.0,132.0,43.0,True
2874,2,180.0,91.0,210.0,121.0,True
2875,2,58.0,133.0,88.0,163.0,True
2875,2,97.0,16.0,127.0,46.0,True
2875,2,136.0,133.0,166.0,163.0,True
2876,2,56.0,138.0,86.0,168.0,True
2876,2,134.0,99.0,164.0,129.0,True
2876,2,173.0,177.0,203.0,207.0,True
2877,2,93.0,13.0,123.0,43.0,True
2877,2,171.0,52.0,201.0,82.0,True
2877,2,171.0,169.0,201.0,199.0,True
2878,2,60.0,139.0,90.0,169.0,True
2878,2,99.0,61.0,129.0,91.0,True
2878,2,177.0,100.0,207.0,130.0,True
2879,2,55.0,134.0,85.0,164.0,True
2879,2,133.0,17.0,163.0,47.0,True
2879,2,133.0,95.0,163.0,125.0,True
2880,2,60.0,179.0,90.0,209.0,True
2880,2,99.0,62.0,129.0,92.0,True
2880,2,99.0,179.0,129.0,209.0,True
2881,2,53.0,179.0,83.0,209.0,True
2881,2,92.0,140.0,122.0,170.0,True
2881,2,131.0,140.0,161.0,170.0,True
2882,2,57.0,178.0,87.0,208.0,True
2882,2,135.0,22.0,165.0,52.0,True
2882,2,174.0,22.0,204.0,52.0,True
2883,2,92.0,16.0,122.0,46.0,True
2883,2,92.0,55.0,122.0,85.0,True
2883,2,92.0,94.0,122.0,124.0,True
2884,2,98.0,13.0,128.0,43.0,True
2884,2,98.0,169.0,128.0,199.0,True
2884,2,176.0,130.0,206.0,160.0,True
2885,2,101.0,13.0,131.0,43.0,True
2885,2,101.0,52.0,131.0,82.0,True
2885,2,179.0,169.0,209.0,199.0,True
2886,2,173.0,54.0,203.0,84.0,True
2886,2,173.0,93.0,203.0,123.0,True
2886,2,173.0,171.0,203.0,201.0,True
2887,2,93.0,60.0,123.0,90.0,True
2887,2,132.0,21.0,162.0,51.0,True
2887,2,171.0,138.0,201.0,168.0,True
2888,2,95.0,61.0,125.0,91.0,True
2888,2,134.0,139.0,164.0,169.0,True
2888,2,173.0,100.0,203.0,130.0,True
2889,2,96.0,94.0,126.0,124.0,True
2889,2,135.0,16.0,165.0,46.0,True
2889,2,135.0,133.0,165.0,163.0,True
2890,2,101.0,94.0,131.0,124.0,True
2890,2,179.0,133.0,209.0,163.0,True
2890,2,179.0,172.0,209.0,202.0,True
2891,2,174.0,98.0,204.0,128.0,True
2891,2,174.0,137.0,204.0,167.0,True
2891,2,174.0,176.0,204.0,206.0,True
2892,2,94.0,133.0,124.0,163.0,True
2892,2,133.0,133.0,163.0,163.0,True
2892,2,172.0,55.0,202.0,85.0,True
2893,2,93.0,170.0,123.0,200.0,True
2893,2,132.0,14.0,162.0,44.0,True
2893,2,171.0,170.0,201.0,200.0,True
2894,2,100.0,180.0,130.0,210.0,True
2894,2,139.0,24.0,169.0,54.0,True
2894,2,178.0,180.0,208.0,210.0,True
2895,2,94.0,170.0,124.0,200.0,True
2895,2,133.0,92.0,163.0,122.0,True
2895,2,172.0,92.0,202.0,122.0,True
2896,2,102.0,173.0,132.0,203.0,True
2896,2,141.0,173.0,171.0,203.0,True
2896,2,180.0,17.0,210.0,47.0,True
2897,2,136.0,18.0,166.0,48.0,True
2897,2,136.0,96.0,166.0,126.0,True
2897,2,175.0,174.0,205.0,204.0,True
2898,2,141.0,13.0,171.0,43.0,True
2898,2,180.0,52.0,210.0,82.0,True
2898,2,180.0,130.0,210.0,160.0,True
2899,2,131.0,176.0,161.0,206.0,True
2899,2,170.0,59.0,200.0,89.0,True
2899,2,170.0,137.0,200.0,167.0,True
2900,2,19.0,20.0,49.0,50.0,True
2900,2,19.0,59.0,49.0,89.0,True
2900,2,58.0,98.0,88.0,128.0,True
2900,2,175.0,137.0,205.0,167.0,True
2901,2,15.0,19.0,45.0,49.0,True
2901,2,15.0,97.0,45.0,127.0,True
2901,2,15.0,175.0,45.0,205.0,True
2901,2,132.0,175.0,162.0,205.0,True
2902,2,18.0,16.0,48.0,46.0,True
2902,2,18.0,94.0,48.0,124.0,True
2902,2,57.0,16.0,87.0,46.0,True
2902,2,57.0,172.0,87.0,202.0,True
2903,2,24.0,17.0,54.0,47.0,True
2903,2,24.0,95.0,54.0,125.0,True
2903,2,102.0,17.0,132.0,47.0,True
2903,2,141.0,56.0,171.0,86.0,True
2904,2,15.0,14.0,45.0,44.0,True
2904,2,15.0,131.0,45.0,161.0,True
2904,2,93.0,14.0,123.0,44.0,True
2904,2,132.0,170.0,162.0,200.0,True
2905,2,17.0,22.0,47.0,52.0,True
2905,2,17.0,139.0,47.0,169.0,True
2905,2,95.0,22.0,125.0,52.0,True
2905,2,173.0,139.0,203.0,169.0,True
2906,2,20.0,18.0,50.0,48.0,True
2906,2,20.0,135.0,50.0,165.0,True
2906,2,98.0,57.0,128.0,87.0,True
2906,2,137.0,96.0,167.0,126.0,True
2907,2,13.0,21.0,43.0,51.0,True
2907,2,13.0,177.0,43.0,207.0,True
2907,2,52.0,177.0,82.0,207.0,True
2907,2,169.0,99.0,199.0,129.0,True
2908,2,15.0,14.0,45.0,44.0,True
2908,2,54.0,14.0,84.0,44.0,True
2908,2,93.0,92.0,123.0,122.0,True
2908,2,132.0,14.0,162.0,44.0,True
2909,2,16.0,13.0,46.0,43.0,True
2909,2,55.0,13.0,85.0,43.0,True
2909,2,133.0,91.0,163.0,121.0,True
2909,2,172.0,13.0,202.0,43.0,True
2910,2,21.0,23.0,51.0,53.0,True
2910,2,60.0,62.0,90.0,92.0,True
2910,2,60.0,101.0,90.0,131.0,True
2910,2,99.0,62.0,129.0,92.0,True
2911,2,14.0,14.0,44.0,44.0,True
2911,2,53.0,53.0,83.0,83.0,True
2911,2,53.0,170.0,83.0,200.0,True
2911,2,131.0,131.0,161.0,161.0,True
2912,2,23.0,16.0,53.0,46.0,True
2912,2,62.0,55.0,92.0,85.0,True
2912,2,179.0,16.0,209.0,46.0,True
2912,2,179.0,172.0,209.0,202.0,True
2913,2,17.0,14.0,47.0,44.0,True
2913,2,56.0,92.0,86.0,122.0,True
2913,2,134.0,53.0,164.0,83.0,True
2913,2,173.0,131.0,203.0,161.0,True
2914,2,15.0,21.0,45.0,51.0,True
2914,2,54.0,99.0,84.0,129.0,True
2914,2,132.0,99.0,162.0,129.0,True
2914,2,171.0,60.0,201.0,90.0,True
2915,2,15.0,21.0,45.0,51.0,True
2915,2,54.0,138.0,84.0,168.0,True
2915,2,93.0,21.0,123.0,51.0,True
2915,2,93.0,99.0,123.0,129.0,True
2916,2,24.0,23.0,54.0,53.0,True
2916,2,63.0,140.0,93.0,170.0,True
2916,2,141.0,62.0,171.0,92.0,True
2916,2,141.0,140.0,171.0,170.0,True
2917,2,18.0,22.0,48.0,52.0,True
2917,2,57.0,139.0,87.0,169.0,True
2917,2,174.0,22.0,204.0,52.0,True
2917,2,174.0,61.0,204.0,91.0,True
2918,2,14.0,18.0,44.0,48.0,True
2918,2,53.0,174.0,83.0,204.0,True
2918,2,170.0,135.0,200.0,165.0,True
2918,2,170.0,174.0,200.0,204.0,True
2919,2,17.0,17.0,47.0,47.0,True
2919,2,95.0,17.0,125.0,47.0,True
2919,2,173.0,95.0,203.0,125.0,True
2919,2,173.0,173.0,203.0,203.0,True
2920,2,17.0,14.0,47.0,44.0,True
2920,2,95.0,53.0,125.0,83.0,True
2920,2,173.0,14.0,203.0,44.0,True
2920,2,173.0,170.0,203.0,200.0,True
2921,2,20.0,16.0,50.0,46.0,True
2921,2,98.0,172.0,128.0,202.0,True
2921,2,137.0,16.0,167.0,46.0,True
2921,2,137.0,133.0,167.0,163.0,True
2922,2,18.0,24.0,48.0,54.0,True
2922,2,96.0,180.0,126.0,210.0,True
2922,2,135.0,63.0,165.0,93.0,True
2922,2,174.0,63.0,204.0,93.0,True
2923,2,17.0,17.0,47.0,47.0,True
2923,2,134.0,173.0,164.0,203.0,True
2923,2,173.0,95.0,203.0,125.0,True
2923,2,173.0,134.0,203.0,164.0,True
2924,2,20.0,62.0,50.0,92.0,True
2924,2,20.0,101.0,50.0,131.0,True
2924,2,59.0,101.0,89.0,131.0,True
2924,2,98.0,62.0,128.0,92.0,True
2925,2,21.0,57.0,51.0,87.0,True
2925,2,21.0,96.0,51.0,126.0,True
2925,2,99.0,174.0,129.0,204.0,True
2925,2,138.0,96.0,168.0,126.0,True
2926,2,17.0,52.0,47.0,82.0,True
2926,2,17.0,130.0,47.0,160.0,True
2926,2,134.0,13.0,164.0,43.0,True
2926,2,173.0,169.0,203.0,199.0,True
2927,2,24.0,55.0,54.0,85.0,True
2927,2,24.0,133.0,54.0,163.0,True
2927,2,141.0,133.0,171.0,163.0,True
2927,2,141.0,172.0,171.0,202.0,True
2928,2,19.0,58.0,49.0,88.0,True
2928,2,19.0,175.0,49.0,205.0,True
2928,2,97.0,97.0,127.0,127.0,True
2928,2,175.0,58.0,205.0,88.0,True
2929,2,13.0,56.0,43.0,86.0,True
2929,2,52.0,17.0,82.0,47.0,True
2929,2,52.0,134.0,82.0,164.0,True
2929,2,91.0,17.0,121.0,47.0,True
2930,2,23.0,58.0,53.0,88.0,True
2930,2,62.0,58.0,92.0,88.0,True
2930,2,62.0,175.0,92.0,205.0,True
2930,2,140.0,175.0,170.0,205.0,True
2931,2,18.0,55.0,48.0,85.0,True
2931,2,57.0,94.0,87.0,124.0,True
2931,2,57.0,172.0,87.0,202.0,True
2931,2,174.0,94.0,204.0,124.0,True
2932,2,24.0,62.0,54.0,92.0,True
2932,2,63.0,101.0,93.0,131.0,True
2932,2,102.0,101.0,132.0,131.0,True
2932,2,180.0,23.0,210.0,53.0,True
2933,2,19.0,53.0,49.0,83.0,True
2933,2,58.0,92.0,88.0,122.0,True
2933,2,136.0,53.0,166.0,83.0,True
2933,2,136.0,131.0,166.0,161.0,True
2934,2,13.0,61.0,43.0,91.0,True
2934,2,52.0,178.0,82.0,208.0,True
2934,2,130.0,139.0,160.0,169.0,True
2934,2,169.0,61.0,199.0,91.0,True
2935,2,16.0,56.0,46.0,86.0,True
2935,2,94.0,17.0,124.0,47.0,True
2935,2,94.0,95.0,124.0,125.0,True
2935,2,133.0,173.0,163.0,203.0,True
2936,2,13.0,58.0,43.0,88.0,True
2936,2,130.0,58.0,160.0,88.0,True
2936,2,169.0,19.0,199.0,49.0,True
2936,2,169.0,97.0,199.0,127.0,True
2937,2,16.0,53.0,46.0,83.0,True
2937,2,133.0,170.0,163.0,200.0,True
2937,2,172.0,14.0,202.0,44.0,True
2937,2,172.0,170.0,202.0,200.0,True
2938,2,14.0,98.0,44.0,128.0,True
2938,2,14.0,137.0,44.0,167.0,True
2938,2,53.0,176.0,83.0,206.0,True
2938,2,131.0,59.0,161.0,89.0,True
2939,2,17.0,91.0,47.0,121.0,True
2939,2,17.0,169.0,47.0,199.0,True
2939,2,56.0,91.0,86.0,121.0,True
2939,2,95.0,91.0,125.0,121.0,True
2940,2,23.0,93.0,53.0,123.0,True
2940,2,23.0,171.0,53.0,201.0,True
2940,2,140.0,132.0,170.0,162.0,True
2940,2,179.0,93.0,209.0,123.0,True
2941,2,20.0,92.0,50.0,122.0,True
2941,2,20.0,170.0,50.0,200.0,True
2941,2,176.0,14.0,206.0,44.0,True
2941,2,176.0,92.0,206.0,122.0,True
2942,2,13.0,98.0,43.0,128.0,True
2942,2,52.0,20.0,82.0,50.0,True
2942,2,91.0,98.0,121.0,128.0,True
2942,2,169.0,59.0,199.0,89.0,True
2943,2,23.0,99.0,53.0,129.0,True
2943,2,62.0,60.0,92.0,90.0,True
2943,2,101.0,60.0,131.0,90.0,True
2943,2,140.0,60.0,170.0,90.0,True
2944,2,20.0,101.0,50.0,131.0,True
2944,2,59.0,140.0,89.0,170.0,True
2944,2,98.0,62.0,128.0,92.0,True
2944,2,176.0,179.0,206.0,209.0,True
2945,2,24.0,94.0,54.0,124.0,True
2945,2,102.0,94.0,132.0,124.0,True
2945,2,141.0,172.0,171.0,202.0,True
2945,2,180.0,16.0,210.0,46.0,True
2946,2,23.0,95.0,53.0,125.0,True
2946,2,101.0,173.0,131.0,203.0,True
2946,2,179.0,95.0,209.0,125.0,True
2946,2,179.0,134.0,209.0,164.0,True
2947,2,17.0,101.0,47.0,131.0,True
2947,2,134.0,23.0,164.0,53.0,True
2947,2,173.0,23.0,203.0,53.0,True
2947,2,173.0,62.0,203.0,92.0,True
2948,2,24.0,95.0,54.0,125.0,True
2948,2,141.0,173.0,171.0,203.0,True
2948,2,180.0,56.0,210.0,86.0,True
2948,2,180.0,134.0,210.0,164.0,True
2949,2,24.0,97.0,54.0,127.0,True
2949,2,141.0,175.0,171.0,205.0,True
2949,2,180.0,97.0,210.0,127.0,True
2949,2,180.0,175.0,210.0,205.0,True
2950,2,15.0,141.0,45.0,171.0,True
2950,2,15.0,180.0,45.0,210.0,True
2950,2,54.0,24.0,84.0,54.0,True
2950,2,171.0,180.0,201.0,210.0,True
2951,2,21.0,139.0,51.0,169.0,True
2951,2,60.0,22.0,90.0,52.0,True
2951,2,99.0,61.0,129.0,91.0,True
2951,2,99.0,178.0,129.0,208.0,True
2952,2,22.0,141.0,52.0,171.0,True
2952,2,61.0,24.0,91.0,54.0,True
2952,2,139.0,102.0,169.0,132.0,True
2952,2,178.0,63.0,208.0,93.0,True
2953,2,16.0,134.0,46.0,164.0,True
2953,2,55.0,134.0,85.0,164.0,True
2953,2,172.0,56.0,202.0,86.0,True
2953,2,172.0,173.0,202.0,203.0,True
2954,2,13.0,136.0,43.0,166.0,True
2954,2,91.0,19.0,121.0,49.0,True
2954,2,91.0,175.0,121.0,205.0,True
2954,2,169.0,97.0,199.0,127.0,True
2955,2,19.0,134.0,49.0,164.0,True
2955,2,97.0,17.0,127.0,47.0,True
2955,2,175.0,17.0,205.0,47.0,True
2955,2,175.0,134.0,205.0,164.0,True
2956,2,14.0,138.0,44.0,168.0,True
2956,2,92.0,177.0,122.0,207.0,True
2956,2,131.0,99.0,161.0,129.0,True
2956,2,170.0,21.0,200.0,51.0,True
2957,2,22.0,176.0,52.0,206.0,True
2957,2,61.0,20.0,91.0,50.0,True
2957,2,100.0,137.0,130.0,167.0,True
2957,2,139.0,20.0,169.0,50.0,True
2958,2,14.0,177.0,44.0,207.0,True
2958,2,53.0,21.0,83.0,51.0,True
2958,2,131.0,21.0,161.0,51.0,True
2958,2,170.0,177.0,200.0,207.0,True
2959,2,23.0,179.0,53.0,209.0,True
2959,2,62.0,62.0,92.0,92.0,True
2959,2,101.0,23.0,131.0,53.0,True
2959,2,101.0,140.0,131.0,170.0,True
2960,2,13.0,177.0,43.0,207.0,True
2960,2,52.0,99.0,82.0,129.0,True
2960,2,130.0,99.0,160.0,129.0,True
2960,2,169.0,60.0,199.0,90.0,True
2961,2,22.0,169.0,52.0,199.0,True
2961,2,61.0,130.0,91.0,160.0,True
2961,2,139.0,52.0,169.0,82.0,True
2961,2,178.0,52.0,208.0,82.0,True
2962,2,13.0,171.0,43.0,201.0,True
2962,2,91.0,15.0,121.0,45.0,True
2962,2,91.0,171.0,121.0,201.0,True
2962,2,130.0,15.0,160.0,45.0,True
2963,2,13.0,172.0,43.0,202.0,True
2963,2,91.0,16.0,121.0,46.0,True
2963,2,169.0,55.0,199.0,85.0,True
2963,2,169.0,133.0,199.0,163.0,True
2964,2,14.0,180.0,44.0,210.0,True
2964,2,92.0,141.0,122.0,171.0,True
2964,2,170.0,102.0,200.0,132.0,True
2964,2,170.0,141.0,200.0,171.0,True
2965,2,20.0,172.0,50.0,202.0,True
2965,2,98.0,172.0,128.0,202.0,True
2965,2,137.0,16.0,167.0,46.0,True
2965,2,176.0,172.0,206.0,202.0,True
2966,2,62.0,24.0,92.0,54.0,True
2966,2,62.0,180.0,92.0,210.0,True
2966,2,101.0,141.0,131.0,171.0,True
2966,2,179.0,141.0,209.0,171.0,True
2967,2,54.0,18.0,84.0,48.0,True
2967,2,93.0,18.0,123.0,48.0,True
2967,2,93.0,174.0,123.0,204.0,True
2967,2,171.0,135.0,201.0,165.0,True
2968,2,60.0,18.0,90.0,48.0,True
2968,2,99.0,57.0,129.0,87.0,True
2968,2,177.0,18.0,207.0,48.0,True
2968,2,177.0,174.0,207.0,204.0,True
2969,2,54.0,17.0,84.0,47.0,True
2969,2,93.0,95.0,123.0,125.0,True
2969,2,132.0,95.0,162.0,125.0,True
2969,2,171.0,56.0,201.0,86.0,True
2970,2,53.0,21.0,83.0,51.0,True
2970,2,92.0,99.0,122.0,129.0,True
2970,2,131.0,177.0,161.0,207.0,True
2970,2,170.0,21.0,200.0,51.0,True
2971,2,62.0,14.0,92.0,44.0,True
2971,2,140.0,14.0,170.0,44.0,True
2971,2,140.0,92.0,170.0,122.0,True
2971,2,140.0,131.0,170.0,161.0,True
2972,2,62.0,20.0,92.0,50.0,True
2972,2,140.0,20.0,170.0,50.0,True
2972,2,140.0,137.0,170.0,167.0,True
2972,2,179.0,176.0,209.0,206.0,True
2973,2,55.0,54.0,85.0,84.0,True
2973,2,55.0,93.0,85.0,123.0,True
2973,2,94.0,15.0,124.0,45.0,True
2973,2,133.0,54.0,163.0,84.0,True
2974,2,52.0,58.0,82.0,88.0,True
2974,2,52.0,136.0,82.0,166.0,True
2974,2,91.0,19.0,121.0,49.0,True
2974,2,169.0,19.0,199.0,49.0,True
2975,2,55.0,60.0,85.0,90.0,True
2975,2,55.0,138.0,85.0,168.0,True
2975,2,133.0,138.0,163.0,168.0,True
2975,2,133.0,177.0,163.0,207.0,True
2976,2,55.0,62.0,85.0,92.0,True
2976,2,55.0,140.0,85.0,170.0,True
2976,2,133.0,140.0,163.0,170.0,True
2976,2,172.0,101.0,202.0,131.0,True
2977,2,58.0,61.0,88.0,91.0,True
2977,2,97.0,100.0,127.0,130.0,True
2977,2,136.0,100.0,166.0,130.0,True
2977,2,175.0,22.0,205.0,52.0,True
2978,2,58.0,93.0,88.0,123.0,True
2978,2,58.0,171.0,88.0,201.0,True
2978,2,175.0,93.0,205.0,123.0,True
2978,2,175.0,171.0,205.0,201.0,True
2979,2,57.0,101.0,87.0,131.0,True
2979,2,96.0,23.0,126.0,53.0,True
2979,2,96.0,62.0,126.0,92.0,True
2979,2,174.0,179.0,204.0,209.0,True
2980,2,57.0,101.0,87.0,131.0,True
2980,2,96.0,140.0,126.0,170.0,True
2980,2,96.0,179.0,126.0,209.0,True
2980,2,174.0,140.0,204.0,170.0,True
2981,2,59.0,92.0,89.0,122.0,True
2981,2,137.0,53.0,167.0,83.0,True
2981,2,137.0,92.0,167.0,122.0,True
2981,2,176.0,14.0,206.0,44.0,True
2982,2,57.0,94.0,87.0,124.0,True
2982,2,135.0,55.0,165.0,85.0,True
2982,2,135.0,94.0,165.0,124.0,True
2982,2,174.0,133.0,204.0,163.0,True
2983,2,53.0,140.0,83.0,170.0,True
2983,2,53.0,179.0,83.0,209.0,True
2983,2,92.0,140.0,122.0,170.0,True
2983,2,170.0,101.0,200.0,131.0,True
2984,2,53.0,141.0,83.0,171.0,True
2984,2,92.0,24.0,122.0,54.0,True
2984,2,92.0,63.0,122.0,93.0,True
2984,2,131.0,141.0,161.0,171.0,True
2985,2,63.0,136.0,93.0,166.0,True
2985,2,102.0,19.0,132.0,49.0,True
2985,2,102.0,175.0,132.0,205.0,True
2985,2,180.0,19.0,210.0,49.0,True
2986,2,57.0,132.0,87.0,162.0,True
2986,2,96.0,54.0,126.0,84.0,True
2986,2,96.0,93.0,126.0,123.0,True
2986,2,174.0,54.0,204.0,84.0,True
2987,2,61.0,136.0,91.0,166.0,True
2987,2,100.0,136.0,130.0,166.0,True
2987,2,178.0,19.0,208.0,49.0,True
2987,2,178.0,58.0,208.0,88.0,True
2988,2,53.0,132.0,83.0,162.0,True
2988,2,92.0,132.0,122.0,162.0,True
2988,2,170.0,132.0,200.0,162.0,True
2988,2,170.0,171.0,200.0,201.0,True
2989,2,58.0,131.0,88.0,161.0,True
2989,2,175.0,14.0,205.0,44.0,True
2989,2,175.0,92.0,205.0,122.0,True
2989,2,175.0,131.0,205.0,161.0,True
2990,2,56.0,175.0,86.0,205.0,True
2990,2,95.0,97.0,125.0,127.0,True
2990,2,134.0,175.0,164.0,205.0,True
2990,2,173.0,175.0,203.0,205.0,True
2991,2,60.0,175.0,90.0,205.0,True
2991,2,99.0,97.0,129.0,127.0,True
2991,2,177.0,58.0,207.0,88.0,True
2991,2,177.0,97.0,207.0,127.0,True
2992,2,57.0,180.0,87.0,210.0,True
2992,2,135.0,180.0,165.0,210.0,True
2992,2,174.0,24.0,204.0,54.0,True
2992,2,174.0,63.0,204.0,93.0,True
2993,2,91.0,24.0,121.0,54.0,True
2993,2,91.0,102.0,121.0,132.0,True
2993,2,91.0,141.0,121.0,171.0,True
2993,2,169.0,141.0,199.0,171.0,True
2994,2,100.0,15.0,130.0,45.0,True
2994,2,100.0,132.0,130.0,162.0,True
2994,2,139.0,15.0,169.0,45.0,True
2994,2,139.0,132.0,169.0,162.0,True
2995,2,100.0,20.0,130.0,50.0,True
2995,2,100.0,176.0,130.0,206.0,True
2995,2,139.0,59.0,169.0,89.0,True
2995,2,139.0,137.0,169.0,167.0,True
2996,2,101.0,62.0,131.0,92.0,True
2996,2,140.0,62.0,170.0,92.0,True
2996,2,140.0,101.0,170.0,131.0,True
2996,2,179.0,179.0,209.0,209.0,True
2997,2,97.0,98.0,127.0,128.0,True
2997,2,97.0,176.0,127.0,206.0,True
2997,2,136.0,20.0,166.0,50.0,True
2997,2,136.0,176.0,166.0,206.0,True
2998,2,100.0,139.0,130.0,169.0,True
2998,2,139.0,22.0,169.0,52.0,True
2998,2,139.0,61.0,169.0,91.0,True
2998,2,139.0,100.0,169.0,130.0,True
2999,2,96.0,133.0,126.0,163.0,True
2999,2,135.0,55.0,165.0,85.0,True
2999,2,135.0,94.0,165.0,124.0,True
2999,2,135.0,133.0,165.0,163.0,True
3000,2,16.0,57.0,46.0,87.0,True
3000,2,16.0,135.0,46.0,165.0,True
3000,2,16.0,174.0,46.0,204.0,True
3000,2,94.0,174.0,124.0,204.0,True
3000,2,172.0,18.0,202.0,48.0,True
3000,2,172.0,57.0,202.0,87.0,True
3000,2,172.0,135.0,202.0,165.0,True
3001,2,18.0,23.0,48.0,53.0,True
3001,2,18.0,62.0,48.0,92.0,True
3001,2,57.0,101.0,87.0,131.0,True
3001,2,57.0,179.0,87.0,209.0,True
3001,2,135.0,101.0,165.0,131.0,True
3001,2,174.0,101.0,204.0,131.0,True
3001,2,174.0,179.0,204.0,209.0,True
3002,2,25.0,61.0,55.0,91.0,True
3002,2,25.0,100.0,55.0,130.0,True
3002,2,25.0,139.0,55.0,169.0,True
3002,2,64.0,178.0,94.0,208.0,True
3002,2,103.0,22.0,133.0,52.0,True
3002,2,142.0,139.0,172.0,169.0,True
3002,2,142.0,178.0,172.0,208.0,True
3003,2,18.0,98.0,48.0,128.0,True
3003,2,96.0,137.0,126.0,167.0,True
3003,2,96.0,176.0,126.0,206.0,True
3003,2,135.0,59.0,165.0,89.0,True
3003,2,174.0,59.0,204.0,89.0,True
3003,2,174.0,137.0,204.0,167.0,True
3003,2,174.0,176.0,204.0,206.0,True
3004,2,17.0,19.0,47.0,49.0,True
3004,2,17.0,136.0,47.0,166.0,True
3004,2,17.0,175.0,47.0,205.0,True
3004,2,56.0,58.0,86.0,88.0,True
3004,2,134.0,58.0,164.0,88.0,True
3004,2,173.0,58.0,203.0,88.0,True
3004,2,173.0,97.0,203.0,127.0,True
3005,2,21.0,17.0,51.0,47.0,True
3005,2,60.0,17.0,90.0,47.0,True
3005,2,60.0,56.0,90.0,86.0,True
3005,2,60.0,95.0,90.0,125.0,True
3005,2,60.0,173.0,90.0,203.0,True
3005,2,99.0,95.0,129.0,125.0,True
3005,2,99.0,173.0,129.0,203.0,True
3006,2,17.0,96.0,47.0,126.0,True
3006,2,95.0,18.0,125.0,48.0,True
3006,2,95.0,135.0,125.0,165.0,True
3006,2,134.0,18.0,164.0,48.0,True
3006,2,134.0,174.0,164.0,204.0,True
3006,2,173.0,96.0,203.0,126.0,True
3006,2,173.0,135.0,203.0,165.0,True
3007,2,20.0,97.0,50.0,127.0,True
3007,2,20.0,175.0,50.0,205.0,True
3007,2,98.0,136.0,128.0,166.0,True
3007,2,98.0,175.0,128.0,205.0,True
3007,2,137.0,19.0,167.0,49.0,True
3007,2,176.0,58.0,206.0,88.0,True
3007,2,176.0,175.0,206.0,205.0,True
3008,2,22.0,96.0,52.0,126.0,True
3008,2,22.0,135.0,52.0,165.0,True
3008,2,61.0,96.0,91.0,126.0,True
3008,2,61.0,135.0,91.0,165.0,True
3008,2,100.0,57.0,130.0,87.0,True
3008,2,139.0,57.0,169.0,87.0,True
3008,2,178.0,135.0,208.0,165.0,True
3009,2,24.0,100.0,54.0,130.0,True
3009,2,24.0,178.0,54.0,208.0,True
3009,2,63.0,100.0,93.0,130.0,True
3009,2,102.0,22.0,132.0,52.0,True
3009,2,102.0,61.0,132.0,91.0,True
3009,2,102.0,139.0,132.0,169.0,True
3009,2,141.0,22.0,171.0,52.0,True
3010,2,18.0,60.0,48.0,90.0,True
3010,2,57.0,99.0,87.0,129.0,True
3010,2,96.0,60.0,126.0,90.0,True
3010,2,135.0,21.0,165.0,51.0,True
3010,2,135.0,60.0,165.0,90.0,True
3010,2,135.0,177.0,165.0,207.0,True
3010,2,174.0,21.0,204.0,51.0,True
3011,2,24.0,178.0,54.0,208.0,True
3011,2,63.0,61.0,93.0,91.0,True
3011,2,63.0,100.0,93.0,130.0,True
3011,2,63.0,139.0,93.0,169.0,True
3011,2,141.0,178.0,171.0,208.0,True
3011,2,180.0,139.0,210.0,169.0,True
3011,2,180.0,178.0,210.0,208.0,True
3012,2,23.0,55.0,53.0,85.0,True
3012,2,101.0,16.0,131.0,46.0,True
3012,2,101.0,133.0,131.0,163.0,True
3012,2,140.0,55.0,170.0,85.0,True
3012,2,140.0,172.0,170.0,202.0,True
3012,2,179.0,94.0,209.0,124.0,True
3012,2,179.0,133.0,209.0,163.0,True
3013,2,25.0,17.0,55.0,47.0,True
3013,2,25.0,56.0,55.0,86.0,True
3013,2,25.0,134.0,55.0,164.0,True
3013,2,103.0,95.0,133.0,125.0,True
3013,2,103.0,134.0,133.0,164.0,True
3013,2,181.0,17.0,211.0,47.0,True
3013,2,181.0,56.0,211.0,86.0,True
3014,2,25.0,99.0,55.0,129.0,True
3014,2,25.0,138.0,55.0,168.0,True
3014,2,25.0,177.0,55.0,207.0,True
3014,2,64.0,99.0,94.0,129.0,True
3014,2,64.0,177.0,94.0,207.0,True
3014,2,103.0,21.0,133.0,51.0,True
3014,2,181.0,99.0,211.0,129.0,True
3015,2,24.0,16.0,54.0,46.0,True
3015,2,24.0,55.0,54.0,85.0,True
3015,2,24.0,133.0,54.0,163.0,True
3015,2,141.0,94.0,171.0,124.0,True
3015,2,141.0,172.0,171.0,202.0,True
3015,2,180.0,16.0,210.0,46.0,True
3015,2,180.0,172.0,210.0,202.0,True
3016,2,15.0,61.0,45.0,91.0,True
3016,2,15.0,139.0,45.0,169.0,True
3016,2,93.0,22.0,123.0,52.0,True
3016,2,132.0,22.0,162.0,52.0,True
3016,2,132.0,139.0,162.0,169.0,True
3016,2,171.0,61.0,201.0,91.0,True
3016,2,171.0,139.0,201.0,169.0,True
3017,2,62.0,102.0,92.0,132.0,True
3017,2,101.0,24.0,131.0,54.0,True
3017,2,140.0,63.0,170.0,93.0,True
3017,2,140.0,102.0,170.0,132.0,True
3017,2,140.0,180.0,170.0,210.0,True
3017,2,179.0,24.0,209.0,54.0,True
3017,2,179.0,141.0,209.0,171.0,True
3018,2,64.0,102.0,94.0,132.0,True
3018,2,103.0,102.0,133.0,132.0,True
3018,2,103.0,141.0,133.0,171.0,True
3018,2,181.0,24.0,211.0,54.0,True
3018,2,181.0,102.0,211.0,132.0,True
3018,2,181.0,141.0,211.0,171.0,True
3018,2,181.0,180.0,211.0,210.0,True
3019,2,19.0,15.0,49.0,45.0,True
3019,2,19.0,132.0,49.0,162.0,True
3019,2,58.0,132.0,88.0,162.0,True
3019,2,97.0,93.0,127.0,123.0,True
3019,2,97.0,132.0,127.0,162.0,True
3019,2,136.0,15.0,166.0,45.0,True
3019,2,175.0,132.0,205.0,162.0,True
3020,2,58.0,138.0,88.0,168.0,True
3020,2,97.0,177.0,127.0,207.0,True
3020,2,136.0,21.0,166.0,51.0,True
3020,2,136.0,138.0,166.0,168.0,True
3020,2,175.0,21.0,205.0,51.0,True
3020,2,175.0,60.0,205.0,90.0,True
3020,2,175.0,177.0,205.0,207.0,True
3021,2,24.0,98.0,54.0,128.0,True
3021,2,24.0,176.0,54.0,206.0,True
3021,2,102.0,59.0,132.0,89.0,True
3021,2,102.0,98.0,132.0,128.0,True
3021,2,141.0,20.0,171.0,50.0,True
3021,2,141.0,137.0,171.0,167.0,True
3021,2,180.0,137.0,210.0,167.0,True
3022,2,55.0,22.0,85.0,52.0,True
3022,2,94.0,100.0,124.0,130.0,True
3022,2,133.0,22.0,163.0,52.0,True
3022,2,133.0,61.0,163.0,91.0,True
3022,2,133.0,139.0,163.0,169.0,True
3022,2,133.0,178.0,163.0,208.0,True
3022,2,172.0,100.0,202.0,130.0,True
3023,2,21.0,95.0,51.0,125.0,True
3023,2,21.0,173.0,51.0,203.0,True
3023,2,99.0,17.0,129.0,47.0,True
3023,2,99.0,95.0,129.0,125.0,True
3023,2,99.0,134.0,129.0,164.0,True
3023,2,138.0,134.0,168.0,164.0,True
3023,2,177.0,56.0,207.0,86.0,True
3024,2,53.0,56.0,83.0,86.0,True
3024,2,92.0,95.0,122.0,125.0,True
3024,2,131.0,95.0,161.0,125.0,True
3024,2,131.0,134.0,161.0,164.0,True
3024,2,170.0,17.0,200.0,47.0,True
3024,2,170.0,95.0,200.0,125.0,True
3024,2,170.0,173.0,200.0,203.0,True
3025,2,21.0,21.0,51.0,51.0,True
3025,2,21.0,177.0,51.0,207.0,True
3025,2,60.0,138.0,90.0,168.0,True
3025,2,99.0,21.0,129.0,51.0,True
3025,2,99.0,60.0,129.0,90.0,True
3025,2,138.0,177.0,168.0,207.0,True
3025,2,177.0,99.0,207.0,129.0,True
3026,2,57.0,55.0,87.0,85.0,True
3026,2,96.0,133.0,126.0,163.0,True
3026,2,135.0,16.0,165.0,46.0,True
3026,2,135.0,133.0,165.0,163.0,True
3026,2,135.0,172.0,165.0,202.0,True
3026,2,174.0,16.0,204.0,46.0,True
3026,2,174.0,55.0,204.0,85.0,True
3027,2,23.0,99.0,53.0,129.0,True
3027,2,23.0,138.0,53.0,168.0,True
3027,2,62.0,21.0,92.0,51.0,True
3027,2,101.0,60.0,131.0,90.0,True
3027,2,101.0,99.0,131.0,129.0,True
3027,2,140.0,60.0,170.0,90.0,True
3027,2,179.0,60.0,209.0,90.0,True
3028,2,54.0,93.0,84.0,123.0,True
3028,2,93.0,54.0,123.0,84.0,True
3028,2,93.0,93.0,123.0,123.0,True
3028,2,93.0,132.0,123.0,162.0,True
3028,2,132.0,171.0,162.0,201.0,True
3028,2,171.0,54.0,201.0,84.0,True
3028,2,171.0,93.0,201.0,123.0,True
3029,2,20.0,64.0,50.0,94.0,True
3029,2,98.0,25.0,128.0,55.0,True
3029,2,98.0,64.0,128.0,94.0,True
3029,2,98.0,103.0,128.0,133.0,True
3029,2,137.0,103.0,167.0,133.0,True
3029,2,137.0,142.0,167.0,172.0,True
3029,2,176.0,25.0,206.0,55.0,True
3030,2,15.0,59.0,45.0,89.0,True
3030,2,15.0,98.0,45.0,128.0,True
3030,2,54.0,20.0,84.0,50.0,True
3030,2,93.0,59.0,123.0,89.0,True
3030,2,93.0,176.0,123.0,206.0,True
3030,2,171.0,20.0,201.0,50.0,True
3030,2,171.0,137.0,201.0,167.0,True
3031,2,16.0,23.0,46.0,53.0,True
3031,2,16.0,101.0,46.0,131.0,True
3031,2,55.0,23.0,85.0,53.0,True
3031,2,94.0,23.0,124.0,53.0,True
3031,2,94.0,62.0,124.0,92.0,True
3031,2,94.0,179.0,124.0,209.0,True
3031,2,172.0,179.0,202.0,209.0,True
3032,2,20.0,181.0,50.0,211.0,True
3032,2,59.0,181.0,89.0,211.0,True
3032,2,98.0,181.0,128.0,211.0,True
3032,2,137.0,25.0,167.0,55.0,True
3032,2,137.0,64.0,167.0,94.0,True
3032,2,137.0,142.0,167.0,172.0,True
3032,2,176.0,103.0,206.0,133.0,True
3033,2,21.0,174.0,51.0,204.0,True
3033,2,99.0,57.0,129.0,87.0,True
3033,2,99.0,96.0,129.0,126.0,True
3033,2,99.0,174.0,129.0,204.0,True
3033,2,138.0,57.0,168.0,87.0,True
3033,2,138.0,174.0,168.0,204.0,True
3033,2,177.0,18.0,207.0,48.0,True
3034,2,22.0,135.0,52.0,165.0,True
3034,2,61.0,18.0,91.0,48.0,True
3034,2,61.0,96.0,91.0,126.0,True
3034,2,139.0,57.0,169.0,87.0,True
3034,2,139.0,96.0,169.0,126.0,True
3034,2,178.0,96.0,208.0,126.0,True
3034,2,178.0,135.0,208.0,165.0,True
3035,2,18.0,103.0,48.0,133.0,True
3035,2,57.0,25.0,87.0,55.0,True
3035,2,96.0,25.0,126.0,55.0,True
3035,2,96.0,181.0,126.0,211.0,True
3035,2,135.0,25.0,165.0,55.0,True
3035,2,135.0,142.0,165.0,172.0,True
3035,2,135.0,181.0,165.0,211.0,True
3036,2,63.0,102.0,93.0,132.0,True
3036,2,63.0,180.0,93.0,210.0,True
3036,2,102.0,102.0,132.0,132.0,True
3036,2,102.0,141.0,132.0,171.0,True
3036,2,180.0,63.0,210.0,93.0,True
3036,2,180.0,102.0,210.0,132.0,True
3036,2,180.0,180.0,210.0,210.0,True
3037,2,18.0,58.0,48.0,88.0,True
3037,2,18.0,136.0,48.0,166.0,True
3037,2,18.0,175.0,48.0,205.0,True
3037,2,96.0,19.0,126.0,49.0,True
3037,2,96.0,58.0,126.0,88.0,True
3037,2,96.0,136.0,126.0,166.0,True
3037,2,135.0,136.0,165.0,166.0,True
3038,2,17.0,14.0,47.0,44.0,True
3038,2,17.0,53.0,47.0,83.0,True
3038,2,17.0,92.0,47.0,122.0,True
3038,2,17.0,131.0,47.0,161.0,True
3038,2,17.0,170.0,47.0,200.0,True
3038,2,56.0,92.0,86.0,122.0,True
3038,2,95.0,170.0,125.0,200.0,True
3039,2,63.0,25.0,93.0,55.0,True
3039,2,102.0,64.0,132.0,94.0,True
3039,2,141.0,25.0,171.0,55.0,True
3039,2,141.0,103.0,171.0,133.0,True
3039,2,141.0,142.0,171.0,172.0,True
3039,2,180.0,103.0,210.0,133.0,True
3039,2,180.0,181.0,210.0,211.0,True
3040,2,20.0,179.0,50.0,209.0,True
3040,2,59.0,101.0,89.0,131.0,True
3040,2,98.0,23.0,128.0,53.0,True
3040,2,98.0,62.0,128.0,92.0,True
3040,2,98.0,179.0,128.0,209.0,True
3040,2,137.0,23.0,167.0,53.0,True
3040,2,137.0,140.0,167.0,170.0,True
3041,2,17.0,14.0,47.0,44.0,True
3041,2,17.0,92.0,47.0,122.0,True
3041,2,56.0,131.0,86.0,161.0,True
3041,2,56.0,170.0,86.0,200.0,True
3041,2,95.0,53.0,125.0,83.0,True
3041,2,95.0,92.0,125.0,122.0,True
3041,2,134.0,92.0,164.0,122.0,True
3042,2,20.0,60.0,50.0,90.0,True
3042,2,20.0,138.0,50.0,168.0,True
3042,2,20.0,177.0,50.0,207.0,True
3042,2,59.0,21.0,89.0,51.0,True
3042,2,59.0,99.0,89.0,129.0,True
3042,2,98.0,138.0,128.0,168.0,True
3042,2,98.0,177.0,128.0,207.0,True
3043,2,19.0,135.0,49.0,165.0,True
3043,2,58.0,96.0,88.0,126.0,True
3043,2,58.0,135.0,88.0,165.0,True
3043,2,136.0,174.0,166.0,204.0,True
3043,2,175.0,57.0,205.0,87.0,True
3043,2,175.0,135.0,205.0,165.0,True
3043,2,175.0,174.0,205.0,204.0,True
3044,2,18.0,15.0,48.0,45.0,True
3044,2,57.0,15.0,87.0,45.0,True
3044,2,57.0,93.0,87.0,123.0,True
3044,2,57.0,132.0,87.0,162.0,True
3044,2,96.0,54.0,126.0,84.0,True
3044,2,174.0,15.0,204.0,45.0,True
3044,2,174.0,93.0,204.0,123.0,True
3045,2,22.0,134.0,52.0,164.0,True
3045,2,61.0,95.0,91.0,125.0,True
3045,2,61.0,134.0,91.0,164.0,True
3045,2,100.0,17.0,130.0,47.0,True
3045,2,100.0,173.0,130.0,203.0,True
3045,2,139.0,56.0,169.0,86.0,True
3045,2,139.0,95.0,169.0,125.0,True
3046,2,18.0,93.0,48.0,123.0,True
3046,2,57.0,93.0,87.0,123.0,True
3046,2,96.0,15.0,126.0,45.0,True
3046,2,135.0,93.0,165.0,123.0,True
3046,2,135.0,171.0,165.0,201.0,True
3046,2,174.0,132.0,204.0,162.0,True
3046,2,174.0,171.0,204.0,201.0,True
3047,2,16.0,63.0,46.0,93.0,True
3047,2,16.0,141.0,46.0,171.0,True
3047,2,16.0,180.0,46.0,210.0,True
3047,2,55.0,141.0,85.0,171.0,True
3047,2,94.0,24.0,124.0,54.0,True
3047,2,94.0,63.0,124.0,93.0,True
3047,2,94.0,141.0,124.0,171.0,True
3048,2,15.0,132.0,45.0,162.0,True
3048,2,15.0,171.0,45.0,201.0,True
3048,2,93.0,15.0,123.0,45.0,True
3048,2,93.0,93.0,123.0,123.0,True
3048,2,93.0,132.0,123.0,162.0,True
3048,2,132.0,54.0,162.0,84.0,True
3048,2,132.0,171.0,162.0,201.0,True
3049,2,18.0,22.0,48.0,52.0,True
3049,2,57.0,22.0,87.0,52.0,True
3049,2,57.0,139.0,87.0,169.0,True
3049,2,96.0,139.0,126.0,169.0,True
3049,2,135.0,22.0,165.0,52.0,True
3049,2,174.0,22.0,204.0,52.0,True
3049,2,174.0,100.0,204.0,130.0,True
3050,2,23.0,95.0,53.0,125.0,True
3050,2,23.0,173.0,53.0,203.0,True
3050,2,62.0,56.0,92.0,86.0,True
3050,2,62.0,134.0,92.0,164.0,True
3050,2,101.0,95.0,131.0,125.0,True
3050,2,140.0,134.0,170.0,164.0,True
3050,2,179.0,17.0,209.0,47.0,True
3051,2,21.0,14.0,51.0,44.0,True
3051,2,21.0,53.0,51.0,83.0,True
3051,2,21.0,92.0,51.0,122.0,True
3051,2,60.0,131.0,90.0,161.0,True
3051,2,99.0,14.0,129.0,44.0,True
3051,2,138.0,53.0,168.0,83.0,True
3051,2,138.0,170.0,168.0,200.0,True
3052,2,24.0,98.0,54.0,128.0,True
3052,2,24.0,176.0,54.0,206.0,True
3052,2,63.0,59.0,93.0,89.0,True
3052,2,102.0,59.0,132.0,89.0,True
3052,2,102.0,98.0,132.0,128.0,True
3052,2,102.0,137.0,132.0,167.0,True
3052,2,180.0,98.0,210.0,128.0,True
3053,2,22.0,19.0,52.0,49.0,True
3053,2,22.0,58.0,52.0,88.0,True
3053,2,61.0,136.0,91.0,166.0,True
3053,2,61.0,175.0,91.0,205.0,True
3053,2,100.0,175.0,130.0,205.0,True
3053,2,139.0,97.0,169.0,127.0,True
3053,2,139.0,175.0,169.0,205.0,True
3054,2,23.0,19.0,53.0,49.0,True
3054,2,62.0,19.0,92.0,49.0,True
3054,2,62.0,136.0,92.0,166.0,True
3054,2,101.0,19.0,131.0,49.0,True
3054,2,101.0,97.0,131.0,127.0,True
3054,2,140.0,19.0,170.0,49.0,True
3054,2,140.0,136.0,170.0,166.0,True
3055,2,59.0,20.0,89.0,50.0,True
3055,2,59.0,98.0,89.0,128.0,True
3055,2,59.0,137.0,89.0,167.0,True
3055,2,98.0,20.0,128.0,50.0,True
3055,2,98.0,176.0,128.0,206.0,True
3055,2,137.0,137.0,167.0,167.0,True
3055,2,137.0,176.0,167.0,206.0,True
3056,2,18.0,16.0,48.0,46.0,True
3056,2,57.0,16.0,87.0,46.0,True
3056,2,57.0,94.0,87.0,124.0,True
3056,2,57.0,172.0,87.0,202.0,True
3056,2,174.0,16.0,204.0,46.0,True
3056,2,174.0,55.0,204.0,85.0,True
3056,2,174.0,172.0,204.0,202.0,True
3057,2,17.0,134.0,47.0,164.0,True
3057,2,56.0,95.0,86.0,125.0,True
3057,2,56.0,173.0,86.0,203.0,True
3057,2,95.0,56.0,125.0,86.0,True
3057,2,95.0,173.0,125.0,203.0,True
3057,2,134.0,95.0,164.0,125.0,True
3057,2,173.0,17.0,203.0,47.0,True
3058,2,23.0,134.0,53.0,164.0,True
3058,2,23.0,173.0,53.0,203.0,True
3058,2,62.0,56.0,92.0,86.0,True
3058,2,62.0,95.0,92.0,125.0,True
3058,2,62.0,134.0,92.0,164.0,True
3058,2,101.0,173.0,131.0,203.0,True
3058,2,140.0,17.0,170.0,47.0,True
3059,2,16.0,20.0,46.0,50.0,True
3059,2,16.0,59.0,46.0,89.0,True
3059,2,55.0,98.0,85.0,128.0,True
3059,2,94.0,20.0,124.0,50.0,True
3059,2,94.0,98.0,124.0,128.0,True
3059,2,133.0,98.0,163.0,128.0,True
3059,2,172.0,20.0,202.0,50.0,True
3060,2,25.0,54.0,55.0,84.0,True
3060,2,64.0,54.0,94.0,84.0,True
3060,2,64.0,132.0,94.0,162.0,True
3060,2,103.0,15.0,133.0,45.0,True
3060,2,103.0,171.0,133.0,201.0,True
3060,2,181.0,54.0,211.0,84.0,True
3060,2,181.0,132.0,211.0,162.0,True
3061,2,58.0,22.0,88.0,52.0,True
3061,2,97.0,22.0,127.0,52.0,True
3061,2,97.0,61.0,127.0,91.0,True
3061,2,97.0,139.0,127.0,169.0,True
3061,2,136.0,22.0,166.0,52.0,True
3061,2,136.0,100.0,166.0,130.0,True
3061,2,175.0,139.0,205.0,169.0,True
3062,2,25.0,53.0,55.0,83.0,True
3062,2,64.0,14.0,94.0,44.0,True
3062,2,64.0,170.0,94.0,200.0,True
3062,2,103.0,131.0,133.0,161.0,True
3062,2,142.0,14.0,172.0,44.0,True
3062,2,142.0,92.0,172.0,122.0,True
3062,2,181.0,53.0,211.0,83.0,True
3063,2,14.0,62.0,44.0,92.0,True
3063,2,14.0,140.0,44.0,170.0,True
3063,2,53.0,101.0,83.0,131.0,True
3063,2,92.0,179.0,122.0,209.0,True
3063,2,131.0,140.0,161.0,170.0,True
3063,2,170.0,62.0,200.0,92.0,True
3063,2,170.0,179.0,200.0,209.0,True
3064,2,55.0,23.0,85.0,53.0,True
3064,2,55.0,62.0,85.0,92.0,True
3064,2,94.0,101.0,124.0,131.0,True
3064,2,94.0,179.0,124.0,209.0,True
3064,2,133.0,23.0,163.0,53.0,True
3064,2,133.0,140.0,163.0,170.0,True
3064,2,172.0,101.0,202.0,131.0,True
3065,2,22.0,22.0,52.0,52.0,True
3065,2,61.0,22.0,91.0,52.0,True
3065,2,61.0,61.0,91.0,91.0,True
3065,2,100.0,22.0,130.0,52.0,True
3065,2,139.0,100.0,169.0,130.0,True
3065,2,178.0,100.0,208.0,130.0,True
3065,2,178.0,139.0,208.0,169.0,True
3066,2,23.0,94.0,53.0,124.0,True
3066,2,23.0,133.0,53.0,163.0,True
3066,2,62.0,55.0,92.0,85.0,True
3066,2,62.0,172.0,92.0,202.0,True
3066,2,101.0,133.0,131.0,163.0,True
3066,2,140.0,16.0,170.0,46.0,True
3066,2,140.0,55.0,170.0,85.0,True
3067,2,23.0,23.0,53.0,53.0,True
3067,2,23.0,179.0,53.0,209.0,True
3067,2,101.0,62.0,131.0,92.0,True
3067,2,140.0,140.0,170.0,170.0,True
3067,2,179.0,23.0,209.0,53.0,True
3067,2,179.0,101.0,209.0,131.0,True
3067,2,179.0,179.0,209.0,209.0,True
3068,2,24.0,100.0,54.0,130.0,True
3068,2,24.0,178.0,54.0,208.0,True
3068,2,102.0,22.0,132.0,52.0,True
3068,2,102.0,61.0,132.0,91.0,True
3068,2,141.0,139.0,171.0,169.0,True
3068,2,141.0,178.0,171.0,208.0,True
3068,2,180.0,61.0,210.0,91.0,True
3069,2,16.0,59.0,46.0,89.0,True
3069,2,16.0,137.0,46.0,167.0,True
3069,2,55.0,98.0,85.0,128.0,True
3069,2,55.0,137.0,85.0,167.0,True
3069,2,94.0,98.0,124.0,128.0,True
3069,2,133.0,137.0,163.0,167.0,True
3069,2,172.0,59.0,202.0,89.0,True
3070,2,24.0,178.0,54.0,208.0,True
3070,2,63.0,22.0,93.0,52.0,True
3070,2,63.0,178.0,93.0,208.0,True
3070,2,102.0,22.0,132.0,52.0,True
3070,2,102.0,178.0,132.0,208.0,True
3070,2,180.0,61.0,210.0,91.0,True
3070,2,180.0,100.0,210.0,130.0,True
3071,2,23.0,176.0,53.0,206.0,True
3071,2,62.0,137.0,92.0,167.0,True
3071,2,101.0,20.0,131.0,50.0,True
3071,2,101.0,59.0,131.0,89.0,True
3071,2,101.0,98.0,131.0,128.0,True
3071,2,140.0,20.0,170.0,50.0,True
3071,2,179.0,98.0,209.0,128.0,True
3072,2,19.0,178.0,49.0,208.0,True
3072,2,97.0,61.0,127.0,91.0,True
3072,2,97.0,100.0,127.0,130.0,True
3072,2,97.0,178.0,127.0,208.0,True
3072,2,136.0,61.0,166.0,91.0,True
3072,2,136.0,100.0,166.0,130.0,True
3072,2,175.0,100.0,205.0,130.0,True
3073,2,16.0,16.0,46.0,46.0,True
3073,2,16.0,172.0,46.0,202.0,True
3073,2,55.0,94.0,85.0,124.0,True
3073,2,55.0,133.0,85.0,163.0,True
3073,2,94.0,133.0,124.0,163.0,True
3073,2,133.0,55.0,163.0,85.0,True
3073,2,133.0,172.0,163.0,202.0,True
3074,2,15.0,60.0,45.0,90.0,True
3074,2,15.0,138.0,45.0,168.0,True
3074,2,54.0,60.0,84.0,90.0,True
3074,2,54.0,177.0,84.0,207.0,True
3074,2,132.0,21.0,162.0,51.0,True
3074,2,132.0,177.0,162.0,207.0,True
3074,2,171.0,99.0,201.0,129.0,True
3075,2,19.0,173.0,49.0,203.0,True
3075,2,58.0,17.0,88.0,47.0,True
3075,2,58.0,95.0,88.0,125.0,True
3075,2,97.0,134.0,127.0,164.0,True
3075,2,136.0,17.0,166.0,47.0,True
3075,2,136.0,173.0,166.0,203.0,True
3075,2,175.0,17.0,205.0,47.0,True
3076,2,25.0,18.0,55.0,48.0,True
3076,2,25.0,57.0,55.0,87.0,True
3076,2,25.0,174.0,55.0,204.0,True
3076,2,103.0,57.0,133.0,87.0,True
3076,2,142.0,57.0,172.0,87.0,True
3076,2,142.0,135.0,172.0,165.0,True
3076,2,181.0,96.0,211.0,126.0,True
3077,2,15.0,53.0,45.0,83.0,True
3077,2,15.0,131.0,45.0,161.0,True
3077,2,54.0,14.0,84.0,44.0,True
3077,2,54.0,131.0,84.0,161.0,True
3077,2,93.0,53.0,123.0,83.0,True
3077,2,93.0,92.0,123.0,122.0,True
3077,2,132.0,92.0,162.0,122.0,True
3078,2,23.0,100.0,53.0,130.0,True
3078,2,23.0,139.0,53.0,169.0,True
3078,2,62.0,61.0,92.0,91.0,True
3078,2,62.0,100.0,92.0,130.0,True
3078,2,101.0,139.0,131.0,169.0,True
3078,2,140.0,178.0,170.0,208.0,True
3078,2,179.0,178.0,209.0,208.0,True
3079,2,24.0,55.0,54.0,85.0,True
3079,2,24.0,172.0,54.0,202.0,True
3079,2,63.0,133.0,93.0,163.0,True
3079,2,102.0,16.0,132.0,46.0,True
3079,2,102.0,133.0,132.0,163.0,True
3079,2,141.0,16.0,171.0,46.0,True
3079,2,180.0,133.0,210.0,163.0,True
3080,2,24.0,55.0,54.0,85.0,True
3080,2,63.0,94.0,93.0,124.0,True
3080,2,63.0,133.0,93.0,163.0,True
3080,2,102.0,16.0,132.0,46.0,True
3080,2,141.0,94.0,171.0,124.0,True
3080,2,141.0,133.0,171.0,163.0,True
3080,2,180.0,94.0,210.0,124.0,True
3081,2,57.0,15.0,87.0,45.0,True
3081,2,96.0,54.0,126.0,84.0,True
3081,2,96.0,132.0,126.0,162.0,True
3081,2,96.0,171.0,126.0,201.0,True
3081,2,135.0,171.0,165.0,201.0,True
3081,2,174.0,93.0,204.0,123.0,True
3081,2,174.0,171.0,204.0,201.0,True
3082,2,63.0,101.0,93.0,131.0,True
3082,2,102.0,23.0,132.0,53.0,True
3082,2,141.0,101.0,171.0,131.0,True
3082,2,141.0,140.0,171.0,170.0,True
3082,2,180.0,23.0,210.0,53.0,True
3082,2,180.0,101.0,210.0,131.0,True
3082,2,180.0,140.0,210.0,170.0,True
3083,2,59.0,134.0,89.0,164.0,True
3083,2,59.0,173.0,89.0,203.0,True
3083,2,98.0,17.0,128.0,47.0,True
3083,2,98.0,56.0,128.0,86.0,True
3083,2,137.0,56.0,167.0,86.0,True
3083,2,137.0,173.0,167.0,203.0,True
3083,2,176.0,56.0,206.0,86.0,True
3084,2,22.0,23.0,52.0,53.0,True
3084,2,22.0,101.0,52.0,131.0,True
3084,2,22.0,179.0,52.0,209.0,True
3084,2,61.0,23.0,91.0,53.0,True
3084,2,61.0,101.0,91.0,131.0,True
3084,2,100.0,101.0,130.0,131.0,True
3084,2,100.0,140.0,130.0,170.0,True
3085,2,19.0,20.0,49.0,50.0,True
3085,2,19.0,98.0,49.0,128.0,True
3085,2,58.0,98.0,88.0,128.0,True
3085,2,97.0,20.0,127.0,50.0,True
3085,2,97.0,176.0,127.0,206.0,True
3085,2,136.0,20.0,166.0,50.0,True
3085,2,136.0,59.0,166.0,89.0,True
3086,2,16.0,53.0,46.0,83.0,True
3086,2,16.0,131.0,46.0,161.0,True
3086,2,94.0,92.0,124.0,122.0,True
3086,2,133.0,14.0,163.0,44.0,True
3086,2,133.0,53.0,163.0,83.0,True
3086,2,133.0,92.0,163.0,122.0,True
3086,2,133.0,131.0,163.0,161.0,True
3087,2,21.0,131.0,51.0,161.0,True
3087,2,60.0,14.0,90.0,44.0,True
3087,2,60.0,170.0,90.0,200.0,True
3087,2,138.0,53.0,168.0,83.0,True
3087,2,138.0,92.0,168.0,122.0,True
3087,2,138.0,170.0,168.0,200.0,True
3087,2,177.0,14.0,207.0,44.0,True
3088,2,23.0,101.0,53.0,131.0,True
3088,2,23.0,140.0,53.0,170.0,True
3088,2,62.0,23.0,92.0,53.0,True
3088,2,62.0,179.0,92.0,209.0,True
3088,2,140.0,23.0,170.0,53.0,True
3088,2,179.0,23.0,209.0,53.0,True
3088,2,179.0,62.0,209.0,92.0,True
3089,2,64.0,24.0,94.0,54.0,True
3089,2,103.0,141.0,133.0,171.0,True
3089,2,142.0,24.0,172.0,54.0,True
3089,2,142.0,63.0,172.0,93.0,True
3089,2,142.0,141.0,172.0,171.0,True
3089,2,181.0,24.0,211.0,54.0,True
3089,2,181.0,63.0,211.0,93.0,True
3090,2,23.0,19.0,53.0,49.0,True
3090,2,62.0,19.0,92.0,49.0,True
3090,2,62.0,136.0,92.0,166.0,True
3090,2,140.0,58.0,170.0,88.0,True
3090,2,140.0,175.0,170.0,205.0,True
3090,2,179.0,19.0,209.0,49.0,True
3090,2,179.0,97.0,209.0,127.0,True
3091,2,56.0,58.0,86.0,88.0,True
3091,2,95.0,97.0,125.0,127.0,True
3091,2,95.0,175.0,125.0,205.0,True
3091,2,134.0,58.0,164.0,88.0,True
3091,2,134.0,97.0,164.0,127.0,True
3091,2,134.0,175.0,164.0,205.0,True
3091,2,173.0,175.0,203.0,205.0,True
3092,2,53.0,24.0,83.0,54.0,True
3092,2,53.0,141.0,83.0,171.0,True
3092,2,53.0,180.0,83.0,210.0,True
3092,2,92.0,24.0,122.0,54.0,True
3092,2,92.0,63.0,122.0,93.0,True
3092,2,92.0,102.0,122.0,132.0,True
3092,2,92.0,180.0,122.0,210.0,True
3093,2,61.0,57.0,91.0,87.0,True
3093,2,61.0,96.0,91.0,126.0,True
3093,2,61.0,135.0,91.0,165.0,True
3093,2,100.0,57.0,130.0,87.0,True
3093,2,139.0,57.0,169.0,87.0,True
3093,2,139.0,135.0,169.0,165.0,True
3093,2,178.0,57.0,208.0,87.0,True
3094,2,15.0,17.0,45.0,47.0,True
3094,2,54.0,173.0,84.0,203.0,True
3094,2,93.0,134.0,123.0,164.0,True
3094,2,132.0,134.0,162.0,164.0,True
3094,2,171.0,17.0,201.0,47.0,True
3094,2,171.0,95.0,201.0,125.0,True
3094,2,171.0,173.0,201.0,203.0,True
3095,2,23.0,101.0,53.0,131.0,True
3095,2,23.0,140.0,53.0,170.0,True
3095,2,62.0,62.0,92.0,92.0,True
3095,2,101.0,101.0,131.0,131.0,True
3095,2,101.0,140.0,131.0,170.0,True
3095,2,140.0,62.0,170.0,92.0,True
3095,2,179.0,62.0,209.0,92.0,True
3096,2,24.0,141.0,54.0,171.0,True
3096,2,63.0,141.0,93.0,171.0,True
3096,2,102.0,63.0,132.0,93.0,True
3096,2,102.0,141.0,132.0,171.0,True
3096,2,141.0,141.0,171.0,171.0,True
3096,2,180.0,63.0,210.0,93.0,True
3096,2,180.0,141.0,210.0,171.0,True
3097,2,18.0,60.0,48.0,90.0,True
3097,2,57.0,60.0,87.0,90.0,True
3097,2,57.0,138.0,87.0,168.0,True
3097,2,96.0,60.0,126.0,90.0,True
3097,2,96.0,177.0,126.0,207.0,True
3097,2,135.0,60.0,165.0,90.0,True
3097,2,135.0,99.0,165.0,129.0,True
3098,2,25.0,18.0,55.0,48.0,True
3098,2,25.0,57.0,55.0,87.0,True
3098,2,64.0,18.0,94.0,48.0,True
3098,2,64.0,174.0,94.0,204.0,True
3098,2,103.0,57.0,133.0,87.0,True
3098,2,103.0,174.0,133.0,204.0,True
3098,2,181.0,96.0,211.0,126.0,True
3099,2,23.0,18.0,53.0,48.0,True
3099,2,101.0,57.0,131.0,87.0,True
3099,2,101.0,96.0,131.0,126.0,True
3099,2,140.0,96.0,170.0,126.0,True
3099,2,179.0,18.0,209.0,48.0,True
3099,2,179.0,96.0,209.0,126.0,True
3099,2,179.0,174.0,209.0,204.0,True
3100,2,18.0,18.0,48.0,48.0,True
3100,2,18.0,57.0,48.0,87.0,True
3100,2,18.0,96.0,48.0,126.0,True
3100,2,96.0,96.0,126.0,126.0,True
3100,2,135.0,57.0,165.0,87.0,True
3100,2,135.0,96.0,165.0,126.0,True
3100,2,135.0,135.0,165.0,165.0,True
3100,2,174.0,135.0,204.0,165.0,True
3101,2,14.0,13.0,44.0,43.0,True
3101,2,14.0,130.0,44.0,160.0,True
3101,2,53.0,130.0,83.0,160.0,True
3101,2,92.0,13.0,122.0,43.0,True
3101,2,92.0,52.0,122.0,82.0,True
3101,2,92.0,169.0,122.0,199.0,True
3101,2,131.0,130.0,161.0,160.0,True
3101,2,170.0,169.0,200.0,199.0,True
3102,2,19.0,55.0,49.0,85.0,True
3102,2,58.0,55.0,88.0,85.0,True
3102,2,136.0,94.0,166.0,124.0,True
3102,2,136.0,133.0,166.0,163.0,True
3102,2,136.0,172.0,166.0,202.0,True
3102,2,175.0,55.0,205.0,85.0,True
3102,2,175.0,94.0,205.0,124.0,True
3102,2,175.0,133.0,205.0,163.0,True
3103,2,13.0,92.0,43.0,122.0,True
3103,2,52.0,14.0,82.0,44.0,True
3103,2,52.0,131.0,82.0,161.0,True
3103,2,52.0,170.0,82.0,200.0,True
3103,2,91.0,170.0,121.0,200.0,True
3103,2,130.0,53.0,160.0,83.0,True
3103,2,130.0,92.0,160.0,122.0,True
3103,2,169.0,170.0,199.0,200.0,True
3104,2,17.0,130.0,47.0,160.0,True
3104,2,56.0,130.0,86.0,160.0,True
3104,2,56.0,169.0,86.0,199.0,True
3104,2,95.0,52.0,125.0,82.0,True
3104,2,95.0,169.0,125.0,199.0,True
3104,2,134.0,52.0,164.0,82.0,True
3104,2,134.0,91.0,164.0,121.0,True
3104,2,173.0,13.0,203.0,43.0,True
3105,2,17.0,13.0,47.0,43.0,True
3105,2,17.0,91.0,47.0,121.0,True
3105,2,17.0,169.0,47.0,199.0,True
3105,2,56.0,13.0,86.0,43.0,True
3105,2,95.0,91.0,125.0,121.0,True
3105,2,95.0,130.0,125.0,160.0,True
3105,2,134.0,52.0,164.0,82.0,True
3105,2,134.0,130.0,164.0,160.0,True
3106,2,16.0,130.0,46.0,160.0,True
3106,2,16.0,169.0,46.0,199.0,True
3106,2,55.0,91.0,85.0,121.0,True
3106,2,55.0,130.0,85.0,160.0,True
3106,2,55.0,169.0,85.0,199.0,True
3106,2,133.0,13.0,163.0,43.0,True
3106,2,133.0,52.0,163.0,82.0,True
3106,2,133.0,130.0,163.0,160.0,True
3107,2,17.0,133.0,47.0,163.0,True
3107,2,56.0,16.0,86.0,46.0,True
3107,2,134.0,16.0,164.0,46.0,True
3107,2,134.0,133.0,164.0,163.0,True
3107,2,134.0,172.0,164.0,202.0,True
3107,2,173.0,55.0,203.0,85.0,True
3107,2,173.0,133.0,203.0,163.0,True
3107,2,173.0,172.0,203.0,202.0,True
3108,2,15.0,15.0,45.0,45.0,True
3108,2,15.0,54.0,45.0,84.0,True
3108,2,15.0,93.0,45.0,123.0,True
3108,2,15.0,132.0,45.0,162.0,True
3108,2,15.0,171.0,45.0,201.0,True
3108,2,54.0,132.0,84.0,162.0,True
3108,2,132.0,15.0,162.0,45.0,True
3108,2,171.0,93.0,201.0,123.0,True
3109,2,21.0,138.0,51.0,168.0,True
3109,2,21.0,177.0,51.0,207.0,True
3109,2,60.0,21.0,90.0,51.0,True
3109,2,60.0,177.0,90.0,207.0,True
3109,2,138.0,21.0,168.0,51.0,True
3109,2,138.0,177.0,168.0,207.0,True
3109,2,177.0,60.0,207.0,90.0,True
3109,2,177.0,177.0,207.0,207.0,True
3110,2,13.0,22.0,43.0,52.0,True
3110,2,52.0,61.0,82.0,91.0,True
3110,2,52.0,100.0,82.0,130.0,True
3110,2,52.0,139.0,82.0,169.0,True
3110,2,130.0,100.0,160.0,130.0,True
3110,2,130.0,178.0,160.0,208.0,True
3110,2,169.0,22.0,199.0,52.0,True
3110,2,169.0,139.0,199.0,169.0,True
3111,2,20.0,171.0,50.0,201.0,True
3111,2,59.0,54.0,89.0,84.0,True
3111,2,59.0,93.0,89.0,123.0,True
3111,2,59.0,132.0,89.0,162.0,True
3111,2,98.0,54.0,128.0,84.0,True
3111,2,137.0,93.0,167.0,123.0,True
3111,2,176.0,15.0,206.0,45.0,True
3111,2,176.0,54.0,206.0,84.0,True
3112,2,17.0,95.0,47.0,125.0,True
3112,2,17.0,134.0,47.0,164.0,True
3112,2,56.0,95.0,86.0,125.0,True
3112,2,95.0,17.0,125.0,47.0,True
3112,2,95.0,95.0,125.0,125.0,True
3112,2,134.0,56.0,164.0,86.0,True
3112,2,134.0,95.0,164.0,125.0,True
3112,2,134.0,134.0,164.0,164.0,True
3113,2,17.0,94.0,47.0,124.0,True
3113,2,56.0,55.0,86.0,85.0,True
3113,2,56.0,172.0,86.0,202.0,True
3113,2,134.0,55.0,164.0,85.0,True
3113,2,134.0,133.0,164.0,163.0,True
3113,2,134.0,172.0,164.0,202.0,True
3113,2,173.0,133.0,203.0,163.0,True
3113,2,173.0,172.0,203.0,202.0,True
3114,2,17.0,18.0,47.0,48.0,True
3114,2,17.0,135.0,47.0,165.0,True
3114,2,56.0,18.0,86.0,48.0,True
3114,2,56.0,96.0,86.0,126.0,True
3114,2,95.0,96.0,125.0,126.0,True
3114,2,95.0,135.0,125.0,165.0,True
3114,2,134.0,18.0,164.0,48.0,True
3114,2,134.0,174.0,164.0,204.0,True
3115,2,14.0,23.0,44.0,53.0,True
3115,2,14.0,140.0,44.0,170.0,True
3115,2,53.0,62.0,83.0,92.0,True
3115,2,53.0,101.0,83.0,131.0,True
3115,2,53.0,140.0,83.0,170.0,True
3115,2,53.0,179.0,83.0,209.0,True
3115,2,170.0,101.0,200.0,131.0,True
3115,2,170.0,140.0,200.0,170.0,True
3116,2,18.0,15.0,48.0,45.0,True
3116,2,57.0,15.0,87.0,45.0,True
3116,2,96.0,15.0,126.0,45.0,True
3116,2,96.0,54.0,126.0,84.0,True
3116,2,135.0,15.0,165.0,45.0,True
3116,2,135.0,54.0,165.0,84.0,True
3116,2,135.0,93.0,165.0,123.0,True
3116,2,174.0,15.0,204.0,45.0,True
3117,2,19.0,100.0,49.0,130.0,True
3117,2,58.0,22.0,88.0,52.0,True
3117,2,58.0,61.0,88.0,91.0,True
3117,2,97.0,100.0,127.0,130.0,True
3117,2,97.0,178.0,127.0,208.0,True
3117,2,136.0,22.0,166.0,52.0,True
3117,2,136.0,178.0,166.0,208.0,True
3117,2,175.0,22.0,205.0,52.0,True
3118,2,15.0,63.0,45.0,93.0,True
3118,2,15.0,102.0,45.0,132.0,True
3118,2,54.0,63.0,84.0,93.0,True
3118,2,54.0,102.0,84.0,132.0,True
3118,2,54.0,180.0,84.0,210.0,True
3118,2,132.0,24.0,162.0,54.0,True
3118,2,132.0,180.0,162.0,210.0,True
3118,2,171.0,141.0,201.0,171.0,True
3119,2,61.0,56.0,91.0,86.0,True
3119,2,61.0,134.0,91.0,164.0,True
3119,2,61.0,173.0,91.0,203.0,True
3119,2,100.0,134.0,130.0,164.0,True
3119,2,139.0,17.0,169.0,47.0,True
3119,2,139.0,173.0,169.0,203.0,True
3119,2,178.0,17.0,208.0,47.0,True
3119,2,178.0,134.0,208.0,164.0,True
3120,2,15.0,130.0,45.0,160.0,True
3120,2,54.0,91.0,84.0,121.0,True
3120,2,54.0,130.0,84.0,160.0,True
3120,2,54.0,169.0,84.0,199.0,True
3120,2,93.0,130.0,123.0,160.0,True
3120,2,93.0,169.0,123.0,199.0,True
3120,2,171.0,13.0,201.0,43.0,True
3120,2,171.0,91.0,201.0,121.0,True
3121,2,15.0,177.0,45.0,207.0,True
3121,2,54.0,21.0,84.0,51.0,True
3121,2,54.0,138.0,84.0,168.0,True
3121,2,93.0,60.0,123.0,90.0,True
3121,2,93.0,99.0,123.0,129.0,True
3121,2,132.0,138.0,162.0,168.0,True
3121,2,132.0,177.0,162.0,207.0,True
3121,2,171.0,177.0,201.0,207.0,True
3122,2,22.0,94.0,52.0,124.0,True
3122,2,61.0,16.0,91.0,46.0,True
3122,2,61.0,55.0,91.0,85.0,True
3122,2,61.0,133.0,91.0,163.0,True
3122,2,61.0,172.0,91.0,202.0,True
3122,2,100.0,133.0,130.0,163.0,True
3122,2,139.0,133.0,169.0,163.0,True
3122,2,139.0,172.0,169.0,202.0,True
3123,2,17.0,91.0,47.0,121.0,True
3123,2,17.0,130.0,47.0,160.0,True
3123,2,17.0,169.0,47.0,199.0,True
3123,2,56.0,13.0,86.0,43.0,True
3123,2,56.0,130.0,86.0,160.0,True
3123,2,56.0,169.0,86.0,199.0,True
3123,2,134.0,13.0,164.0,43.0,True
3123,2,134.0,91.0,164.0,121.0,True
3124,2,21.0,61.0,51.0,91.0,True
3124,2,60.0,178.0,90.0,208.0,True
3124,2,99.0,139.0,129.0,169.0,True
3124,2,138.0,22.0,168.0,52.0,True
3124,2,138.0,139.0,168.0,169.0,True
3124,2,177.0,22.0,207.0,52.0,True
3124,2,177.0,61.0,207.0,91.0,True
3124,2,177.0,178.0,207.0,208.0,True
3125,2,23.0,60.0,53.0,90.0,True
3125,2,23.0,99.0,53.0,129.0,True
3125,2,23.0,177.0,53.0,207.0,True
3125,2,101.0,21.0,131.0,51.0,True
3125,2,101.0,99.0,131.0,129.0,True
3125,2,101.0,177.0,131.0,207.0,True
3125,2,140.0,21.0,170.0,51.0,True
3125,2,140.0,99.0,170.0,129.0,True
3126,2,62.0,19.0,92.0,49.0,True
3126,2,62.0,58.0,92.0,88.0,True
3126,2,62.0,175.0,92.0,205.0,True
3126,2,101.0,97.0,131.0,127.0,True
3126,2,101.0,136.0,131.0,166.0,True
3126,2,140.0,136.0,170.0,166.0,True
3126,2,179.0,19.0,209.0,49.0,True
3126,2,179.0,58.0,209.0,88.0,True
3127,2,17.0,19.0,47.0,49.0,True
3127,2,56.0,19.0,86.0,49.0,True
3127,2,95.0,19.0,125.0,49.0,True
3127,2,95.0,136.0,125.0,166.0,True
3127,2,134.0,19.0,164.0,49.0,True
3127,2,134.0,58.0,164.0,88.0,True
3127,2,134.0,175.0,164.0,205.0,True
3127,2,173.0,19.0,203.0,49.0,True
3128,2,20.0,63.0,50.0,93.0,True
3128,2,20.0,141.0,50.0,171.0,True
3128,2,59.0,141.0,89.0,171.0,True
3128,2,59.0,180.0,89.0,210.0,True
3128,2,98.0,180.0,128.0,210.0,True
3128,2,137.0,63.0,167.0,93.0,True
3128,2,176.0,24.0,206.0,54.0,True
3128,2,176.0,141.0,206.0,171.0,True
3129,2,24.0,62.0,54.0,92.0,True
3129,2,24.0,140.0,54.0,170.0,True
3129,2,63.0,23.0,93.0,53.0,True
3129,2,63.0,101.0,93.0,131.0,True
3129,2,63.0,140.0,93.0,170.0,True
3129,2,102.0,62.0,132.0,92.0,True
3129,2,141.0,62.0,171.0,92.0,True
3129,2,180.0,23.0,210.0,53.0,True
3130,2,20.0,62.0,50.0,92.0,True
3130,2,59.0,101.0,89.0,131.0,True
3130,2,98.0,23.0,128.0,53.0,True
3130,2,98.0,62.0,128.0,92.0,True
3130,2,98.0,179.0,128.0,209.0,True
3130,2,137.0,23.0,167.0,53.0,True
3130,2,137.0,101.0,167.0,131.0,True
3130,2,137.0,179.0,167.0,209.0,True
3131,2,13.0,98.0,43.0,128.0,True
3131,2,52.0,20.0,82.0,50.0,True
3131,2,91.0,59.0,121.0,89.0,True
3131,2,91.0,137.0,121.0,167.0,True
3131,2,130.0,137.0,160.0,167.0,True
3131,2,130.0,176.0,160.0,206.0,True
3131,2,169.0,137.0,199.0,167.0,True
3131,2,169.0,176.0,199.0,206.0,True
3132,2,24.0,24.0,54.0,54.0,True
3132,2,24.0,180.0,54.0,210.0,True
3132,2,63.0,102.0,93.0,132.0,True
3132,2,102.0,24.0,132.0,54.0,True
3132,2,102.0,63.0,132.0,93.0,True
3132,2,141.0,63.0,171.0,93.0,True
3132,2,141.0,141.0,171.0,171.0,True
3132,2,180.0,102.0,210.0,132.0,True
3133,2,16.0,20.0,46.0,50.0,True
3133,2,55.0,98.0,85.0,128.0,True
3133,2,55.0,137.0,85.0,167.0,True
3133,2,55.0,176.0,85.0,206.0,True
3133,2,94.0,98.0,124.0,128.0,True
3133,2,133.0,98.0,163.0,128.0,True
3133,2,133.0,137.0,163.0,167.0,True
3133,2,172.0,20.0,202.0,50.0,True
3134,2,22.0,59.0,52.0,89.0,True
3134,2,22.0,176.0,52.0,206.0,True
3134,2,61.0,176.0,91.0,206.0,True
3134,2,100.0,20.0,130.0,50.0,True
3134,2,100.0,176.0,130.0,206.0,True
3134,2,139.0,20.0,169.0,50.0,True
3134,2,178.0,98.0,208.0,128.0,True
3134,2,178.0,176.0,208.0,206.0,True
3135,2,23.0,55.0,53.0,85.0,True
3135,2,23.0,172.0,53.0,202.0,True
3135,2,62.0,16.0,92.0,46.0,True
3135,2,62.0,94.0,92.0,124.0,True
3135,2,101.0,172.0,131.0,202.0,True
3135,2,140.0,55.0,170.0,85.0,True
3135,2,140.0,133.0,170.0,163.0,True
3135,2,140.0,172.0,170.0,202.0,True
3136,2,19.0,56.0,49.0,86.0,True
3136,2,19.0,95.0,49.0,125.0,True
3136,2,58.0,173.0,88.0,203.0,True
3136,2,97.0,56.0,127.0,86.0,True
3136,2,136.0,134.0,166.0,164.0,True
3136,2,136.0,173.0,166.0,203.0,True
3136,2,175.0,56.0,205.0,86.0,True
3136,2,175.0,95.0,205.0,125.0,True
3137,2,20.0,100.0,50.0,130.0,True
3137,2,59.0,22.0,89.0,52.0,True
3137,2,59.0,61.0,89.0,91.0,True
3137,2,59.0,100.0,89.0,130.0,True
3137,2,59.0,139.0,89.0,169.0,True
3137,2,98.0,61.0,128.0,91.0,True
3137,2,137.0,61.0,167.0,91.0,True
3137,2,137.0,100.0,167.0,130.0,True
3138,2,21.0,60.0,51.0,90.0,True
3138,2,21.0,138.0,51.0,168.0,True
3138,2,21.0,177.0,51.0,207.0,True
3138,2,60.0,60.0,90.0,90.0,True
3138,2,99.0,99.0,129.0,129.0,True
3138,2,99.0,138.0,129.0,168.0,True
3138,2,138.0,60.0,168.0,90.0,True
3138,2,177.0,138.0,207.0,168.0,True
3139,2,18.0,59.0,48.0,89.0,True
3139,2,57.0,98.0,87.0,128.0,True
3139,2,57.0,137.0,87.0,167.0,True
3139,2,96.0,98.0,126.0,128.0,True
3139,2,96.0,176.0,126.0,206.0,True
3139,2,174.0,20.0,204.0,50.0,True
3139,2,174.0,98.0,204.0,128.0,True
3139,2,174.0,137.0,204.0,167.0,True
3140,2,16.0,62.0,46.0,92.0,True
3140,2,55.0,23.0,85.0,53.0,True
3140,2,55.0,62.0,85.0,92.0,True
3140,2,94.0,101.0,124.0,131.0,True
3140,2,94.0,179.0,124.0,209.0,True
3140,2,133.0,101.0,163.0,131.0,True
3140,2,172.0,62.0,202.0,92.0,True
3140,2,172.0,179.0,202.0,209.0,True
3141,2,59.0,94.0,89.0,124.0,True
3141,2,59.0,133.0,89.0,163.0,True
3141,2,98.0,16.0,128.0,46.0,True
3141,2,98.0,94.0,128.0,124.0,True
3141,2,98.0,172.0,128.0,202.0,True
3141,2,137.0,55.0,167.0,85.0,True
3141,2,176.0,55.0,206.0,85.0,True
3141,2,176.0,172.0,206.0,202.0,True
3142,2,24.0,54.0,54.0,84.0,True
3142,2,63.0,54.0,93.0,84.0,True
3142,2,63.0,132.0,93.0,162.0,True
3142,2,102.0,54.0,132.0,84.0,True
3142,2,102.0,93.0,132.0,123.0,True
3142,2,141.0,93.0,171.0,123.0,True
3142,2,141.0,132.0,171.0,162.0,True
3142,2,180.0,15.0,210.0,45.0,True
3143,2,13.0,17.0,43.0,47.0,True
3143,2,52.0,56.0,82.0,86.0,True
3143,2,52.0,134.0,82.0,164.0,True
3143,2,91.0,17.0,121.0,47.0,True
3143,2,91.0,56.0,121.0,86.0,True
3143,2,91.0,134.0,121.0,164.0,True
3143,2,130.0,95.0,160.0,125.0,True
3143,2,169.0,56.0,199.0,86.0,True
3144,2,20.0,175.0,50.0,205.0,True
3144,2,59.0,97.0,89.0,127.0,True
3144,2,98.0,19.0,128.0,49.0,True
3144,2,98.0,58.0,128.0,88.0,True
3144,2,98.0,136.0,128.0,166.0,True
3144,2,137.0,136.0,167.0,166.0,True
3144,2,176.0,136.0,206.0,166.0,True
3144,2,176.0,175.0,206.0,205.0,True
3145,2,16.0,57.0,46.0,87.0,True
3145,2,16.0,174.0,46.0,204.0,True
3145,2,55.0,18.0,85.0,48.0,True
3145,2,94.0,18.0,124.0,48.0,True
3145,2,94.0,57.0,124.0,87.0,True
3145,2,94.0,96.0,124.0,126.0,True
3145,2,133.0,174.0,163.0,204.0,True
3145,2,172.0,96.0,202.0,126.0,True
3146,2,24.0,19.0,54.0,49.0,True
3146,2,63.0,136.0,93.0,166.0,True
3146,2,63.0,175.0,93.0,205.0,True
3146,2,102.0,19.0,132.0,49.0,True
3146,2,141.0,136.0,171.0,166.0,True
3146,2,180.0,19.0,210.0,49.0,True
3146,2,180.0,58.0,210.0,88.0,True
3146,2,180.0,97.0,210.0,127.0,True
3147,2,18.0,139.0,48.0,169.0,True
3147,2,57.0,100.0,87.0,130.0,True
3147,2,57.0,139.0,87.0,169.0,True
3147,2,96.0,61.0,126.0,91.0,True
3147,2,96.0,100.0,126.0,130.0,True
3147,2,135.0,100.0,165.0,130.0,True
3147,2,135.0,139.0,165.0,169.0,True
3147,2,174.0,22.0,204.0,52.0,True
3148,2,19.0,60.0,49.0,90.0,True
3148,2,19.0,138.0,49.0,168.0,True
3148,2,19.0,177.0,49.0,207.0,True
3148,2,58.0,177.0,88.0,207.0,True
3148,2,97.0,138.0,127.0,168.0,True
3148,2,136.0,138.0,166.0,168.0,True
3148,2,175.0,21.0,205.0,51.0,True
3148,2,175.0,138.0,205.0,168.0,True
3149,2,15.0,56.0,45.0,86.0,True
3149,2,15.0,95.0,45.0,125.0,True
3149,2,54.0,17.0,84.0,47.0,True
3149,2,54.0,95.0,84.0,125.0,True
3149,2,54.0,173.0,84.0,203.0,True
3149,2,132.0,17.0,162.0,47.0,True
3149,2,132.0,95.0,162.0,125.0,True
3149,2,171.0,56.0,201.0,86.0,True
3150,2,20.0,14.0,50.0,44.0,True
3150,2,20.0,92.0,50.0,122.0,True
3150,2,20.0,170.0,50.0,200.0,True
3150,2,98.0,14.0,128.0,44.0,True
3150,2,98.0,53.0,128.0,83.0,True
3150,2,98.0,170.0,128.0,200.0,True
3150,2,137.0,92.0,167.0,122.0,True
3150,2,137.0,131.0,167.0,161.0,True
3151,2,53.0,24.0,83.0,54.0,True
3151,2,53.0,63.0,83.0,93.0,True
3151,2,53.0,180.0,83.0,210.0,True
3151,2,92.0,141.0,122.0,171.0,True
3151,2,131.0,63.0,161.0,93.0,True
3151,2,170.0,24.0,200.0,54.0,True
3151,2,170.0,63.0,200.0,93.0,True
3151,2,170.0,141.0,200.0,171.0,True
3152,2,17.0,13.0,47.0,43.0,True
3152,2,17.0,91.0,47.0,121.0,True
3152,2,17.0,130.0,47.0,160.0,True
3152,2,56.0,130.0,86.0,160.0,True
3152,2,95.0,52.0,125.0,82.0,True
3152,2,134.0,91.0,164.0,121.0,True
3152,2,173.0,52.0,203.0,82.0,True
3152,2,173.0,130.0,203.0,160.0,True
3153,2,19.0,62.0,49.0,92.0,True
3153,2,19.0,179.0,49.0,209.0,True
3153,2,58.0,62.0,88.0,92.0,True
3153,2,58.0,140.0,88.0,170.0,True
3153,2,97.0,101.0,127.0,131.0,True
3153,2,136.0,23.0,166.0,53.0,True
3153,2,175.0,140.0,205.0,170.0,True
3153,2,175.0,179.0,205.0,209.0,True
3154,2,22.0,58.0,52.0,88.0,True
3154,2,22.0,175.0,52.0,205.0,True
3154,2,100.0,97.0,130.0,127.0,True
3154,2,100.0,175.0,130.0,205.0,True
3154,2,139.0,58.0,169.0,88.0,True
3154,2,139.0,97.0,169.0,127.0,True
3154,2,139.0,136.0,169.0,166.0,True
3154,2,178.0,175.0,208.0,205.0,True
3155,2,19.0,60.0,49.0,90.0,True
3155,2,19.0,177.0,49.0,207.0,True
3155,2,58.0,21.0,88.0,51.0,True
3155,2,58.0,177.0,88.0,207.0,True
3155,2,97.0,99.0,127.0,129.0,True
3155,2,136.0,138.0,166.0,168.0,True
3155,2,136.0,177.0,166.0,207.0,True
3155,2,175.0,177.0,205.0,207.0,True
3156,2,55.0,13.0,85.0,43.0,True
3156,2,55.0,52.0,85.0,82.0,True
3156,2,55.0,169.0,85.0,199.0,True
3156,2,94.0,91.0,124.0,121.0,True
3156,2,94.0,169.0,124.0,199.0,True
3156,2,133.0,13.0,163.0,43.0,True
3156,2,133.0,169.0,163.0,199.0,True
3156,2,172.0,169.0,202.0,199.0,True
3157,2,61.0,92.0,91.0,122.0,True
3157,2,100.0,53.0,130.0,83.0,True
3157,2,100.0,92.0,130.0,122.0,True
3157,2,100.0,131.0,130.0,161.0,True
3157,2,139.0,14.0,169.0,44.0,True
3157,2,139.0,53.0,169.0,83.0,True
3157,2,178.0,131.0,208.0,161.0,True
3157,2,178.0,170.0,208.0,200.0,True
3158,2,22.0,61.0,52.0,91.0,True
3158,2,100.0,100.0,130.0,130.0,True
3158,2,139.0,61.0,169.0,91.0,True
3158,2,139.0,178.0,169.0,208.0,True
3158,2,178.0,22.0,208.0,52.0,True
3158,2,178.0,61.0,208.0,91.0,True
3158,2,178.0,100.0,208.0,130.0,True
3158,2,178.0,178.0,208.0,208.0,True
3159,2,16.0,130.0,46.0,160.0,True
3159,2,16.0,169.0,46.0,199.0,True
3159,2,94.0,91.0,124.0,121.0,True
3159,2,94.0,169.0,124.0,199.0,True
3159,2,133.0,52.0,163.0,82.0,True
3159,2,133.0,91.0,163.0,121.0,True
3159,2,133.0,169.0,163.0,199.0,True
3159,2,172.0,130.0,202.0,160.0,True
3160,2,93.0,62.0,123.0,92.0,True
3160,2,93.0,101.0,123.0,131.0,True
3160,2,93.0,140.0,123.0,170.0,True
3160,2,132.0,23.0,162.0,53.0,True
3160,2,132.0,101.0,162.0,131.0,True
3160,2,132.0,179.0,162.0,209.0,True
3160,2,171.0,140.0,201.0,170.0,True
3160,2,171.0,179.0,201.0,209.0,True
3161,2,13.0,62.0,43.0,92.0,True
3161,2,13.0,101.0,43.0,131.0,True
3161,2,52.0,179.0,82.0,209.0,True
3161,2,91.0,62.0,121.0,92.0,True
3161,2,91.0,101.0,121.0,131.0,True
3161,2,91.0,179.0,121.0,209.0,True
3161,2,130.0,23.0,160.0,53.0,True
3161,2,169.0,101.0,199.0,131.0,True
3162,2,21.0,21.0,51.0,51.0,True
3162,2,21.0,138.0,51.0,168.0,True
3162,2,60.0,99.0,90.0,129.0,True
3162,2,99.0,99.0,129.0,129.0,True
3162,2,138.0,99.0,168.0,129.0,True
3162,2,177.0,21.0,207.0,51.0,True
3162,2,177.0,60.0,207.0,90.0,True
3162,2,177.0,99.0,207.0,129.0,True
3163,2,22.0,20.0,52.0,50.0,True
3163,2,22.0,98.0,52.0,128.0,True
3163,2,61.0,20.0,91.0,50.0,True
3163,2,61.0,98.0,91.0,128.0,True
3163,2,100.0,20.0,130.0,50.0,True
3163,2,100.0,176.0,130.0,206.0,True
3163,2,178.0,59.0,208.0,89.0,True
3163,2,178.0,137.0,208.0,167.0,True
3164,2,18.0,96.0,48.0,126.0,True
3164,2,18.0,135.0,48.0,165.0,True
3164,2,18.0,174.0,48.0,204.0,True
3164,2,96.0,57.0,126.0,87.0,True
3164,2,96.0,96.0,126.0,126.0,True
3164,2,96.0,174.0,126.0,204.0,True
3164,2,135.0,18.0,165.0,48.0,True
3164,2,174.0,96.0,204.0,126.0,True
3165,2,22.0,13.0,52.0,43.0,True
3165,2,22.0,169.0,52.0,199.0,True
3165,2,61.0,52.0,91.0,82.0,True
3165,2,61.0,169.0,91.0,199.0,True
3165,2,139.0,13.0,169.0,43.0,True
3165,2,139.0,91.0,169.0,121.0,True
3165,2,139.0,130.0,169.0,160.0,True
3165,2,139.0,169.0,169.0,199.0,True
3166,2,19.0,53.0,49.0,83.0,True
3166,2,19.0,131.0,49.0,161.0,True
3166,2,58.0,53.0,88.0,83.0,True
3166,2,58.0,92.0,88.0,122.0,True
3166,2,97.0,53.0,127.0,83.0,True
3166,2,97.0,131.0,127.0,161.0,True
3166,2,136.0,14.0,166.0,44.0,True
3166,2,136.0,53.0,166.0,83.0,True
3167,2,19.0,17.0,49.0,47.0,True
3167,2,19.0,134.0,49.0,164.0,True
3167,2,58.0,95.0,88.0,125.0,True
3167,2,58.0,134.0,88.0,164.0,True
3167,2,97.0,56.0,127.0,86.0,True
3167,2,136.0,17.0,166.0,47.0,True
3167,2,175.0,95.0,205.0,125.0,True
3167,2,175.0,134.0,205.0,164.0,True
3168,2,62.0,13.0,92.0,43.0,True
3168,2,62.0,169.0,92.0,199.0,True
3168,2,101.0,13.0,131.0,43.0,True
3168,2,101.0,169.0,131.0,199.0,True
3168,2,140.0,91.0,170.0,121.0,True
3168,2,179.0,52.0,209.0,82.0,True
3168,2,179.0,130.0,209.0,160.0,True
3168,2,179.0,169.0,209.0,199.0,True
3169,2,22.0,53.0,52.0,83.0,True
3169,2,22.0,92.0,52.0,122.0,True
3169,2,61.0,170.0,91.0,200.0,True
3169,2,100.0,53.0,130.0,83.0,True
3169,2,100.0,92.0,130.0,122.0,True
3169,2,100.0,170.0,130.0,200.0,True
3169,2,178.0,53.0,208.0,83.0,True
3169,2,178.0,170.0,208.0,200.0,True
3170,2,19.0,100.0,49.0,130.0,True
3170,2,19.0,139.0,49.0,169.0,True
3170,2,58.0,100.0,88.0,130.0,True
3170,2,97.0,100.0,127.0,130.0,True
3170,2,136.0,100.0,166.0,130.0,True
3170,2,136.0,139.0,166.0,169.0,True
3170,2,175.0,61.0,205.0,91.0,True
3170,2,175.0,100.0,205.0,130.0,True
3171,2,17.0,57.0,47.0,87.0,True
3171,2,17.0,174.0,47.0,204.0,True
3171,2,56.0,96.0,86.0,126.0,True
3171,2,95.0,57.0,125.0,87.0,True
3171,2,134.0,96.0,164.0,126.0,True
3171,2,134.0,174.0,164.0,204.0,True
3171,2,173.0,57.0,203.0,87.0,True
3171,2,173.0,174.0,203.0,204.0,True
3172,2,18.0,135.0,48.0,165.0,True
3172,2,57.0,96.0,87.0,126.0,True
3172,2,96.0,18.0,126.0,48.0,True
3172,2,135.0,18.0,165.0,48.0,True
3172,2,135.0,135.0,165.0,165.0,True
3172,2,135.0,174.0,165.0,204.0,True
3172,2,174.0,96.0,204.0,126.0,True
3172,2,174.0,135.0,204.0,165.0,True
3173,2,62.0,134.0,92.0,164.0,True
3173,2,62.0,173.0,92.0,203.0,True
3173,2,101.0,17.0,131.0,47.0,True
3173,2,101.0,95.0,131.0,125.0,True
3173,2,101.0,134.0,131.0,164.0,True
3173,2,140.0,17.0,170.0,47.0,True
3173,2,140.0,173.0,170.0,203.0,True
3173,2,179.0,134.0,209.0,164.0,True
3174,2,19.0,54.0,49.0,84.0,True
3174,2,58.0,54.0,88.0,84.0,True
3174,2,58.0,93.0,88.0,123.0,True
3174,2,97.0,93.0,127.0,123.0,True
3174,2,97.0,132.0,127.0,162.0,True
3174,2,136.0,54.0,166.0,84.0,True
3174,2,136.0,93.0,166.0,123.0,True
3174,2,175.0,132.0,205.0,162.0,True
3175,2,17.0,63.0,47.0,93.0,True
3175,2,17.0,102.0,47.0,132.0,True
3175,2,56.0,102.0,86.0,132.0,True
3175,2,56.0,141.0,86.0,171.0,True
3175,2,56.0,180.0,86.0,210.0,True
3175,2,95.0,24.0,125.0,54.0,True
3175,2,95.0,102.0,125.0,132.0,True
3175,2,134.0,24.0,164.0,54.0,True
3176,2,18.0,92.0,48.0,122.0,True
3176,2,57.0,14.0,87.0,44.0,True
3176,2,57.0,131.0,87.0,161.0,True
3176,2,96.0,53.0,126.0,83.0,True
3176,2,135.0,131.0,165.0,161.0,True
3176,2,174.0,14.0,204.0,44.0,True
3176,2,174.0,53.0,204.0,83.0,True
3176,2,174.0,131.0,204.0,161.0,True
3177,2,61.0,22.0,91.0,52.0,True
3177,2,61.0,139.0,91.0,169.0,True
3177,2,100.0,22.0,130.0,52.0,True
3177,2,100.0,61.0,130.0,91.0,True
3177,2,139.0,61.0,169.0,91.0,True
3177,2,139.0,178.0,169.0,208.0,True
3177,2,178.0,100.0,208.0,130.0,True
3177,2,178.0,139.0,208.0,169.0,True
3178,2,17.0,15.0,47.0,45.0,True
3178,2,17.0,54.0,47.0,84.0,True
3178,2,17.0,93.0,47.0,123.0,True
3178,2,95.0,93.0,125.0,123.0,True
3178,2,95.0,132.0,125.0,162.0,True
3178,2,95.0,171.0,125.0,201.0,True
3178,2,134.0,132.0,164.0,162.0,True
3178,2,173.0,54.0,203.0,84.0,True
3179,2,17.0,61.0,47.0,91.0,True
3179,2,17.0,100.0,47.0,130.0,True
3179,2,17.0,139.0,47.0,169.0,True
3179,2,56.0,100.0,86.0,130.0,True
3179,2,56.0,139.0,86.0,169.0,True
3179,2,56.0,178.0,86.0,208.0,True
3179,2,134.0,61.0,164.0,91.0,True
3179,2,173.0,178.0,203.0,208.0,True
3180,2,17.0,57.0,47.0,87.0,True
3180,2,17.0,135.0,47.0,165.0,True
3180,2,17.0,174.0,47.0,204.0,True
3180,2,56.0,57.0,86.0,87.0,True
3180,2,56.0,174.0,86.0,204.0,True
3180,2,95.0,18.0,125.0,48.0,True
3180,2,134.0,18.0,164.0,48.0,True
3180,2,173.0,18.0,203.0,48.0,True
3181,2,22.0,61.0,52.0,91.0,True
3181,2,61.0,61.0,91.0,91.0,True
3181,2,61.0,100.0,91.0,130.0,True
3181,2,100.0,100.0,130.0,130.0,True
3181,2,100.0,139.0,130.0,169.0,True
3181,2,100.0,178.0,130.0,208.0,True
3181,2,139.0,61.0,169.0,91.0,True
3181,2,178.0,100.0,208.0,130.0,True
3182,2,15.0,14.0,45.0,44.0,True
3182,2,15.0,53.0,45.0,83.0,True
3182,2,15.0,92.0,45.0,122.0,True
3182,2,54.0,170.0,84.0,200.0,True
3182,2,93.0,92.0,123.0,122.0,True
3182,2,93.0,131.0,123.0,161.0,True
3182,2,132.0,53.0,162.0,83.0,True
3182,2,132.0,92.0,162.0,122.0,True
3183,2,15.0,18.0,45.0,48.0,True
3183,2,15.0,135.0,45.0,165.0,True
3183,2,54.0,57.0,84.0,87.0,True
3183,2,93.0,57.0,123.0,87.0,True
3183,2,93.0,96.0,123.0,126.0,True
3183,2,93.0,135.0,123.0,165.0,True
3183,2,132.0,135.0,162.0,165.0,True
3183,2,132.0,174.0,162.0,204.0,True
3184,2,13.0,100.0,43.0,130.0,True
3184,2,13.0,139.0,43.0,169.0,True
3184,2,52.0,61.0,82.0,91.0,True
3184,2,91.0,100.0,121.0,130.0,True
3184,2,130.0,139.0,160.0,169.0,True
3184,2,169.0,22.0,199.0,52.0,True
3184,2,169.0,61.0,199.0,91.0,True
3184,2,169.0,178.0,199.0,208.0,True
3185,2,17.0,13.0,47.0,43.0,True
3185,2,17.0,91.0,47.0,121.0,True
3185,2,17.0,169.0,47.0,199.0,True
3185,2,56.0,91.0,86.0,121.0,True
3185,2,95.0,130.0,125.0,160.0,True
3185,2,134.0,13.0,164.0,43.0,True
3185,2,173.0,52.0,203.0,82.0,True
3185,2,173.0,91.0,203.0,121.0,True
3186,2,18.0,54.0,48.0,84.0,True
3186,2,18.0,171.0,48.0,201.0,True
3186,2,96.0,132.0,126.0,162.0,True
3186,2,96.0,171.0,126.0,201.0,True
3186,2,135.0,15.0,165.0,45.0,True
3186,2,135.0,93.0,165.0,123.0,True
3186,2,135.0,171.0,165.0,201.0,True
3186,2,174.0,171.0,204.0,201.0,True
3187,2,15.0,62.0,45.0,92.0,True
3187,2,54.0,101.0,84.0,131.0,True
3187,2,93.0,23.0,123.0,53.0,True
3187,2,93.0,140.0,123.0,170.0,True
3187,2,132.0,140.0,162.0,170.0,True
3187,2,171.0,23.0,201.0,53.0,True
3187,2,171.0,62.0,201.0,92.0,True
3187,2,171.0,179.0,201.0,209.0,True
3188,2,63.0,92.0,93.0,122.0,True
3188,2,63.0,131.0,93.0,161.0,True
3188,2,63.0,170.0,93.0,200.0,True
3188,2,102.0,53.0,132.0,83.0,True
3188,2,141.0,14.0,171.0,44.0,True
3188,2,141.0,92.0,171.0,122.0,True
3188,2,180.0,53.0,210.0,83.0,True
3188,2,180.0,92.0,210.0,122.0,True
3189,2,15.0,52.0,45.0,82.0,True
3189,2,15.0,130.0,45.0,160.0,True
3189,2,54.0,13.0,84.0,43.0,True
3189,2,54.0,91.0,84.0,121.0,True
3189,2,54.0,169.0,84.0,199.0,True
3189,2,93.0,52.0,123.0,82.0,True
3189,2,93.0,130.0,123.0,160.0,True
3189,2,132.0,91.0,162.0,121.0,True
3190,2,17.0,21.0,47.0,51.0,True
3190,2,17.0,177.0,47.0,207.0,True
3190,2,95.0,60.0,125.0,90.0,True
3190,2,95.0,138.0,125.0,168.0,True
3190,2,134.0,21.0,164.0,51.0,True
3190,2,173.0,60.0,203.0,90.0,True
3190,2,173.0,99.0,203.0,129.0,True
3190,2,173.0,177.0,203.0,207.0,True
3191,2,16.0,57.0,46.0,87.0,True
3191,2,55.0,57.0,85.0,87.0,True
3191,2,55.0,135.0,85.0,165.0,True
3191,2,94.0,18.0,124.0,48.0,True
3191,2,94.0,96.0,124.0,126.0,True
3191,2,94.0,135.0,124.0,165.0,True
3191,2,133.0,174.0,163.0,204.0,True
3191,2,172.0,96.0,202.0,126.0,True
3192,2,18.0,98.0,48.0,128.0,True
3192,2,18.0,137.0,48.0,167.0,True
3192,2,96.0,59.0,126.0,89.0,True
3192,2,96.0,98.0,126.0,128.0,True
3192,2,96.0,176.0,126.0,206.0,True
3192,2,135.0,20.0,165.0,50.0,True
3192,2,135.0,59.0,165.0,89.0,True
3192,2,174.0,137.0,204.0,167.0,True
3193,2,18.0,15.0,48.0,45.0,True
3193,2,18.0,54.0,48.0,84.0,True
3193,2,57.0,54.0,87.0,84.0,True
3193,2,57.0,171.0,87.0,201.0,True
3193,2,96.0,54.0,126.0,84.0,True
3193,2,135.0,93.0,165.0,123.0,True
3193,2,135.0,171.0,165.0,201.0,True
3193,2,174.0,54.0,204.0,84.0,True
3194,2,22.0,96.0,52.0,126.0,True
3194,2,22.0,174.0,52.0,204.0,True
3194,2,100.0,18.0,130.0,48.0,True
3194,2,100.0,57.0,130.0,87.0,True
3194,2,100.0,96.0,130.0,126.0,True
3194,2,100.0,135.0,130.0,165.0,True
3194,2,139.0,18.0,169.0,48.0,True
3194,2,139.0,135.0,169.0,165.0,True
3195,2,22.0,57.0,52.0,87.0,True
3195,2,22.0,96.0,52.0,126.0,True
3195,2,61.0,18.0,91.0,48.0,True
3195,2,61.0,174.0,91.0,204.0,True
3195,2,100.0,18.0,130.0,48.0,True
3195,2,100.0,135.0,130.0,165.0,True
3195,2,139.0,135.0,169.0,165.0,True
3195,2,139.0,174.0,169.0,204.0,True
3196,2,16.0,96.0,46.0,126.0,True
3196,2,16.0,174.0,46.0,204.0,True
3196,2,94.0,96.0,124.0,126.0,True
3196,2,133.0,18.0,163.0,48.0,True
3196,2,133.0,96.0,163.0,126.0,True
3196,2,172.0,96.0,202.0,126.0,True
3196,2,172.0,135.0,202.0,165.0,True
3196,2,172.0,174.0,202.0,204.0,True
3197,2,19.0,62.0,49.0,92.0,True
3197,2,58.0,23.0,88.0,53.0,True
3197,2,58.0,101.0,88.0,131.0,True
3197,2,58.0,140.0,88.0,170.0,True
3197,2,58.0,179.0,88.0,209.0,True
3197,2,97.0,179.0,127.0,209.0,True
3197,2,136.0,62.0,166.0,92.0,True
3197,2,175.0,23.0,205.0,53.0,True
3198,2,23.0,19.0,53.0,49.0,True
3198,2,23.0,136.0,53.0,166.0,True
3198,2,23.0,175.0,53.0,205.0,True
3198,2,62.0,175.0,92.0,205.0,True
3198,2,101.0,58.0,131.0,88.0,True
3198,2,101.0,136.0,131.0,166.0,True
3198,2,140.0,136.0,170.0,166.0,True
3198,2,140.0,175.0,170.0,205.0,True
3199,2,22.0,138.0,52.0,168.0,True
3199,2,100.0,21.0,130.0,51.0,True
3199,2,100.0,138.0,130.0,168.0,True
3199,2,100.0,177.0,130.0,207.0,True
3199,2,139.0,21.0,169.0,51.0,True
3199,2,139.0,138.0,169.0,168.0,True
3199,2,178.0,21.0,208.0,51.0,True
3199,2,178.0,177.0,208.0,207.0,True
3300,2,18.0,15.0,48.0,45.0,True
3301,2,15.0,20.0,45.0,50.0,True
3302,2,24.0,15.0,54.0,45.0,True
3303,2,15.0,17.0,45.0,47.0,True
3304,2,19.0,16.0,49.0,46.0,True
3305,2,20.0,63.0,50.0,93.0,True
3306,2,24.0,56.0,54.0,86.0,True
3307,2,24.0,61.0,54.0,91.0,True
3308,2,24.0,57.0,54.0,87.0,True
3309,2,17.0,61.0,47.0,91.0,True
3310,2,16.0,60.0,46.0,90.0,True
3311,2,17.0,94.0,47.0,124.0,True
3312,2,22.0,99.0,52.0,129.0,True
3313,2,22.0,141.0,52.0,171.0,True
3314,2,15.0,136.0,45.0,166.0,True
3315,2,18.0,133.0,48.0,163.0,True
3316,2,20.0,132.0,50.0,162.0,True
3317,2,16.0,141.0,46.0,171.0,True
3318,2,18.0,172.0,48.0,202.0,True
3319,2,23.0,180.0,53.0,210.0,True
3320,2,23.0,171.0,53.0,201.0,True
3321,2,14.0,172.0,44.0,202.0,True
3322,2,21.0,181.0,51.0,211.0,True
3323,2,63.0,16.0,93.0,46.0,True
3324,2,63.0,21.0,93.0,51.0,True
3325,2,64.0,19.0,94.0,49.0,True
3326,2,60.0,23.0,90.0,53.0,True
3327,2,55.0,63.0,85.0,93.0,True
3328,2,60.0,57.0,90.0,87.0,True
3329,2,54.0,61.0,84.0,91.0,True
3330,2,56.0,92.0,86.0,122.0,True
3331,2,62.0,92.0,92.0,122.0,True
3332,2,62.0,134.0,92.0,164.0,True
3333,2,59.0,138.0,89.0,168.0,True
3334,2,56.0,135.0,86.0,165.0,True
3335,2,53.0,139.0,83.0,169.0,True
3336,2,62.0,179.0,92.0,209.0,True
3337,2,62.0,181.0,92.0,211.0,True
3338,2,64.0,177.0,94.0,207.0,True
3339,2,57.0,171.0,87.0,201.0,True
3340,2,59.0,179.0,89.0,209.0,True
3341,2,64.0,180.0,94.0,210.0,True
3342,2,99.0,14.0,129.0,44.0,True
3343,2,94.0,21.0,124.0,51.0,True
3344,2,92.0,24.0,122.0,54.0,True
3345,2,102.0,14.0,132.0,44.0,True
3346,2,97.0,16.0,127.0,46.0,True
3347,2,99.0,17.0,129.0,47.0,True
3348,2,96.0,64.0,126.0,94.0,True
3349,2,93.0,64.0,123.0,94.0,True
3350,2,95.0,56.0,125.0,86.0,True
3351,2,100.0,98.0,130.0,128.0,True
3352,2,94.0,92.0,124.0,122.0,True
3353,2,99.0,133.0,129.0,163.0,True
3354,2,93.0,135.0,123.0,165.0,True
3355,2,101.0,133.0,131.0,163.0,True
3356,2,92.0,139.0,122.0,169.0,True
3357,2,98.0,133.0,128.0,163.0,True
3358,2,97.0,136.0,127.0,166.0,True
3359,2,102.0,176.0,132.0,206.0,True
3360,2,95.0,172.0,125.0,202.0,True
3361,2,96.0,171.0,126.0,201.0,True
3362,2,99.0,176.0,129.0,206.0,True
3363,2,142.0,63.0,172.0,93.0,True
3364,2,136.0,62.0,166.0,92.0,True
3365,2,131.0,53.0,161.0,83.0,True
3366,2,141.0,53.0,171.0,83.0,True
3367,2,133.0,59.0,163.0,89.0,True
3368,2,140.0,58.0,170.0,88.0,True
3369,2,141.0,57.0,171.0,87.0,True
3370,2,137.0,59.0,167.0,89.0,True
3371,2,141.0,100.0,171.0,130.0,True
3372,2,132.0,139.0,162.0,169.0,True
3373,2,131.0,133.0,161.0,163.0,True
3374,2,142.0,135.0,172.0,165.0,True
3375,2,138.0,133.0,168.0,163.0,True
3376,2,141.0,171.0,171.0,201.0,True
3377,2,137.0,172.0,167.0,202.0,True
3378,2,139.0,180.0,169.0,210.0,True
3379,2,137.0,180.0,167.0,210.0,True
3380,2,135.0,174.0,165.0,204.0,True
3381,2,179.0,22.0,209.0,52.0,True
3382,2,172.0,22.0,202.0,52.0,True
3383,2,180.0,15.0,210.0,45.0,True
3384,2,181.0,54.0,211.0,84.0,True
3385,2,176.0,55.0,206.0,85.0,True
3386,2,180.0,61.0,210.0,91.0,True
3387,2,180.0,63.0,210.0,93.0,True
3388,2,172.0,55.0,202.0,85.0,True
3389,2,176.0,100.0,206.0,130.0,True
3390,2,171.0,98.0,201.0,128.0,True
3391,2,179.0,94.0,209.0,124.0,True
3392,2,171.0,93.0,201.0,123.0,True
3393,2,175.0,103.0,205.0,133.0,True
3394,2,173.0,140.0,203.0,170.0,True
3395,2,172.0,136.0,202.0,166.0,True
3396,2,172.0,135.0,202.0,165.0,True
3397,2,181.0,180.0,211.0,210.0,True
3398,2,170.0,175.0,200.0,205.0,True
3399,2,176.0,170.0,206.0,200.0,True
3400,2,23.0,21.0,53.0,51.0,True
3401,2,25.0,20.0,55.0,50.0,True
3402,2,17.0,175.0,47.0,205.0,True
3403,2,25.0,18.0,55.0,48.0,True
3404,2,19.0,19.0,49.0,49.0,True
3405,2,14.0,15.0,44.0,45.0,True
3406,2,96.0,103.0,126.0,133.0,True
3407,2,21.0,20.0,51.0,50.0,True
3408,2,15.0,16.0,45.0,46.0,True
3409,2,97.0,176.0,127.0,206.0,True
3410,2,25.0,16.0,55.0,46.0,True
3411,2,19.0,20.0,49.0,50.0,True
3412,2,137.0,141.0,167.0,171.0,True
3413,2,57.0,18.0,87.0,48.0,True
3414,2,60.0,142.0,90.0,172.0,True
3415,2,63.0,135.0,93.0,165.0,True
3416,2,100.0,174.0,130.0,204.0,True
3417,2,142.0,22.0,172.0,52.0,True
3418,2,24.0,54.0,54.0,84.0,True
3419,2,181.0,61.0,211.0,91.0,True
3420,2,177.0,97.0,207.0,127.0,True
3421,2,14.0,63.0,44.0,93.0,True
3422,2,14.0,63.0,44.0,93.0,True
3423,2,17.0,100.0,47.0,130.0,True
3424,2,136.0,21.0,166.0,51.0,True
3425,2,16.0,92.0,46.0,122.0,True
3426,2,61.0,15.0,91.0,45.0,True
3427,2,62.0,171.0,92.0,201.0,True
3428,2,140.0,57.0,170.0,87.0,True
3429,2,22.0,134.0,52.0,164.0,True
3430,2,16.0,133.0,46.0,163.0,True
3431,2,54.0,132.0,84.0,162.0,True
3432,2,14.0,177.0,44.0,207.0,True
3433,2,140.0,58.0,170.0,88.0,True
3434,2,181.0,181.0,211.0,211.0,True
3435,2,20.0,180.0,50.0,210.0,True
3436,2,61.0,18.0,91.0,48.0,True
3437,2,100.0,17.0,130.0,47.0,True
3438,2,100.0,171.0,130.0,201.0,True
3439,2,178.0,102.0,208.0,132.0,True
3440,2,175.0,177.0,205.0,207.0,True
3441,2,64.0,58.0,94.0,88.0,True
3442,2,62.0,62.0,92.0,92.0,True
3443,2,58.0,172.0,88.0,202.0,True
3444,2,139.0,103.0,169.0,133.0,True
3445,2,57.0,62.0,87.0,92.0,True
3446,2,57.0,177.0,87.0,207.0,True
3447,2,93.0,16.0,123.0,46.0,True
3448,2,93.0,14.0,123.0,44.0,True
3449,2,96.0,15.0,126.0,45.0,True
3450,2,97.0,98.0,127.0,128.0,True
3451,2,97.0,94.0,127.0,124.0,True
3452,2,142.0,98.0,172.0,128.0,True
3453,2,172.0,62.0,202.0,92.0,True
3454,2,100.0,25.0,130.0,55.0,True
3455,2,53.0,132.0,83.0,162.0,True
3456,2,95.0,61.0,125.0,91.0,True
3457,2,142.0,15.0,172.0,45.0,True
3458,2,55.0,179.0,85.0,209.0,True
3459,2,133.0,100.0,163.0,130.0,True
3460,2,92.0,17.0,122.0,47.0,True
3461,2,103.0,180.0,133.0,210.0,True
3462,2,102.0,18.0,132.0,48.0,True
3463,2,101.0,18.0,131.0,48.0,True
3464,2,139.0,100.0,169.0,130.0,True
3465,2,97.0,17.0,127.0,47.0,True
3466,2,103.0,24.0,133.0,54.0,True
3467,2,101.0,53.0,131.0,83.0,True
3468,2,133.0,173.0,163.0,203.0,True
3469,2,134.0,180.0,164.0,210.0,True
3470,2,172.0,20.0,202.0,50.0,True
3471,2,97.0,55.0,127.0,85.0,True
3472,2,171.0,61.0,201.0,91.0,True
3473,2,141.0,57.0,171.0,87.0,True
3474,2,140.0,92.0,170.0,122.0,True
3475,2,102.0,103.0,132.0,133.0,True
3476,2,95.0,103.0,125.0,133.0,True
3477,2,180.0,61.0,210.0,91.0,True
3478,2,177.0,97.0,207.0,127.0,True
3479,2,138.0,22.0,168.0,52.0,True
3480,2,98.0,131.0,128.0,161.0,True
3481,2,100.0,133.0,130.0,163.0,True
3482,2,178.0,132.0,208.0,162.0,True
3483,2,96.0,135.0,126.0,165.0,True
3484,2,97.0,134.0,127.0,164.0,True
3485,2,94.0,135.0,124.0,165.0,True
3486,2,173.0,25.0,203.0,55.0,True
3487,2,170.0,19.0,200.0,49.0,True
3488,2,181.0,136.0,211.0,166.0,True
3489,2,174.0,133.0,204.0,163.0,True
3490,2,139.0,55.0,169.0,85.0,True
3491,2,138.0,14.0,168.0,44.0,True
3492,2,173.0,57.0,203.0,87.0,True
3493,2,137.0,60.0,167.0,90.0,True
3494,2,173.0,139.0,203.0,169.0,True
3495,2,175.0,93.0,205.0,123.0,True
3496,2,139.0,137.0,169.0,167.0,True
3497,2,172.0,56.0,202.0,86.0,True
3498,2,178.0,96.0,208.0,126.0,True
3499,2,172.0,178.0,202.0,208.0,True
3500,2,21.0,24.0,51.0,54.0,True
3500,2,21.0,63.0,51.0,93.0,True
3501,2,15.0,13.0,45.0,43.0,True
3501,2,15.0,91.0,45.0,121.0,True
3502,2,19.0,18.0,49.0,48.0,True
3502,2,58.0,18.0,88.0,48.0,True
3503,2,22.0,22.0,52.0,52.0,True
3503,2,61.0,61.0,91.0,91.0,True
3504,2,23.0,15.0,53.0,45.0,True
3504,2,62.0,54.0,92.0,84.0,True
3505,2,15.0,17.0,45.0,47.0,True
3505,2,54.0,173.0,84.0,203.0,True
3506,2,17.0,22.0,47.0,52.0,True
3506,2,95.0,61.0,125.0,91.0,True
3507,2,20.0,16.0,50.0,46.0,True
3507,2,98.0,94.0,128.0,124.0,True
3508,2,15.0,17.0,45.0,47.0,True
3508,2,171.0,95.0,201.0,125.0,True
3509,2,19.0,22.0,49.0,52.0,True
3509,2,175.0,139.0,205.0,169.0,True
3510,2,21.0,56.0,51.0,86.0,True
3510,2,21.0,95.0,51.0,125.0,True
3511,2,24.0,58.0,54.0,88.0,True
3511,2,24.0,175.0,54.0,205.0,True
3512,2,23.0,60.0,53.0,90.0,True
3512,2,62.0,60.0,92.0,90.0,True
3513,2,17.0,62.0,47.0,92.0,True
3513,2,56.0,62.0,86.0,92.0,True
3514,2,17.0,56.0,47.0,86.0,True
3514,2,56.0,95.0,86.0,125.0,True
3515,2,20.0,55.0,50.0,85.0,True
3515,2,59.0,133.0,89.0,163.0,True
3516,2,16.0,54.0,46.0,84.0,True
3516,2,94.0,54.0,124.0,84.0,True
3517,2,14.0,52.0,44.0,82.0,True
3517,2,92.0,169.0,122.0,199.0,True
3518,2,23.0,59.0,53.0,89.0,True
3518,2,140.0,59.0,170.0,89.0,True
3519,2,21.0,57.0,51.0,87.0,True
3519,2,177.0,18.0,207.0,48.0,True
3520,2,16.0,54.0,46.0,84.0,True
3520,2,172.0,54.0,202.0,84.0,True
3521,2,15.0,63.0,45.0,93.0,True
3521,2,171.0,141.0,201.0,171.0,True
3522,2,16.0,96.0,46.0,126.0,True
3522,2,16.0,135.0,46.0,165.0,True
3523,2,13.0,96.0,43.0,126.0,True
3523,2,52.0,96.0,82.0,126.0,True
3524,2,19.0,93.0,49.0,123.0,True
3524,2,136.0,15.0,166.0,45.0,True
3525,2,13.0,99.0,43.0,129.0,True
3525,2,130.0,60.0,160.0,90.0,True
3526,2,24.0,130.0,54.0,160.0,True
3526,2,63.0,130.0,93.0,160.0,True
3527,2,23.0,135.0,53.0,165.0,True
3527,2,62.0,174.0,92.0,204.0,True
3528,2,19.0,134.0,49.0,164.0,True
3528,2,97.0,95.0,127.0,125.0,True
3529,2,15.0,130.0,45.0,160.0,True
3529,2,93.0,130.0,123.0,160.0,True
3530,2,18.0,136.0,48.0,166.0,True
3530,2,135.0,58.0,165.0,88.0,True
3531,2,19.0,139.0,49.0,169.0,True
3531,2,175.0,100.0,205.0,130.0,True
3532,2,24.0,137.0,54.0,167.0,True
3532,2,180.0,176.0,210.0,206.0,True
3533,2,19.0,177.0,49.0,207.0,True
3533,2,58.0,21.0,88.0,51.0,True
3534,2,22.0,171.0,52.0,201.0,True
3534,2,61.0,15.0,91.0,45.0,True
3535,2,19.0,171.0,49.0,201.0,True
3535,2,58.0,132.0,88.0,162.0,True
3536,2,21.0,174.0,51.0,204.0,True
3536,2,60.0,135.0,90.0,165.0,True
3537,2,17.0,179.0,47.0,209.0,True
3537,2,56.0,179.0,86.0,209.0,True
3538,2,24.0,174.0,54.0,204.0,True
3538,2,102.0,96.0,132.0,126.0,True
3539,2,22.0,180.0,52.0,210.0,True
3539,2,139.0,24.0,169.0,54.0,True
3540,2,19.0,169.0,49.0,199.0,True
3540,2,136.0,130.0,166.0,160.0,True
3541,2,15.0,176.0,45.0,206.0,True
3541,2,132.0,137.0,162.0,167.0,True
3542,2,19.0,178.0,49.0,208.0,True
3542,2,136.0,178.0,166.0,208.0,True
3543,2,63.0,14.0,93.0,44.0,True
3543,2,63.0,53.0,93.0,83.0,True
3544,2,56.0,24.0,86.0,54.0,True
3544,2,56.0,180.0,86.0,210.0,True
3545,2,57.0,23.0,87.0,53.0,True
3545,2,96.0,179.0,126.0,209.0,True
3546,2,60.0,19.0,90.0,49.0,True
3546,2,138.0,19.0,168.0,49.0,True
3547,2,56.0,58.0,86.0,88.0,True
3547,2,95.0,58.0,125.0,88.0,True
3548,2,57.0,60.0,87.0,90.0,True
3548,2,96.0,138.0,126.0,168.0,True
3549,2,56.0,57.0,86.0,87.0,True
3549,2,134.0,57.0,164.0,87.0,True
3550,2,58.0,56.0,88.0,86.0,True
3550,2,136.0,134.0,166.0,164.0,True
3551,2,60.0,58.0,90.0,88.0,True
3551,2,138.0,175.0,168.0,205.0,True
3552,2,52.0,54.0,82.0,84.0,True
3552,2,169.0,15.0,199.0,45.0,True
3553,2,60.0,93.0,90.0,123.0,True
3553,2,60.0,171.0,90.0,201.0,True
3554,2,53.0,94.0,83.0,124.0,True
3554,2,92.0,16.0,122.0,46.0,True
3555,2,59.0,99.0,89.0,129.0,True
3555,2,98.0,60.0,128.0,90.0,True
3556,2,58.0,96.0,88.0,126.0,True
3556,2,97.0,135.0,127.0,165.0,True
3557,2,58.0,95.0,88.0,125.0,True
3557,2,136.0,95.0,166.0,125.0,True
3558,2,56.0,101.0,86.0,131.0,True
3558,2,134.0,140.0,164.0,170.0,True
3559,2,54.0,140.0,84.0,170.0,True
3559,2,93.0,179.0,123.0,209.0,True
3560,2,60.0,138.0,90.0,168.0,True
3560,2,138.0,60.0,168.0,90.0,True
3561,2,56.0,134.0,86.0,164.0,True
3561,2,134.0,95.0,164.0,125.0,True
3562,2,54.0,131.0,84.0,161.0,True
3562,2,171.0,14.0,201.0,44.0,True
3563,2,60.0,138.0,90.0,168.0,True
3563,2,177.0,60.0,207.0,90.0,True
3564,2,58.0,173.0,88.0,203.0,True
3564,2,97.0,95.0,127.0,125.0,True
3565,2,56.0,179.0,86.0,209.0,True
3565,2,134.0,23.0,164.0,53.0,True
3566,2,97.0,17.0,127.0,47.0,True
3566,2,97.0,95.0,127.0,125.0,True
3567,2,94.0,17.0,124.0,47.0,True
3567,2,133.0,56.0,163.0,86.0,True
3568,2,102.0,23.0,132.0,53.0,True
3568,2,141.0,101.0,171.0,131.0,True
3569,2,95.0,19.0,125.0,49.0,True
3569,2,173.0,19.0,203.0,49.0,True
3570,2,92.0,17.0,122.0,47.0,True
3570,2,170.0,134.0,200.0,164.0,True
3571,2,91.0,55.0,121.0,85.0,True
3571,2,130.0,94.0,160.0,124.0,True
3572,2,95.0,62.0,125.0,92.0,True
3572,2,173.0,101.0,203.0,131.0,True
3573,2,100.0,92.0,130.0,122.0,True
3573,2,100.0,131.0,130.0,161.0,True
3574,2,101.0,93.0,131.0,123.0,True
3574,2,101.0,171.0,131.0,201.0,True
3575,2,95.0,94.0,125.0,124.0,True
3575,2,173.0,172.0,203.0,202.0,True
3576,2,97.0,131.0,127.0,161.0,True
3576,2,136.0,131.0,166.0,161.0,True
3577,2,100.0,171.0,130.0,201.0,True
3577,2,139.0,15.0,169.0,45.0,True
3578,2,98.0,179.0,128.0,209.0,True
3578,2,137.0,140.0,167.0,170.0,True
3579,2,93.0,177.0,123.0,207.0,True
3579,2,171.0,21.0,201.0,51.0,True
3580,2,137.0,17.0,167.0,47.0,True
3580,2,137.0,134.0,167.0,164.0,True
3581,2,135.0,16.0,165.0,46.0,True
3581,2,135.0,172.0,165.0,202.0,True
3582,2,136.0,24.0,166.0,54.0,True
3582,2,136.0,180.0,166.0,210.0,True
3583,2,130.0,21.0,160.0,51.0,True
3583,2,130.0,177.0,160.0,207.0,True
3584,2,134.0,13.0,164.0,43.0,True
3584,2,134.0,169.0,164.0,199.0,True
3585,2,130.0,23.0,160.0,53.0,True
3585,2,169.0,179.0,199.0,209.0,True
3586,2,140.0,60.0,170.0,90.0,True
3586,2,179.0,21.0,209.0,51.0,True
3587,2,136.0,57.0,166.0,87.0,True
3587,2,175.0,57.0,205.0,87.0,True
3588,2,138.0,55.0,168.0,85.0,True
3588,2,177.0,94.0,207.0,124.0,True
3589,2,136.0,52.0,166.0,82.0,True
3589,2,175.0,169.0,205.0,199.0,True
3590,2,141.0,92.0,171.0,122.0,True
3590,2,141.0,131.0,171.0,161.0,True
3591,2,140.0,99.0,170.0,129.0,True
3591,2,140.0,138.0,170.0,168.0,True
3592,2,130.0,137.0,160.0,167.0,True
3592,2,169.0,20.0,199.0,50.0,True
3593,2,140.0,131.0,170.0,161.0,True
3593,2,179.0,170.0,209.0,200.0,True
3594,2,131.0,172.0,161.0,202.0,True
3594,2,170.0,55.0,200.0,85.0,True
3595,2,169.0,22.0,199.0,52.0,True
3595,2,169.0,178.0,199.0,208.0,True
3596,2,178.0,23.0,208.0,53.0,True
3596,2,178.0,179.0,208.0,209.0,True
3597,2,180.0,63.0,210.0,93.0,True
3597,2,180.0,141.0,210.0,171.0,True
3598,2,178.0,58.0,208.0,88.0,True
3598,2,178.0,175.0,208.0,205.0,True
3599,2,170.0,91.0,200.0,121.0,True
3599,2,170.0,169.0,200.0,199.0,True
3600,2,21.0,21.0,51.0,51.0,True
3600,2,21.0,99.0,51.0,129.0,True
3600,2,138.0,21.0,168.0,51.0,True
3601,2,19.0,97.0,49.0,127.0,True
3601,2,97.0,175.0,127.0,205.0,True
3601,2,136.0,19.0,166.0,49.0,True
3602,2,18.0,94.0,48.0,124.0,True
3602,2,174.0,16.0,204.0,46.0,True
3602,2,174.0,172.0,204.0,202.0,True
3603,2,16.0,20.0,46.0,50.0,True
3603,2,55.0,98.0,85.0,128.0,True
3603,2,94.0,59.0,124.0,89.0,True
3604,2,62.0,63.0,92.0,93.0,True
3604,2,62.0,141.0,92.0,171.0,True
3604,2,62.0,180.0,92.0,210.0,True
3605,2,21.0,19.0,51.0,49.0,True
3605,2,60.0,58.0,90.0,88.0,True
3605,2,177.0,19.0,207.0,49.0,True
3606,2,21.0,25.0,51.0,55.0,True
3606,2,99.0,25.0,129.0,55.0,True
3606,2,177.0,181.0,207.0,211.0,True
3607,2,21.0,25.0,51.0,55.0,True
3607,2,60.0,142.0,90.0,172.0,True
3607,2,138.0,64.0,168.0,94.0,True
3608,2,20.0,14.0,50.0,44.0,True
3608,2,98.0,53.0,128.0,83.0,True
3608,2,137.0,131.0,167.0,161.0,True
3609,2,18.0,21.0,48.0,51.0,True
3609,2,174.0,60.0,204.0,90.0,True
3609,2,174.0,177.0,204.0,207.0,True
3610,2,131.0,96.0,161.0,126.0,True
3610,2,131.0,174.0,161.0,204.0,True
3610,2,170.0,18.0,200.0,48.0,True
3611,2,22.0,21.0,52.0,51.0,True
3611,2,139.0,138.0,169.0,168.0,True
3611,2,139.0,177.0,169.0,207.0,True
3612,2,15.0,64.0,45.0,94.0,True
3612,2,15.0,103.0,45.0,133.0,True
3612,2,54.0,103.0,84.0,133.0,True
3613,2,21.0,138.0,51.0,168.0,True
3613,2,138.0,21.0,168.0,51.0,True
3613,2,177.0,138.0,207.0,168.0,True
3614,2,21.0,59.0,51.0,89.0,True
3614,2,60.0,20.0,90.0,50.0,True
3614,2,138.0,137.0,168.0,167.0,True
3615,2,23.0,59.0,53.0,89.0,True
3615,2,23.0,176.0,53.0,206.0,True
3615,2,140.0,98.0,170.0,128.0,True
3616,2,17.0,57.0,47.0,87.0,True
3616,2,95.0,174.0,125.0,204.0,True
3616,2,173.0,135.0,203.0,165.0,True
3617,2,18.0,60.0,48.0,90.0,True
3617,2,18.0,177.0,48.0,207.0,True
3617,2,174.0,21.0,204.0,51.0,True
3618,2,23.0,62.0,53.0,92.0,True
3618,2,62.0,23.0,92.0,53.0,True
3618,2,179.0,179.0,209.0,209.0,True
3619,2,21.0,59.0,51.0,89.0,True
3619,2,60.0,59.0,90.0,89.0,True
3619,2,138.0,137.0,168.0,167.0,True
3620,2,17.0,62.0,47.0,92.0,True
3620,2,56.0,62.0,86.0,92.0,True
3620,2,173.0,179.0,203.0,209.0,True
3621,2,64.0,98.0,94.0,128.0,True
3621,2,103.0,98.0,133.0,128.0,True
3621,2,181.0,59.0,211.0,89.0,True
3622,2,58.0,100.0,88.0,130.0,True
3622,2,97.0,139.0,127.0,169.0,True
3622,2,136.0,178.0,166.0,208.0,True
3623,2,61.0,97.0,91.0,127.0,True
3623,2,100.0,175.0,130.0,205.0,True
3623,2,178.0,19.0,208.0,49.0,True
3624,2,24.0,56.0,54.0,86.0,True
3624,2,63.0,95.0,93.0,125.0,True
3624,2,180.0,56.0,210.0,86.0,True
3625,2,63.0,94.0,93.0,124.0,True
3625,2,180.0,94.0,210.0,124.0,True
3625,2,180.0,133.0,210.0,163.0,True
3626,2,96.0,14.0,126.0,44.0,True
3626,2,96.0,92.0,126.0,122.0,True
3626,2,174.0,14.0,204.0,44.0,True
3627,2,14.0,57.0,44.0,87.0,True
3627,2,92.0,96.0,122.0,126.0,True
3627,2,92.0,135.0,122.0,165.0,True
3628,2,100.0,60.0,130.0,90.0,True
3628,2,100.0,99.0,130.0,129.0,True
3628,2,178.0,21.0,208.0,51.0,True
3629,2,19.0,64.0,49.0,94.0,True
3629,2,97.0,103.0,127.0,133.0,True
3629,2,175.0,103.0,205.0,133.0,True
3630,2,18.0,137.0,48.0,167.0,True
3630,2,57.0,20.0,87.0,50.0,True
3630,2,96.0,59.0,126.0,89.0,True
3631,2,25.0,100.0,55.0,130.0,True
3631,2,25.0,139.0,55.0,169.0,True
3631,2,181.0,61.0,211.0,91.0,True
3632,2,25.0,95.0,55.0,125.0,True
3632,2,25.0,134.0,55.0,164.0,True
3632,2,103.0,56.0,133.0,86.0,True
3633,2,14.0,96.0,44.0,126.0,True
3633,2,14.0,135.0,44.0,165.0,True
3633,2,92.0,174.0,122.0,204.0,True
3634,2,15.0,98.0,45.0,128.0,True
3634,2,54.0,98.0,84.0,128.0,True
3634,2,54.0,137.0,84.0,167.0,True
3635,2,20.0,92.0,50.0,122.0,True
3635,2,98.0,53.0,128.0,83.0,True
3635,2,137.0,170.0,167.0,200.0,True
3636,2,18.0,103.0,48.0,133.0,True
3636,2,96.0,64.0,126.0,94.0,True
3636,2,174.0,142.0,204.0,172.0,True
3637,2,16.0,99.0,46.0,129.0,True
3637,2,94.0,21.0,124.0,51.0,True
3637,2,172.0,138.0,202.0,168.0,True
3638,2,17.0,102.0,47.0,132.0,True
3638,2,95.0,24.0,125.0,54.0,True
3638,2,173.0,24.0,203.0,54.0,True
3639,2,14.0,101.0,44.0,131.0,True
3639,2,92.0,62.0,122.0,92.0,True
3639,2,131.0,179.0,161.0,209.0,True
3640,2,21.0,99.0,51.0,129.0,True
3640,2,138.0,60.0,168.0,90.0,True
3640,2,177.0,21.0,207.0,51.0,True
3641,2,18.0,98.0,48.0,128.0,True
3641,2,96.0,176.0,126.0,206.0,True
3641,2,135.0,59.0,165.0,89.0,True
3642,2,14.0,94.0,44.0,124.0,True
3642,2,131.0,172.0,161.0,202.0,True
3642,2,170.0,133.0,200.0,163.0,True
3643,2,21.0,132.0,51.0,162.0,True
3643,2,21.0,171.0,51.0,201.0,True
3643,2,177.0,15.0,207.0,45.0,True
3644,2,14.0,133.0,44.0,163.0,True
3644,2,14.0,172.0,44.0,202.0,True
3644,2,170.0,16.0,200.0,46.0,True
3645,2,23.0,132.0,53.0,162.0,True
3645,2,140.0,132.0,170.0,162.0,True
3645,2,179.0,54.0,209.0,84.0,True
3646,2,18.0,132.0,48.0,162.0,True
3646,2,96.0,54.0,126.0,84.0,True
3646,2,135.0,93.0,165.0,123.0,True
3647,2,19.0,136.0,49.0,166.0,True
3647,2,97.0,19.0,127.0,49.0,True
3647,2,175.0,136.0,205.0,166.0,True
3648,2,100.0,59.0,130.0,89.0,True
3648,2,100.0,137.0,130.0,167.0,True
3648,2,100.0,176.0,130.0,206.0,True
3649,2,15.0,142.0,45.0,172.0,True
3649,2,93.0,142.0,123.0,172.0,True
3649,2,93.0,181.0,123.0,211.0,True
3650,2,18.0,141.0,48.0,171.0,True
3650,2,135.0,102.0,165.0,132.0,True
3650,2,174.0,141.0,204.0,171.0,True
3651,2,133.0,138.0,163.0,168.0,True
3651,2,172.0,21.0,202.0,51.0,True
3651,2,172.0,99.0,202.0,129.0,True
3652,2,19.0,173.0,49.0,203.0,True
3652,2,58.0,95.0,88.0,125.0,True
3652,2,97.0,17.0,127.0,47.0,True
3653,2,55.0,53.0,85.0,83.0,True
3653,2,94.0,53.0,124.0,83.0,True
3653,2,172.0,14.0,202.0,44.0,True
3654,2,21.0,178.0,51.0,208.0,True
3654,2,99.0,22.0,129.0,52.0,True
3654,2,99.0,100.0,129.0,130.0,True
3655,2,16.0,180.0,46.0,210.0,True
3655,2,55.0,141.0,85.0,171.0,True
3655,2,94.0,63.0,124.0,93.0,True
3656,2,19.0,181.0,49.0,211.0,True
3656,2,58.0,142.0,88.0,172.0,True
3656,2,136.0,103.0,166.0,133.0,True
3657,2,22.0,170.0,52.0,200.0,True
3657,2,100.0,14.0,130.0,44.0,True
3657,2,178.0,170.0,208.0,200.0,True
3658,2,14.0,179.0,44.0,209.0,True
3658,2,92.0,101.0,122.0,131.0,True
3658,2,131.0,101.0,161.0,131.0,True
3659,2,22.0,176.0,52.0,206.0,True
3659,2,178.0,98.0,208.0,128.0,True
3659,2,178.0,137.0,208.0,167.0,True
3660,2,21.0,175.0,51.0,205.0,True
3660,2,138.0,136.0,168.0,166.0,True
3660,2,177.0,97.0,207.0,127.0,True
3661,2,54.0,15.0,84.0,45.0,True
3661,2,54.0,54.0,84.0,84.0,True
3661,2,54.0,171.0,84.0,201.0,True
3662,2,63.0,25.0,93.0,55.0,True
3662,2,63.0,64.0,93.0,94.0,True
3662,2,180.0,103.0,210.0,133.0,True
3663,2,58.0,59.0,88.0,89.0,True
3663,2,136.0,59.0,166.0,89.0,True
3663,2,136.0,98.0,166.0,128.0,True
3664,2,58.0,15.0,88.0,45.0,True
3664,2,58.0,54.0,88.0,84.0,True
3664,2,136.0,132.0,166.0,162.0,True
3665,2,64.0,142.0,94.0,172.0,True
3665,2,103.0,142.0,133.0,172.0,True
3665,2,142.0,25.0,172.0,55.0,True
3666,2,62.0,25.0,92.0,55.0,True
3666,2,62.0,181.0,92.0,211.0,True
3666,2,140.0,142.0,170.0,172.0,True
3667,2,54.0,20.0,84.0,50.0,True
3667,2,54.0,176.0,84.0,206.0,True
3667,2,132.0,176.0,162.0,206.0,True
3668,2,61.0,23.0,91.0,53.0,True
3668,2,100.0,23.0,130.0,53.0,True
3668,2,100.0,101.0,130.0,131.0,True
3669,2,59.0,24.0,89.0,54.0,True
3669,2,137.0,63.0,167.0,93.0,True
3669,2,137.0,180.0,167.0,210.0,True
3670,2,62.0,95.0,92.0,125.0,True
3670,2,101.0,17.0,131.0,47.0,True
3670,2,140.0,17.0,170.0,47.0,True
3671,2,53.0,61.0,83.0,91.0,True
3671,2,131.0,178.0,161.0,208.0,True
3671,2,170.0,139.0,200.0,169.0,True
3672,2,92.0,140.0,122.0,170.0,True
3672,2,131.0,62.0,161.0,92.0,True
3672,2,131.0,179.0,161.0,209.0,True
3673,2,54.0,53.0,84.0,83.0,True
3673,2,132.0,170.0,162.0,200.0,True
3673,2,171.0,131.0,201.0,161.0,True
3674,2,63.0,60.0,93.0,90.0,True
3674,2,141.0,60.0,171.0,90.0,True
3674,2,180.0,99.0,210.0,129.0,True
3675,2,62.0,96.0,92.0,126.0,True
3675,2,62.0,135.0,92.0,165.0,True
3675,2,140.0,18.0,170.0,48.0,True
3676,2,56.0,172.0,86.0,202.0,True
3676,2,95.0,55.0,125.0,85.0,True
3676,2,173.0,133.0,203.0,163.0,True
3677,2,54.0,93.0,84.0,123.0,True
3677,2,93.0,171.0,123.0,201.0,True
3677,2,132.0,15.0,162.0,45.0,True
3678,2,59.0,135.0,89.0,165.0,True
3678,2,59.0,174.0,89.0,204.0,True
3678,2,98.0,18.0,128.0,48.0,True
3679,2,62.0,174.0,92.0,204.0,True
3679,2,101.0,57.0,131.0,87.0,True
3679,2,140.0,18.0,170.0,48.0,True
3680,2,57.0,180.0,87.0,210.0,True
3680,2,174.0,141.0,204.0,171.0,True
3680,2,174.0,180.0,204.0,210.0,True
3681,2,57.0,131.0,87.0,161.0,True
3681,2,96.0,92.0,126.0,122.0,True
3681,2,135.0,131.0,165.0,161.0,True
3682,2,93.0,174.0,123.0,204.0,True
3682,2,132.0,135.0,162.0,165.0,True
3682,2,171.0,18.0,201.0,48.0,True
3683,2,64.0,134.0,94.0,164.0,True
3683,2,103.0,173.0,133.0,203.0,True
3683,2,181.0,17.0,211.0,47.0,True
3684,2,54.0,131.0,84.0,161.0,True
3684,2,132.0,131.0,162.0,161.0,True
3684,2,171.0,14.0,201.0,44.0,True
3685,2,96.0,18.0,126.0,48.0,True
3685,2,96.0,174.0,126.0,204.0,True
3685,2,135.0,96.0,165.0,126.0,True
3686,2,103.0,53.0,133.0,83.0,True
3686,2,103.0,92.0,133.0,122.0,True
3686,2,181.0,53.0,211.0,83.0,True
3687,2,99.0,171.0,129.0,201.0,True
3687,2,138.0,15.0,168.0,45.0,True
3687,2,138.0,54.0,168.0,84.0,True
3688,2,92.0,58.0,122.0,88.0,True
3688,2,131.0,58.0,161.0,88.0,True
3688,2,170.0,19.0,200.0,49.0,True
3689,2,98.0,170.0,128.0,200.0,True
3689,2,137.0,53.0,167.0,83.0,True
3689,2,137.0,131.0,167.0,161.0,True
3690,2,97.0,95.0,127.0,125.0,True
3690,2,97.0,173.0,127.0,203.0,True
3690,2,136.0,95.0,166.0,125.0,True
3691,2,101.0,98.0,131.0,128.0,True
3691,2,179.0,59.0,209.0,89.0,True
3691,2,179.0,176.0,209.0,206.0,True
3692,2,136.0,62.0,166.0,92.0,True
3692,2,136.0,179.0,166.0,209.0,True
3692,2,175.0,101.0,205.0,131.0,True
3693,2,100.0,102.0,130.0,132.0,True
3693,2,178.0,63.0,208.0,93.0,True
3693,2,178.0,102.0,208.0,132.0,True
3694,2,95.0,100.0,125.0,130.0,True
3694,2,173.0,22.0,203.0,52.0,True
3694,2,173.0,139.0,203.0,169.0,True
3695,2,142.0,94.0,172.0,124.0,True
3695,2,142.0,172.0,172.0,202.0,True
3695,2,181.0,172.0,211.0,202.0,True
3696,2,134.0,180.0,164.0,210.0,True
3696,2,173.0,102.0,203.0,132.0,True
3696,2,173.0,180.0,203.0,210.0,True
3697,2,134.0,25.0,164.0,55.0,True
3697,2,134.0,64.0,164.0,94.0,True
3697,2,173.0,25.0,203.0,55.0,True
3698,2,132.0,95.0,162.0,125.0,True
3698,2,132.0,134.0,162.0,164.0,True
3698,2,171.0,173.0,201.0,203.0,True
3699,2,136.0,97.0,166.0,127.0,True
3699,2,136.0,136.0,166.0,166.0,True
3699,2,175.0,97.0,205.0,127.0,True
3700,2,22.0,22.0,52.0,52.0,True
3700,2,22.0,61.0,52.0,91.0,True
3700,2,61.0,100.0,91.0,130.0,True
3700,2,178.0,100.0,208.0,130.0,True
3701,2,23.0,19.0,53.0,49.0,True
3701,2,23.0,58.0,53.0,88.0,True
3701,2,62.0,97.0,92.0,127.0,True
3701,2,179.0,136.0,209.0,166.0,True
3702,2,20.0,15.0,50.0,45.0,True
3702,2,20.0,54.0,50.0,84.0,True
3702,2,98.0,132.0,128.0,162.0,True
3702,2,137.0,15.0,167.0,45.0,True
3703,2,18.0,14.0,48.0,44.0,True
3703,2,18.0,131.0,48.0,161.0,True
3703,2,57.0,14.0,87.0,44.0,True
3703,2,135.0,92.0,165.0,122.0,True
3704,2,19.0,25.0,49.0,55.0,True
3704,2,58.0,25.0,88.0,55.0,True
3704,2,58.0,103.0,88.0,133.0,True
3704,2,58.0,181.0,88.0,211.0,True
3705,2,19.0,23.0,49.0,53.0,True
3705,2,58.0,23.0,88.0,53.0,True
3705,2,58.0,101.0,88.0,131.0,True
3705,2,136.0,101.0,166.0,131.0,True
3706,2,21.0,15.0,51.0,45.0,True
3706,2,60.0,15.0,90.0,45.0,True
3706,2,60.0,171.0,90.0,201.0,True
3706,2,99.0,54.0,129.0,84.0,True
3707,2,22.0,20.0,52.0,50.0,True
3707,2,61.0,59.0,91.0,89.0,True
3707,2,61.0,176.0,91.0,206.0,True
3707,2,100.0,176.0,130.0,206.0,True
3708,2,15.0,20.0,45.0,50.0,True
3708,2,54.0,59.0,84.0,89.0,True
3708,2,132.0,20.0,162.0,50.0,True
3708,2,171.0,176.0,201.0,206.0,True
3709,2,15.0,24.0,45.0,54.0,True
3709,2,54.0,102.0,84.0,132.0,True
3709,2,93.0,141.0,123.0,171.0,True
3709,2,171.0,141.0,201.0,171.0,True
3710,2,18.0,22.0,48.0,52.0,True
3710,2,57.0,139.0,87.0,169.0,True
3710,2,96.0,139.0,126.0,169.0,True
3710,2,135.0,61.0,165.0,91.0,True
3711,2,17.0,19.0,47.0,49.0,True
3711,2,56.0,175.0,86.0,205.0,True
3711,2,95.0,97.0,125.0,127.0,True
3711,2,173.0,136.0,203.0,166.0,True
3712,2,14.0,24.0,44.0,54.0,True
3712,2,92.0,24.0,122.0,54.0,True
3712,2,92.0,141.0,122.0,171.0,True
3712,2,131.0,141.0,161.0,171.0,True
3713,2,19.0,16.0,49.0,46.0,True
3713,2,136.0,172.0,166.0,202.0,True
3713,2,175.0,94.0,205.0,124.0,True
3713,2,175.0,133.0,205.0,163.0,True
3714,2,15.0,59.0,45.0,89.0,True
3714,2,15.0,98.0,45.0,128.0,True
3714,2,54.0,59.0,84.0,89.0,True
3714,2,54.0,137.0,84.0,167.0,True
3715,2,21.0,59.0,51.0,89.0,True
3715,2,21.0,98.0,51.0,128.0,True
3715,2,138.0,20.0,168.0,50.0,True
3715,2,138.0,176.0,168.0,206.0,True
3716,2,23.0,64.0,53.0,94.0,True
3716,2,62.0,25.0,92.0,55.0,True
3716,2,62.0,103.0,92.0,133.0,True
3716,2,140.0,142.0,170.0,172.0,True
3717,2,23.0,60.0,53.0,90.0,True
3717,2,62.0,21.0,92.0,51.0,True
3717,2,101.0,21.0,131.0,51.0,True
3717,2,140.0,21.0,170.0,51.0,True
3718,2,25.0,57.0,55.0,87.0,True
3718,2,64.0,18.0,94.0,48.0,True
3718,2,103.0,57.0,133.0,87.0,True
3718,2,142.0,135.0,172.0,165.0,True
3719,2,21.0,56.0,51.0,86.0,True
3719,2,60.0,95.0,90.0,125.0,True
3719,2,60.0,173.0,90.0,203.0,True
3719,2,177.0,17.0,207.0,47.0,True
3720,2,17.0,58.0,47.0,88.0,True
3720,2,56.0,136.0,86.0,166.0,True
3720,2,95.0,58.0,125.0,88.0,True
3720,2,134.0,136.0,164.0,166.0,True
3721,2,22.0,59.0,52.0,89.0,True
3721,2,61.0,176.0,91.0,206.0,True
3721,2,139.0,98.0,169.0,128.0,True
3721,2,178.0,59.0,208.0,89.0,True
3722,2,20.0,64.0,50.0,94.0,True
3722,2,59.0,181.0,89.0,211.0,True
3722,2,137.0,181.0,167.0,211.0,True
3722,2,176.0,181.0,206.0,211.0,True
3723,2,18.0,62.0,48.0,92.0,True
3723,2,96.0,23.0,126.0,53.0,True
3723,2,96.0,101.0,126.0,131.0,True
3723,2,174.0,179.0,204.0,209.0,True
3724,2,21.0,56.0,51.0,86.0,True
3724,2,99.0,95.0,129.0,125.0,True
3724,2,138.0,17.0,168.0,47.0,True
3724,2,138.0,173.0,168.0,203.0,True
3725,2,17.0,55.0,47.0,85.0,True
3725,2,134.0,16.0,164.0,46.0,True
3725,2,134.0,94.0,164.0,124.0,True
3725,2,173.0,133.0,203.0,163.0,True
3726,2,14.0,55.0,44.0,85.0,True
3726,2,131.0,133.0,161.0,163.0,True
3726,2,170.0,55.0,200.0,85.0,True
3726,2,170.0,172.0,200.0,202.0,True
3727,2,17.0,96.0,47.0,126.0,True
3727,2,17.0,135.0,47.0,165.0,True
3727,2,17.0,174.0,47.0,204.0,True
3727,2,173.0,174.0,203.0,204.0,True
3728,2,24.0,101.0,54.0,131.0,True
3728,2,24.0,140.0,54.0,170.0,True
3728,2,63.0,62.0,93.0,92.0,True
3728,2,180.0,101.0,210.0,131.0,True
3729,2,25.0,100.0,55.0,130.0,True
3729,2,25.0,139.0,55.0,169.0,True
3729,2,103.0,22.0,133.0,52.0,True
3729,2,142.0,22.0,172.0,52.0,True
3730,2,22.0,96.0,52.0,126.0,True
3730,2,22.0,135.0,52.0,165.0,True
3730,2,100.0,174.0,130.0,204.0,True
3730,2,139.0,135.0,169.0,165.0,True
3731,2,20.0,103.0,50.0,133.0,True
3731,2,20.0,142.0,50.0,172.0,True
3731,2,137.0,64.0,167.0,94.0,True
3731,2,176.0,103.0,206.0,133.0,True
3732,2,19.0,93.0,49.0,123.0,True
3732,2,19.0,171.0,49.0,201.0,True
3732,2,58.0,15.0,88.0,45.0,True
3732,2,136.0,171.0,166.0,201.0,True
3733,2,18.0,97.0,48.0,127.0,True
3733,2,18.0,175.0,48.0,205.0,True
3733,2,96.0,58.0,126.0,88.0,True
3733,2,174.0,97.0,204.0,127.0,True
3734,2,14.0,95.0,44.0,125.0,True
3734,2,53.0,17.0,83.0,47.0,True
3734,2,131.0,17.0,161.0,47.0,True
3734,2,131.0,173.0,161.0,203.0,True
3735,2,14.0,98.0,44.0,128.0,True
3735,2,53.0,59.0,83.0,89.0,True
3735,2,53.0,98.0,83.0,128.0,True
3735,2,131.0,137.0,161.0,167.0,True
3736,2,17.0,100.0,47.0,130.0,True
3736,2,56.0,61.0,86.0,91.0,True
3736,2,95.0,100.0,125.0,130.0,True
3736,2,134.0,22.0,164.0,52.0,True
3737,2,17.0,103.0,47.0,133.0,True
3737,2,56.0,181.0,86.0,211.0,True
3737,2,173.0,64.0,203.0,94.0,True
3737,2,173.0,103.0,203.0,133.0,True
3738,2,22.0,96.0,52.0,126.0,True
3738,2,100.0,18.0,130.0,48.0,True
3738,2,178.0,18.0,208.0,48.0,True
3738,2,178.0,174.0,208.0,204.0,True
3739,2,20.0,136.0,50.0,166.0,True
3739,2,20.0,175.0,50.0,205.0,True
3739,2,59.0,58.0,89.0,88.0,True
3739,2,176.0,19.0,206.0,49.0,True
3740,2,20.0,135.0,50.0,165.0,True
3740,2,59.0,18.0,89.0,48.0,True
3740,2,59.0,57.0,89.0,87.0,True
3740,2,176.0,18.0,206.0,48.0,True
3741,2,23.0,141.0,53.0,171.0,True
3741,2,62.0,24.0,92.0,54.0,True
3741,2,101.0,141.0,131.0,171.0,True
3741,2,179.0,63.0,209.0,93.0,True
3742,2,15.0,137.0,45.0,167.0,True
3742,2,54.0,20.0,84.0,50.0,True
3742,2,93.0,176.0,123.0,206.0,True
3742,2,132.0,20.0,162.0,50.0,True
3743,2,21.0,141.0,51.0,171.0,True
3743,2,60.0,63.0,90.0,93.0,True
3743,2,60.0,180.0,90.0,210.0,True
3743,2,138.0,102.0,168.0,132.0,True
3744,2,22.0,135.0,52.0,165.0,True
3744,2,61.0,96.0,91.0,126.0,True
3744,2,100.0,96.0,130.0,126.0,True
3744,2,178.0,135.0,208.0,165.0,True
3745,2,20.0,135.0,50.0,165.0,True
3745,2,59.0,135.0,89.0,165.0,True
3745,2,98.0,96.0,128.0,126.0,True
3745,2,137.0,174.0,167.0,204.0,True
3746,2,22.0,134.0,52.0,164.0,True
3746,2,61.0,134.0,91.0,164.0,True
3746,2,139.0,134.0,169.0,164.0,True
3746,2,178.0,56.0,208.0,86.0,True
3747,2,17.0,131.0,47.0,161.0,True
3747,2,56.0,131.0,86.0,161.0,True
3747,2,134.0,170.0,164.0,200.0,True
3747,2,173.0,131.0,203.0,161.0,True
3748,2,23.0,135.0,53.0,165.0,True
3748,2,62.0,174.0,92.0,204.0,True
3748,2,101.0,57.0,131.0,87.0,True
3748,2,179.0,174.0,209.0,204.0,True
3749,2,25.0,141.0,55.0,171.0,True
3749,2,64.0,180.0,94.0,210.0,True
3749,2,142.0,63.0,172.0,93.0,True
3749,2,142.0,180.0,172.0,210.0,True
3750,2,17.0,137.0,47.0,167.0,True
3750,2,95.0,59.0,125.0,89.0,True
3750,2,134.0,20.0,164.0,50.0,True
3750,2,134.0,98.0,164.0,128.0,True
3751,2,19.0,176.0,49.0,206.0,True
3751,2,58.0,20.0,88.0,50.0,True
3751,2,58.0,98.0,88.0,128.0,True
3751,2,175.0,59.0,205.0,89.0,True
3752,2,25.0,171.0,55.0,201.0,True
3752,2,64.0,15.0,94.0,45.0,True
3752,2,103.0,132.0,133.0,162.0,True
3752,2,181.0,132.0,211.0,162.0,True
3753,2,22.0,176.0,52.0,206.0,True
3753,2,61.0,59.0,91.0,89.0,True
3753,2,61.0,176.0,91.0,206.0,True
3753,2,100.0,59.0,130.0,89.0,True
3754,2,19.0,170.0,49.0,200.0,True
3754,2,58.0,53.0,88.0,83.0,True
3754,2,97.0,170.0,127.0,200.0,True
3754,2,175.0,92.0,205.0,122.0,True
3755,2,23.0,178.0,53.0,208.0,True
3755,2,62.0,100.0,92.0,130.0,True
3755,2,62.0,178.0,92.0,208.0,True
3755,2,101.0,100.0,131.0,130.0,True
3756,2,24.0,175.0,54.0,205.0,True
3756,2,102.0,58.0,132.0,88.0,True
3756,2,102.0,175.0,132.0,205.0,True
3756,2,180.0,175.0,210.0,205.0,True
3757,2,21.0,170.0,51.0,200.0,True
3757,2,99.0,92.0,129.0,122.0,True
3757,2,99.0,170.0,129.0,200.0,True
3757,2,138.0,53.0,168.0,83.0,True
3758,2,24.0,177.0,54.0,207.0,True
3758,2,102.0,99.0,132.0,129.0,True
3758,2,141.0,99.0,171.0,129.0,True
3758,2,141.0,138.0,171.0,168.0,True
3759,2,24.0,181.0,54.0,211.0,True
3759,2,102.0,181.0,132.0,211.0,True
3759,2,141.0,103.0,171.0,133.0,True
3759,2,141.0,142.0,171.0,172.0,True
3760,2,24.0,170.0,54.0,200.0,True
3760,2,141.0,53.0,171.0,83.0,True
3760,2,141.0,92.0,171.0,122.0,True
3760,2,180.0,14.0,210.0,44.0,True
3761,2,14.0,174.0,44.0,204.0,True
3761,2,131.0,57.0,161.0,87.0,True
3761,2,131.0,96.0,161.0,126.0,True
3761,2,170.0,96.0,200.0,126.0,True
3762,2,16.0,178.0,46.0,208.0,True
3762,2,133.0,100.0,163.0,130.0,True
3762,2,133.0,139.0,163.0,169.0,True
3762,2,133.0,178.0,163.0,208.0,True
3763,2,20.0,177.0,50.0,207.0,True
3763,2,137.0,99.0,167.0,129.0,True
3763,2,176.0,99.0,206.0,129.0,True
3763,2,176.0,138.0,206.0,168.0,True
3764,2,56.0,21.0,86.0,51.0,True
3764,2,56.0,60.0,86.0,90.0,True
3764,2,56.0,99.0,86.0,129.0,True
3764,2,56.0,138.0,86.0,168.0,True
3765,2,63.0,20.0,93.0,50.0,True
3765,2,63.0,59.0,93.0,89.0,True
3765,2,63.0,176.0,93.0,206.0,True
3765,2,180.0,20.0,210.0,50.0,True
3766,2,62.0,21.0,92.0,51.0,True
3766,2,62.0,60.0,92.0,90.0,True
3766,2,101.0,21.0,131.0,51.0,True
3766,2,140.0,21.0,170.0,51.0,True
3767,2,60.0,18.0,90.0,48.0,True
3767,2,60.0,135.0,90.0,165.0,True
3767,2,99.0,18.0,129.0,48.0,True
3767,2,177.0,174.0,207.0,204.0,True
3768,2,61.0,24.0,91.0,54.0,True
3768,2,61.0,180.0,91.0,210.0,True
3768,2,139.0,102.0,169.0,132.0,True
3768,2,139.0,180.0,169.0,210.0,True
3769,2,59.0,14.0,89.0,44.0,True
3769,2,98.0,170.0,128.0,200.0,True
3769,2,137.0,131.0,167.0,161.0,True
3769,2,137.0,170.0,167.0,200.0,True
3770,2,58.0,24.0,88.0,54.0,True
3770,2,136.0,24.0,166.0,54.0,True
3770,2,136.0,141.0,166.0,171.0,True
3770,2,175.0,102.0,205.0,132.0,True
3771,2,57.0,18.0,87.0,48.0,True
3771,2,135.0,135.0,165.0,165.0,True
3771,2,174.0,57.0,204.0,87.0,True
3771,2,174.0,174.0,204.0,204.0,True
3772,2,57.0,54.0,87.0,84.0,True
3772,2,57.0,93.0,87.0,123.0,True
3772,2,57.0,171.0,87.0,201.0,True
3772,2,96.0,93.0,126.0,123.0,True
3773,2,61.0,61.0,91.0,91.0,True
3773,2,61.0,100.0,91.0,130.0,True
3773,2,100.0,139.0,130.0,169.0,True
3773,2,178.0,178.0,208.0,208.0,True
3774,2,63.0,63.0,93.0,93.0,True
3774,2,63.0,141.0,93.0,171.0,True
3774,2,102.0,102.0,132.0,132.0,True
3774,2,180.0,102.0,210.0,132.0,True
3775,2,56.0,59.0,86.0,89.0,True
3775,2,56.0,176.0,86.0,206.0,True
3775,2,95.0,59.0,125.0,89.0,True
3775,2,173.0,59.0,203.0,89.0,True
3776,2,59.0,53.0,89.0,83.0,True
3776,2,59.0,170.0,89.0,200.0,True
3776,2,98.0,92.0,128.0,122.0,True
3776,2,176.0,170.0,206.0,200.0,True
3777,2,59.0,102.0,89.0,132.0,True
3777,2,59.0,141.0,89.0,171.0,True
3777,2,98.0,180.0,128.0,210.0,True
3777,2,176.0,63.0,206.0,93.0,True
3778,2,62.0,102.0,92.0,132.0,True
3778,2,101.0,102.0,131.0,132.0,True
3778,2,140.0,141.0,170.0,171.0,True
3778,2,179.0,24.0,209.0,54.0,True
3779,2,62.0,99.0,92.0,129.0,True
3779,2,101.0,177.0,131.0,207.0,True
3779,2,140.0,138.0,170.0,168.0,True
3779,2,140.0,177.0,170.0,207.0,True
3780,2,64.0,134.0,94.0,164.0,True
3780,2,64.0,173.0,94.0,203.0,True
3780,2,142.0,56.0,172.0,86.0,True
3780,2,142.0,95.0,172.0,125.0,True
3781,2,60.0,134.0,90.0,164.0,True
3781,2,99.0,17.0,129.0,47.0,True
3781,2,99.0,95.0,129.0,125.0,True
3781,2,138.0,95.0,168.0,125.0,True
3782,2,56.0,136.0,86.0,166.0,True
3782,2,95.0,58.0,125.0,88.0,True
3782,2,95.0,136.0,125.0,166.0,True
3782,2,173.0,19.0,203.0,49.0,True
3783,2,60.0,139.0,90.0,169.0,True
3783,2,99.0,139.0,129.0,169.0,True
3783,2,138.0,139.0,168.0,169.0,True
3783,2,177.0,139.0,207.0,169.0,True
3784,2,61.0,139.0,91.0,169.0,True
3784,2,100.0,178.0,130.0,208.0,True
3784,2,178.0,22.0,208.0,52.0,True
3784,2,178.0,178.0,208.0,208.0,True
3785,2,59.0,172.0,89.0,202.0,True
3785,2,98.0,94.0,128.0,124.0,True
3785,2,98.0,172.0,128.0,202.0,True
3785,2,176.0,55.0,206.0,85.0,True
3786,2,57.0,171.0,87.0,201.0,True
3786,2,96.0,93.0,126.0,123.0,True
3786,2,135.0,54.0,165.0,84.0,True
3786,2,135.0,132.0,165.0,162.0,True
3787,2,60.0,173.0,90.0,203.0,True
3787,2,99.0,173.0,129.0,203.0,True
3787,2,177.0,17.0,207.0,47.0,True
3787,2,177.0,95.0,207.0,125.0,True
3788,2,63.0,175.0,93.0,205.0,True
3788,2,180.0,97.0,210.0,127.0,True
3788,2,180.0,136.0,210.0,166.0,True
3788,2,180.0,175.0,210.0,205.0,True
3789,2,93.0,22.0,123.0,52.0,True
3789,2,132.0,61.0,162.0,91.0,True
3789,2,132.0,100.0,162.0,130.0,True
3789,2,132.0,178.0,162.0,208.0,True
3790,2,102.0,62.0,132.0,92.0,True
3790,2,102.0,101.0,132.0,131.0,True
3790,2,102.0,140.0,132.0,170.0,True
3790,2,141.0,179.0,171.0,209.0,True
3791,2,99.0,62.0,129.0,92.0,True
3791,2,99.0,101.0,129.0,131.0,True
3791,2,99.0,179.0,129.0,209.0,True
3791,2,138.0,101.0,168.0,131.0,True
3792,2,99.0,58.0,129.0,88.0,True
3792,2,99.0,136.0,129.0,166.0,True
3792,2,138.0,97.0,168.0,127.0,True
3792,2,177.0,19.0,207.0,49.0,True
3793,2,97.0,60.0,127.0,90.0,True
3793,2,97.0,138.0,127.0,168.0,True
3793,2,136.0,138.0,166.0,168.0,True
3793,2,175.0,60.0,205.0,90.0,True
3794,2,103.0,55.0,133.0,85.0,True
3794,2,142.0,16.0,172.0,46.0,True
3794,2,142.0,94.0,172.0,124.0,True
3794,2,181.0,16.0,211.0,46.0,True
3795,2,94.0,57.0,124.0,87.0,True
3795,2,133.0,57.0,163.0,87.0,True
3795,2,133.0,135.0,163.0,165.0,True
3795,2,172.0,18.0,202.0,48.0,True
3796,2,102.0,62.0,132.0,92.0,True
3796,2,141.0,179.0,171.0,209.0,True
3796,2,180.0,140.0,210.0,170.0,True
3796,2,180.0,179.0,210.0,209.0,True
3797,2,93.0,57.0,123.0,87.0,True
3797,2,171.0,57.0,201.0,87.0,True
3797,2,171.0,96.0,201.0,126.0,True
3797,2,171.0,174.0,201.0,204.0,True
3798,2,100.0,142.0,130.0,172.0,True
3798,2,100.0,181.0,130.0,211.0,True
3798,2,139.0,64.0,169.0,94.0,True
3798,2,178.0,64.0,208.0,94.0,True
3799,2,133.0,93.0,163.0,123.0,True
3799,2,133.0,132.0,163.0,162.0,True
3799,2,133.0,171.0,163.0,201.0,True
3799,2,172.0,54.0,202.0,84.0,True
3800,2,14.0,171.0,44.0,201.0,True
3800,2,53.0,15.0,83.0,45.0,True
3800,2,53.0,93.0,83.0,123.0,True
3800,2,92.0,15.0,122.0,45.0,True
3800,2,131.0,15.0,161.0,45.0,True
3800,2,131.0,171.0,161.0,201.0,True
3800,2,170.0,54.0,200.0,84.0,True
3801,2,18.0,100.0,48.0,130.0,True
3801,2,18.0,139.0,48.0,169.0,True
3801,2,57.0,100.0,87.0,130.0,True
3801,2,57.0,139.0,87.0,169.0,True
3801,2,57.0,178.0,87.0,208.0,True
3801,2,135.0,22.0,165.0,52.0,True
3801,2,135.0,61.0,165.0,91.0,True
3802,2,64.0,58.0,94.0,88.0,True
3802,2,64.0,175.0,94.0,205.0,True
3802,2,103.0,97.0,133.0,127.0,True
3802,2,142.0,19.0,172.0,49.0,True
3802,2,142.0,97.0,172.0,127.0,True
3802,2,142.0,136.0,172.0,166.0,True
3802,2,181.0,19.0,211.0,49.0,True
3803,2,18.0,171.0,48.0,201.0,True
3803,2,57.0,15.0,87.0,45.0,True
3803,2,57.0,132.0,87.0,162.0,True
3803,2,57.0,171.0,87.0,201.0,True
3803,2,135.0,171.0,165.0,201.0,True
3803,2,174.0,15.0,204.0,45.0,True
3803,2,174.0,132.0,204.0,162.0,True
3804,2,23.0,61.0,53.0,91.0,True
3804,2,23.0,100.0,53.0,130.0,True
3804,2,23.0,178.0,53.0,208.0,True
3804,2,140.0,22.0,170.0,52.0,True
3804,2,179.0,22.0,209.0,52.0,True
3804,2,179.0,100.0,209.0,130.0,True
3804,2,179.0,139.0,209.0,169.0,True
3805,2,20.0,15.0,50.0,45.0,True
3805,2,59.0,54.0,89.0,84.0,True
3805,2,59.0,132.0,89.0,162.0,True
3805,2,98.0,132.0,128.0,162.0,True
3805,2,137.0,171.0,167.0,201.0,True
3805,2,176.0,15.0,206.0,45.0,True
3805,2,176.0,54.0,206.0,84.0,True
3806,2,25.0,57.0,55.0,87.0,True
3806,2,64.0,174.0,94.0,204.0,True
3806,2,103.0,57.0,133.0,87.0,True
3806,2,103.0,174.0,133.0,204.0,True
3806,2,142.0,18.0,172.0,48.0,True
3806,2,181.0,18.0,211.0,48.0,True
3806,2,181.0,174.0,211.0,204.0,True
3807,2,15.0,22.0,45.0,52.0,True
3807,2,54.0,22.0,84.0,52.0,True
3807,2,93.0,100.0,123.0,130.0,True
3807,2,132.0,100.0,162.0,130.0,True
3807,2,132.0,178.0,162.0,208.0,True
3807,2,171.0,139.0,201.0,169.0,True
3807,2,171.0,178.0,201.0,208.0,True
3808,2,61.0,172.0,91.0,202.0,True
3808,2,100.0,55.0,130.0,85.0,True
3808,2,100.0,133.0,130.0,163.0,True
3808,2,100.0,172.0,130.0,202.0,True
3808,2,139.0,16.0,169.0,46.0,True
3808,2,139.0,172.0,169.0,202.0,True
3808,2,178.0,55.0,208.0,85.0,True
3809,2,23.0,20.0,53.0,50.0,True
3809,2,23.0,98.0,53.0,128.0,True
3809,2,23.0,176.0,53.0,206.0,True
3809,2,62.0,59.0,92.0,89.0,True
3809,2,140.0,59.0,170.0,89.0,True
3809,2,179.0,98.0,209.0,128.0,True
3809,2,179.0,176.0,209.0,206.0,True
3810,2,62.0,15.0,92.0,45.0,True
3810,2,62.0,54.0,92.0,84.0,True
3810,2,101.0,132.0,131.0,162.0,True
3810,2,140.0,15.0,170.0,45.0,True
3810,2,140.0,132.0,170.0,162.0,True
3810,2,179.0,15.0,209.0,45.0,True
3810,2,179.0,54.0,209.0,84.0,True
3811,2,25.0,137.0,55.0,167.0,True
3811,2,64.0,98.0,94.0,128.0,True
3811,2,64.0,176.0,94.0,206.0,True
3811,2,142.0,20.0,172.0,50.0,True
3811,2,142.0,59.0,172.0,89.0,True
3811,2,142.0,176.0,172.0,206.0,True
3811,2,181.0,20.0,211.0,50.0,True
3812,2,24.0,181.0,54.0,211.0,True
3812,2,102.0,181.0,132.0,211.0,True
3812,2,141.0,25.0,171.0,55.0,True
3812,2,141.0,103.0,171.0,133.0,True
3812,2,141.0,181.0,171.0,211.0,True
3812,2,180.0,25.0,210.0,55.0,True
3812,2,180.0,181.0,210.0,211.0,True
3813,2,17.0,93.0,47.0,123.0,True
3813,2,56.0,15.0,86.0,45.0,True
3813,2,134.0,54.0,164.0,84.0,True
3813,2,173.0,15.0,203.0,45.0,True
3813,2,173.0,93.0,203.0,123.0,True
3813,2,173.0,132.0,203.0,162.0,True
3813,2,173.0,171.0,203.0,201.0,True
3814,2,22.0,54.0,52.0,84.0,True
3814,2,61.0,15.0,91.0,45.0,True
3814,2,61.0,132.0,91.0,162.0,True
3814,2,100.0,54.0,130.0,84.0,True
3814,2,100.0,132.0,130.0,162.0,True
3814,2,139.0,93.0,169.0,123.0,True
3814,2,178.0,15.0,208.0,45.0,True
3815,2,17.0,100.0,47.0,130.0,True
3815,2,56.0,61.0,86.0,91.0,True
3815,2,95.0,61.0,125.0,91.0,True
3815,2,95.0,100.0,125.0,130.0,True
3815,2,134.0,61.0,164.0,91.0,True
3815,2,134.0,178.0,164.0,208.0,True
3815,2,173.0,100.0,203.0,130.0,True
3816,2,22.0,17.0,52.0,47.0,True
3816,2,22.0,56.0,52.0,86.0,True
3816,2,61.0,134.0,91.0,164.0,True
3816,2,100.0,56.0,130.0,86.0,True
3816,2,178.0,17.0,208.0,47.0,True
3816,2,178.0,95.0,208.0,125.0,True
3816,2,178.0,134.0,208.0,164.0,True
3817,2,21.0,131.0,51.0,161.0,True
3817,2,21.0,170.0,51.0,200.0,True
3817,2,99.0,14.0,129.0,44.0,True
3817,2,138.0,14.0,168.0,44.0,True
3817,2,138.0,131.0,168.0,161.0,True
3817,2,138.0,170.0,168.0,200.0,True
3817,2,177.0,170.0,207.0,200.0,True
3818,2,22.0,93.0,52.0,123.0,True
3818,2,100.0,54.0,130.0,84.0,True
3818,2,100.0,171.0,130.0,201.0,True
3818,2,139.0,132.0,169.0,162.0,True
3818,2,139.0,171.0,169.0,201.0,True
3818,2,178.0,93.0,208.0,123.0,True
3818,2,178.0,132.0,208.0,162.0,True
3819,2,16.0,139.0,46.0,169.0,True
3819,2,55.0,22.0,85.0,52.0,True
3819,2,94.0,61.0,124.0,91.0,True
3819,2,94.0,100.0,124.0,130.0,True
3819,2,133.0,61.0,163.0,91.0,True
3819,2,172.0,22.0,202.0,52.0,True
3819,2,172.0,100.0,202.0,130.0,True
3820,2,14.0,59.0,44.0,89.0,True
3820,2,14.0,137.0,44.0,167.0,True
3820,2,92.0,98.0,122.0,128.0,True
3820,2,92.0,137.0,122.0,167.0,True
3820,2,92.0,176.0,122.0,206.0,True
3820,2,131.0,176.0,161.0,206.0,True
3820,2,170.0,176.0,200.0,206.0,True
3821,2,14.0,174.0,44.0,204.0,True
3821,2,53.0,96.0,83.0,126.0,True
3821,2,53.0,174.0,83.0,204.0,True
3821,2,92.0,18.0,122.0,48.0,True
3821,2,92.0,57.0,122.0,87.0,True
3821,2,131.0,18.0,161.0,48.0,True
3821,2,131.0,174.0,161.0,204.0,True
3822,2,22.0,95.0,52.0,125.0,True
3822,2,22.0,134.0,52.0,164.0,True
3822,2,100.0,95.0,130.0,125.0,True
3822,2,139.0,17.0,169.0,47.0,True
3822,2,178.0,17.0,208.0,47.0,True
3822,2,178.0,134.0,208.0,164.0,True
3822,2,178.0,173.0,208.0,203.0,True
3823,2,15.0,132.0,45.0,162.0,True
3823,2,15.0,171.0,45.0,201.0,True
3823,2,54.0,171.0,84.0,201.0,True
3823,2,93.0,15.0,123.0,45.0,True
3823,2,132.0,54.0,162.0,84.0,True
3823,2,171.0,15.0,201.0,45.0,True
3823,2,171.0,132.0,201.0,162.0,True
3824,2,21.0,177.0,51.0,207.0,True
3824,2,99.0,99.0,129.0,129.0,True
3824,2,138.0,21.0,168.0,51.0,True
3824,2,138.0,60.0,168.0,90.0,True
3824,2,138.0,138.0,168.0,168.0,True
3824,2,138.0,177.0,168.0,207.0,True
3824,2,177.0,60.0,207.0,90.0,True
3825,2,24.0,24.0,54.0,54.0,True
3825,2,102.0,24.0,132.0,54.0,True
3825,2,102.0,63.0,132.0,93.0,True
3825,2,102.0,180.0,132.0,210.0,True
3825,2,141.0,180.0,171.0,210.0,True
3825,2,180.0,24.0,210.0,54.0,True
3825,2,180.0,102.0,210.0,132.0,True
3826,2,56.0,99.0,86.0,129.0,True
3826,2,56.0,177.0,86.0,207.0,True
3826,2,95.0,21.0,125.0,51.0,True
3826,2,95.0,138.0,125.0,168.0,True
3826,2,95.0,177.0,125.0,207.0,True
3826,2,134.0,99.0,164.0,129.0,True
3826,2,173.0,138.0,203.0,168.0,True
3827,2,24.0,180.0,54.0,210.0,True
3827,2,63.0,102.0,93.0,132.0,True
3827,2,63.0,141.0,93.0,171.0,True
3827,2,63.0,180.0,93.0,210.0,True
3827,2,102.0,102.0,132.0,132.0,True
3827,2,102.0,180.0,132.0,210.0,True
3827,2,141.0,102.0,171.0,132.0,True
3828,2,57.0,24.0,87.0,54.0,True
3828,2,57.0,141.0,87.0,171.0,True
3828,2,96.0,63.0,126.0,93.0,True
3828,2,96.0,102.0,126.0,132.0,True
3828,2,135.0,102.0,165.0,132.0,True
3828,2,174.0,102.0,204.0,132.0,True
3828,2,174.0,141.0,204.0,171.0,True
3829,2,15.0,15.0,45.0,45.0,True
3829,2,15.0,171.0,45.0,201.0,True
3829,2,54.0,15.0,84.0,45.0,True
3829,2,54.0,54.0,84.0,84.0,True
3829,2,54.0,93.0,84.0,123.0,True
3829,2,54.0,171.0,84.0,201.0,True
3829,2,93.0,171.0,123.0,201.0,True
3830,2,62.0,93.0,92.0,123.0,True
3830,2,101.0,54.0,131.0,84.0,True
3830,2,140.0,54.0,170.0,84.0,True
3830,2,140.0,171.0,170.0,201.0,True
3830,2,179.0,54.0,209.0,84.0,True
3830,2,179.0,93.0,209.0,123.0,True
3830,2,179.0,132.0,209.0,162.0,True
3831,2,22.0,181.0,52.0,211.0,True
3831,2,61.0,25.0,91.0,55.0,True
3831,2,61.0,142.0,91.0,172.0,True
3831,2,139.0,64.0,169.0,94.0,True
3831,2,139.0,142.0,169.0,172.0,True
3831,2,178.0,25.0,208.0,55.0,True
3831,2,178.0,142.0,208.0,172.0,True
3832,2,14.0,21.0,44.0,51.0,True
3832,2,14.0,60.0,44.0,90.0,True
3832,2,53.0,60.0,83.0,90.0,True
3832,2,53.0,177.0,83.0,207.0,True
3832,2,92.0,99.0,122.0,129.0,True
3832,2,131.0,138.0,161.0,168.0,True
3832,2,170.0,138.0,200.0,168.0,True
3833,2,20.0,58.0,50.0,88.0,True
3833,2,20.0,136.0,50.0,166.0,True
3833,2,98.0,58.0,128.0,88.0,True
3833,2,98.0,136.0,128.0,166.0,True
3833,2,137.0,58.0,167.0,88.0,True
3833,2,137.0,97.0,167.0,127.0,True
3833,2,137.0,175.0,167.0,205.0,True
3834,2,25.0,95.0,55.0,125.0,True
3834,2,64.0,56.0,94.0,86.0,True
3834,2,64.0,134.0,94.0,164.0,True
3834,2,103.0,17.0,133.0,47.0,True
3834,2,103.0,95.0,133.0,125.0,True
3834,2,142.0,173.0,172.0,203.0,True
3834,2,181.0,17.0,211.0,47.0,True
3835,2,24.0,53.0,54.0,83.0,True
3835,2,24.0,131.0,54.0,161.0,True
3835,2,63.0,170.0,93.0,200.0,True
3835,2,102.0,92.0,132.0,122.0,True
3835,2,141.0,14.0,171.0,44.0,True
3835,2,141.0,131.0,171.0,161.0,True
3835,2,180.0,53.0,210.0,83.0,True
3836,2,63.0,94.0,93.0,124.0,True
3836,2,63.0,133.0,93.0,163.0,True
3836,2,102.0,16.0,132.0,46.0,True
3836,2,102.0,94.0,132.0,124.0,True
3836,2,102.0,172.0,132.0,202.0,True
3836,2,141.0,55.0,171.0,85.0,True
3836,2,180.0,172.0,210.0,202.0,True
3837,2,17.0,18.0,47.0,48.0,True
3837,2,56.0,135.0,86.0,165.0,True
3837,2,95.0,18.0,125.0,48.0,True
3837,2,95.0,57.0,125.0,87.0,True
3837,2,173.0,57.0,203.0,87.0,True
3837,2,173.0,96.0,203.0,126.0,True
3837,2,173.0,174.0,203.0,204.0,True
3838,2,16.0,54.0,46.0,84.0,True
3838,2,94.0,15.0,124.0,45.0,True
3838,2,94.0,132.0,124.0,162.0,True
3838,2,133.0,171.0,163.0,201.0,True
3838,2,172.0,15.0,202.0,45.0,True
3838,2,172.0,54.0,202.0,84.0,True
3838,2,172.0,132.0,202.0,162.0,True
3839,2,16.0,94.0,46.0,124.0,True
3839,2,16.0,133.0,46.0,163.0,True
3839,2,16.0,172.0,46.0,202.0,True
3839,2,94.0,94.0,124.0,124.0,True
3839,2,94.0,172.0,124.0,202.0,True
3839,2,133.0,16.0,163.0,46.0,True
3839,2,133.0,94.0,163.0,124.0,True
3840,2,18.0,25.0,48.0,55.0,True
3840,2,57.0,64.0,87.0,94.0,True
3840,2,57.0,142.0,87.0,172.0,True
3840,2,96.0,142.0,126.0,172.0,True
3840,2,135.0,142.0,165.0,172.0,True
3840,2,135.0,181.0,165.0,211.0,True
3840,2,174.0,64.0,204.0,94.0,True
3841,2,58.0,22.0,88.0,52.0,True
3841,2,58.0,100.0,88.0,130.0,True
3841,2,58.0,139.0,88.0,169.0,True
3841,2,97.0,22.0,127.0,52.0,True
3841,2,97.0,178.0,127.0,208.0,True
3841,2,175.0,22.0,205.0,52.0,True
3841,2,175.0,178.0,205.0,208.0,True
3842,2,24.0,19.0,54.0,49.0,True
3842,2,24.0,58.0,54.0,88.0,True
3842,2,63.0,58.0,93.0,88.0,True
3842,2,102.0,19.0,132.0,49.0,True
3842,2,102.0,58.0,132.0,88.0,True
3842,2,141.0,58.0,171.0,88.0,True
3842,2,180.0,58.0,210.0,88.0,True
3843,2,14.0,15.0,44.0,45.0,True
3843,2,14.0,54.0,44.0,84.0,True
3843,2,14.0,171.0,44.0,201.0,True
3843,2,92.0,15.0,122.0,45.0,True
3843,2,92.0,93.0,122.0,123.0,True
3843,2,131.0,15.0,161.0,45.0,True
3843,2,170.0,132.0,200.0,162.0,True
3844,2,16.0,94.0,46.0,124.0,True
3844,2,16.0,133.0,46.0,163.0,True
3844,2,55.0,172.0,85.0,202.0,True
3844,2,94.0,16.0,124.0,46.0,True
3844,2,94.0,172.0,124.0,202.0,True
3844,2,133.0,133.0,163.0,163.0,True
3844,2,133.0,172.0,163.0,202.0,True
3845,2,21.0,137.0,51.0,167.0,True
3845,2,60.0,59.0,90.0,89.0,True
3845,2,60.0,176.0,90.0,206.0,True
3845,2,99.0,59.0,129.0,89.0,True
3845,2,99.0,176.0,129.0,206.0,True
3845,2,138.0,137.0,168.0,167.0,True
3845,2,177.0,98.0,207.0,128.0,True
3846,2,18.0,22.0,48.0,52.0,True
3846,2,18.0,61.0,48.0,91.0,True
3846,2,57.0,22.0,87.0,52.0,True
3846,2,57.0,61.0,87.0,91.0,True
3846,2,96.0,61.0,126.0,91.0,True
3846,2,174.0,61.0,204.0,91.0,True
3846,2,174.0,100.0,204.0,130.0,True
3847,2,21.0,18.0,51.0,48.0,True
3847,2,21.0,174.0,51.0,204.0,True
3847,2,60.0,96.0,90.0,126.0,True
3847,2,60.0,174.0,90.0,204.0,True
3847,2,99.0,18.0,129.0,48.0,True
3847,2,99.0,174.0,129.0,204.0,True
3847,2,138.0,135.0,168.0,165.0,True
3848,2,103.0,59.0,133.0,89.0,True
3848,2,103.0,137.0,133.0,167.0,True
3848,2,142.0,20.0,172.0,50.0,True
3848,2,142.0,59.0,172.0,89.0,True
3848,2,142.0,98.0,172.0,128.0,True
3848,2,181.0,98.0,211.0,128.0,True
3848,2,181.0,176.0,211.0,206.0,True
3849,2,21.0,59.0,51.0,89.0,True
3849,2,21.0,176.0,51.0,206.0,True
3849,2,60.0,20.0,90.0,50.0,True
3849,2,60.0,137.0,90.0,167.0,True
3849,2,99.0,20.0,129.0,50.0,True
3849,2,138.0,20.0,168.0,50.0,True
3849,2,138.0,98.0,168.0,128.0,True
3850,2,61.0,25.0,91.0,55.0,True
3850,2,61.0,64.0,91.0,94.0,True
3850,2,100.0,25.0,130.0,55.0,True
3850,2,139.0,103.0,169.0,133.0,True
3850,2,139.0,142.0,169.0,172.0,True
3850,2,139.0,181.0,169.0,211.0,True
3850,2,178.0,25.0,208.0,55.0,True
3851,2,17.0,23.0,47.0,53.0,True
3851,2,17.0,140.0,47.0,170.0,True
3851,2,17.0,179.0,47.0,209.0,True
3851,2,56.0,62.0,86.0,92.0,True
3851,2,95.0,23.0,125.0,53.0,True
3851,2,134.0,140.0,164.0,170.0,True
3851,2,173.0,23.0,203.0,53.0,True
3852,2,63.0,58.0,93.0,88.0,True
3852,2,63.0,136.0,93.0,166.0,True
3852,2,102.0,19.0,132.0,49.0,True
3852,2,102.0,136.0,132.0,166.0,True
3852,2,141.0,19.0,171.0,49.0,True
3852,2,141.0,175.0,171.0,205.0,True
3852,2,180.0,175.0,210.0,205.0,True
3853,2,64.0,64.0,94.0,94.0,True
3853,2,103.0,181.0,133.0,211.0,True
3853,2,142.0,64.0,172.0,94.0,True
3853,2,181.0,25.0,211.0,55.0,True
3853,2,181.0,64.0,211.0,94.0,True
3853,2,181.0,142.0,211.0,172.0,True
3853,2,181.0,181.0,211.0,211.0,True
3854,2,19.0,178.0,49.0,208.0,True
3854,2,58.0,61.0,88.0,91.0,True
3854,2,97.0,61.0,127.0,91.0,True
3854,2,97.0,178.0,127.0,208.0,True
3854,2,175.0,22.0,205.0,52.0,True
3854,2,175.0,100.0,205.0,130.0,True
3854,2,175.0,178.0,205.0,208.0,True
3855,2,18.0,171.0,48.0,201.0,True
3855,2,57.0,93.0,87.0,123.0,True
3855,2,57.0,132.0,87.0,162.0,True
3855,2,96.0,15.0,126.0,45.0,True
3855,2,135.0,54.0,165.0,84.0,True
3855,2,135.0,171.0,165.0,201.0,True
3855,2,174.0,15.0,204.0,45.0,True
3856,2,25.0,25.0,55.0,55.0,True
3856,2,64.0,25.0,94.0,55.0,True
3856,2,64.0,142.0,94.0,172.0,True
3856,2,103.0,25.0,133.0,55.0,True
3856,2,142.0,25.0,172.0,55.0,True
3856,2,142.0,142.0,172.0,172.0,True
3856,2,181.0,64.0,211.0,94.0,True
3857,2,22.0,25.0,52.0,55.0,True
3857,2,22.0,64.0,52.0,94.0,True
3857,2,22.0,103.0,52.0,133.0,True
3857,2,178.0,25.0,208.0,55.0,True
3857,2,178.0,64.0,208.0,94.0,True
3857,2,178.0,103.0,208.0,133.0,True
3857,2,178.0,142.0,208.0,172.0,True
3858,2,14.0,132.0,44.0,162.0,True
3858,2,14.0,171.0,44.0,201.0,True
3858,2,53.0,171.0,83.0,201.0,True
3858,2,131.0,54.0,161.0,84.0,True
3858,2,170.0,15.0,200.0,45.0,True
3858,2,170.0,132.0,200.0,162.0,True
3858,2,170.0,171.0,200.0,201.0,True
3859,2,24.0,17.0,54.0,47.0,True
3859,2,24.0,95.0,54.0,125.0,True
3859,2,24.0,134.0,54.0,164.0,True
3859,2,63.0,95.0,93.0,125.0,True
3859,2,102.0,17.0,132.0,47.0,True
3859,2,102.0,134.0,132.0,164.0,True
3859,2,141.0,95.0,171.0,125.0,True
3860,2,62.0,174.0,92.0,204.0,True
3860,2,101.0,18.0,131.0,48.0,True
3860,2,101.0,135.0,131.0,165.0,True
3860,2,140.0,18.0,170.0,48.0,True
3860,2,140.0,57.0,170.0,87.0,True
3860,2,179.0,57.0,209.0,87.0,True
3860,2,179.0,96.0,209.0,126.0,True
3861,2,23.0,141.0,53.0,171.0,True
3861,2,101.0,180.0,131.0,210.0,True
3861,2,140.0,141.0,170.0,171.0,True
3861,2,140.0,180.0,170.0,210.0,True
3861,2,179.0,24.0,209.0,54.0,True
3861,2,179.0,63.0,209.0,93.0,True
3861,2,179.0,141.0,209.0,171.0,True
3862,2,18.0,22.0,48.0,52.0,True
3862,2,57.0,61.0,87.0,91.0,True
3862,2,96.0,139.0,126.0,169.0,True
3862,2,135.0,61.0,165.0,91.0,True
3862,2,135.0,178.0,165.0,208.0,True
3862,2,174.0,22.0,204.0,52.0,True
3862,2,174.0,61.0,204.0,91.0,True
3863,2,25.0,138.0,55.0,168.0,True
3863,2,25.0,177.0,55.0,207.0,True
3863,2,103.0,138.0,133.0,168.0,True
3863,2,142.0,177.0,172.0,207.0,True
3863,2,181.0,60.0,211.0,90.0,True
3863,2,181.0,138.0,211.0,168.0,True
3863,2,181.0,177.0,211.0,207.0,True
3864,2,24.0,25.0,54.0,55.0,True
3864,2,63.0,25.0,93.0,55.0,True
3864,2,63.0,64.0,93.0,94.0,True
3864,2,102.0,25.0,132.0,55.0,True
3864,2,102.0,142.0,132.0,172.0,True
3864,2,141.0,142.0,171.0,172.0,True
3864,2,141.0,181.0,171.0,211.0,True
3865,2,15.0,174.0,45.0,204.0,True
3865,2,54.0,57.0,84.0,87.0,True
3865,2,54.0,96.0,84.0,126.0,True
3865,2,54.0,135.0,84.0,165.0,True
3865,2,132.0,18.0,162.0,48.0,True
3865,2,132.0,174.0,162.0,204.0,True
3865,2,171.0,96.0,201.0,126.0,True
3866,2,15.0,14.0,45.0,44.0,True
3866,2,54.0,53.0,84.0,83.0,True
3866,2,54.0,131.0,84.0,161.0,True
3866,2,54.0,170.0,84.0,200.0,True
3866,2,93.0,14.0,123.0,44.0,True
3866,2,93.0,131.0,123.0,161.0,True
3866,2,132.0,131.0,162.0,161.0,True
3867,2,24.0,59.0,54.0,89.0,True
3867,2,24.0,98.0,54.0,128.0,True
3867,2,63.0,176.0,93.0,206.0,True
3867,2,102.0,20.0,132.0,50.0,True
3867,2,102.0,98.0,132.0,128.0,True
3867,2,180.0,59.0,210.0,89.0,True
3867,2,180.0,137.0,210.0,167.0,True
3868,2,22.0,131.0,52.0,161.0,True
3868,2,22.0,170.0,52.0,200.0,True
3868,2,61.0,92.0,91.0,122.0,True
3868,2,61.0,170.0,91.0,200.0,True
3868,2,100.0,131.0,130.0,161.0,True
3868,2,139.0,14.0,169.0,44.0,True
3868,2,139.0,53.0,169.0,83.0,True
3869,2,17.0,55.0,47.0,85.0,True
3869,2,17.0,133.0,47.0,163.0,True
3869,2,56.0,16.0,86.0,46.0,True
3869,2,56.0,55.0,86.0,85.0,True
3869,2,56.0,94.0,86.0,124.0,True
3869,2,95.0,16.0,125.0,46.0,True
3869,2,173.0,133.0,203.0,163.0,True
3870,2,21.0,134.0,51.0,164.0,True
3870,2,21.0,173.0,51.0,203.0,True
3870,2,60.0,17.0,90.0,47.0,True
3870,2,60.0,134.0,90.0,164.0,True
3870,2,99.0,56.0,129.0,86.0,True
3870,2,138.0,17.0,168.0,47.0,True
3870,2,177.0,56.0,207.0,86.0,True
3871,2,18.0,16.0,48.0,46.0,True
3871,2,57.0,94.0,87.0,124.0,True
3871,2,57.0,172.0,87.0,202.0,True
3871,2,96.0,55.0,126.0,85.0,True
3871,2,96.0,172.0,126.0,202.0,True
3871,2,135.0,16.0,165.0,46.0,True
3871,2,174.0,133.0,204.0,163.0,True
3872,2,16.0,63.0,46.0,93.0,True
3872,2,16.0,102.0,46.0,132.0,True
3872,2,55.0,63.0,85.0,93.0,True
3872,2,133.0,24.0,163.0,54.0,True
3872,2,133.0,63.0,163.0,93.0,True
3872,2,133.0,102.0,163.0,132.0,True
3872,2,172.0,102.0,202.0,132.0,True
3873,2,23.0,63.0,53.0,93.0,True
3873,2,62.0,24.0,92.0,54.0,True
3873,2,101.0,24.0,131.0,54.0,True
3873,2,101.0,102.0,131.0,132.0,True
3873,2,101.0,180.0,131.0,210.0,True
3873,2,140.0,180.0,170.0,210.0,True
3873,2,179.0,141.0,209.0,171.0,True
3874,2,20.0,103.0,50.0,133.0,True
3874,2,59.0,142.0,89.0,172.0,True
3874,2,98.0,142.0,128.0,172.0,True
3874,2,137.0,25.0,167.0,55.0,True
3874,2,137.0,64.0,167.0,94.0,True
3874,2,137.0,103.0,167.0,133.0,True
3874,2,176.0,64.0,206.0,94.0,True
3875,2,53.0,136.0,83.0,166.0,True
3875,2,92.0,97.0,122.0,127.0,True
3875,2,92.0,175.0,122.0,205.0,True
3875,2,131.0,136.0,161.0,166.0,True
3875,2,170.0,58.0,200.0,88.0,True
3875,2,170.0,97.0,200.0,127.0,True
3875,2,170.0,136.0,200.0,166.0,True
3876,2,17.0,25.0,47.0,55.0,True
3876,2,17.0,64.0,47.0,94.0,True
3876,2,134.0,25.0,164.0,55.0,True
3876,2,134.0,142.0,164.0,172.0,True
3876,2,134.0,181.0,164.0,211.0,True
3876,2,173.0,64.0,203.0,94.0,True
3876,2,173.0,103.0,203.0,133.0,True
3877,2,57.0,24.0,87.0,54.0,True
3877,2,57.0,102.0,87.0,132.0,True
3877,2,57.0,141.0,87.0,171.0,True
3877,2,96.0,180.0,126.0,210.0,True
3877,2,174.0,24.0,204.0,54.0,True
3877,2,174.0,102.0,204.0,132.0,True
3877,2,174.0,141.0,204.0,171.0,True
3878,2,15.0,19.0,45.0,49.0,True
3878,2,15.0,58.0,45.0,88.0,True
3878,2,15.0,97.0,45.0,127.0,True
3878,2,54.0,97.0,84.0,127.0,True
3878,2,132.0,58.0,162.0,88.0,True
3878,2,171.0,97.0,201.0,127.0,True
3878,2,171.0,136.0,201.0,166.0,True
3879,2,22.0,23.0,52.0,53.0,True
3879,2,22.0,101.0,52.0,131.0,True
3879,2,61.0,23.0,91.0,53.0,True
3879,2,100.0,23.0,130.0,53.0,True
3879,2,100.0,140.0,130.0,170.0,True
3879,2,178.0,23.0,208.0,53.0,True
3879,2,178.0,62.0,208.0,92.0,True
3880,2,24.0,100.0,54.0,130.0,True
3880,2,63.0,22.0,93.0,52.0,True
3880,2,63.0,139.0,93.0,169.0,True
3880,2,102.0,100.0,132.0,130.0,True
3880,2,102.0,178.0,132.0,208.0,True
3880,2,141.0,61.0,171.0,91.0,True
3880,2,180.0,178.0,210.0,208.0,True
3881,2,21.0,100.0,51.0,130.0,True
3881,2,60.0,22.0,90.0,52.0,True
3881,2,60.0,100.0,90.0,130.0,True
3881,2,60.0,178.0,90.0,208.0,True
3881,2,138.0,22.0,168.0,52.0,True
3881,2,177.0,61.0,207.0,91.0,True
3881,2,177.0,139.0,207.0,169.0,True
3882,2,22.0,22.0,52.0,52.0,True
3882,2,61.0,100.0,91.0,130.0,True
3882,2,61.0,178.0,91.0,208.0,True
3882,2,100.0,100.0,130.0,130.0,True
3882,2,139.0,61.0,169.0,91.0,True
3882,2,139.0,100.0,169.0,130.0,True
3882,2,178.0,178.0,208.0,208.0,True
3883,2,25.0,97.0,55.0,127.0,True
3883,2,64.0,19.0,94.0,49.0,True
3883,2,64.0,97.0,94.0,127.0,True
3883,2,64.0,175.0,94.0,205.0,True
3883,2,142.0,58.0,172.0,88.0,True
3883,2,142.0,175.0,172.0,205.0,True
3883,2,181.0,97.0,211.0,127.0,True
3884,2,16.0,22.0,46.0,52.0,True
3884,2,16.0,178.0,46.0,208.0,True
3884,2,55.0,61.0,85.0,91.0,True
3884,2,94.0,22.0,124.0,52.0,True
3884,2,94.0,100.0,124.0,130.0,True
3884,2,133.0,139.0,163.0,169.0,True
3884,2,172.0,178.0,202.0,208.0,True
3885,2,16.0,16.0,46.0,46.0,True
3885,2,16.0,133.0,46.0,163.0,True
3885,2,55.0,172.0,85.0,202.0,True
3885,2,94.0,55.0,124.0,85.0,True
3885,2,94.0,133.0,124.0,163.0,True
3885,2,133.0,133.0,163.0,163.0,True
3885,2,172.0,55.0,202.0,85.0,True
3886,2,53.0,135.0,83.0,165.0,True
3886,2,92.0,96.0,122.0,126.0,True
3886,2,92.0,135.0,122.0,165.0,True
3886,2,92.0,174.0,122.0,204.0,True
3886,2,131.0,18.0,161.0,48.0,True
3886,2,131.0,57.0,161.0,87.0,True
3886,2,131.0,96.0,161.0,126.0,True
3887,2,16.0,18.0,46.0,48.0,True
3887,2,16.0,57.0,46.0,87.0,True
3887,2,16.0,135.0,46.0,165.0,True
3887,2,55.0,96.0,85.0,126.0,True
3887,2,94.0,174.0,124.0,204.0,True
3887,2,133.0,18.0,163.0,48.0,True
3887,2,172.0,174.0,202.0,204.0,True
3888,2,23.0,176.0,53.0,206.0,True
3888,2,101.0,20.0,131.0,50.0,True
3888,2,101.0,59.0,131.0,89.0,True
3888,2,140.0,20.0,170.0,50.0,True
3888,2,179.0,20.0,209.0,50.0,True
3888,2,179.0,137.0,209.0,167.0,True
3888,2,179.0,176.0,209.0,206.0,True
3889,2,21.0,174.0,51.0,204.0,True
3889,2,60.0,57.0,90.0,87.0,True
3889,2,60.0,135.0,90.0,165.0,True
3889,2,138.0,18.0,168.0,48.0,True
3889,2,138.0,174.0,168.0,204.0,True
3889,2,177.0,96.0,207.0,126.0,True
3889,2,177.0,135.0,207.0,165.0,True
3890,2,15.0,99.0,45.0,129.0,True
3890,2,54.0,138.0,84.0,168.0,True
3890,2,93.0,138.0,123.0,168.0,True
3890,2,132.0,60.0,162.0,90.0,True
3890,2,132.0,99.0,162.0,129.0,True
3890,2,171.0,60.0,201.0,90.0,True
3890,2,171.0,99.0,201.0,129.0,True
3891,2,18.0,20.0,48.0,50.0,True
3891,2,18.0,137.0,48.0,167.0,True
3891,2,57.0,20.0,87.0,50.0,True
3891,2,57.0,98.0,87.0,128.0,True
3891,2,135.0,59.0,165.0,89.0,True
3891,2,174.0,98.0,204.0,128.0,True
3891,2,174.0,137.0,204.0,167.0,True
3892,2,19.0,100.0,49.0,130.0,True
3892,2,19.0,139.0,49.0,169.0,True
3892,2,58.0,100.0,88.0,130.0,True
3892,2,58.0,139.0,88.0,169.0,True
3892,2,97.0,100.0,127.0,130.0,True
3892,2,136.0,22.0,166.0,52.0,True
3892,2,136.0,139.0,166.0,169.0,True
3893,2,14.0,100.0,44.0,130.0,True
3893,2,14.0,178.0,44.0,208.0,True
3893,2,53.0,22.0,83.0,52.0,True
3893,2,53.0,100.0,83.0,130.0,True
3893,2,92.0,22.0,122.0,52.0,True
3893,2,92.0,178.0,122.0,208.0,True
3893,2,170.0,22.0,200.0,52.0,True
3894,2,23.0,61.0,53.0,91.0,True
3894,2,62.0,139.0,92.0,169.0,True
3894,2,62.0,178.0,92.0,208.0,True
3894,2,140.0,22.0,170.0,52.0,True
3894,2,179.0,22.0,209.0,52.0,True
3894,2,179.0,61.0,209.0,91.0,True
3894,2,179.0,139.0,209.0,169.0,True
3895,2,63.0,99.0,93.0,129.0,True
3895,2,63.0,177.0,93.0,207.0,True
3895,2,102.0,138.0,132.0,168.0,True
3895,2,102.0,177.0,132.0,207.0,True
3895,2,141.0,21.0,171.0,51.0,True
3895,2,141.0,177.0,171.0,207.0,True
3895,2,180.0,99.0,210.0,129.0,True
3896,2,17.0,98.0,47.0,128.0,True
3896,2,17.0,137.0,47.0,167.0,True
3896,2,95.0,137.0,125.0,167.0,True
3896,2,95.0,176.0,125.0,206.0,True
3896,2,134.0,20.0,164.0,50.0,True
3896,2,134.0,176.0,164.0,206.0,True
3896,2,173.0,176.0,203.0,206.0,True
3897,2,14.0,102.0,44.0,132.0,True
3897,2,53.0,24.0,83.0,54.0,True
3897,2,92.0,63.0,122.0,93.0,True
3897,2,92.0,102.0,122.0,132.0,True
3897,2,131.0,24.0,161.0,54.0,True
3897,2,131.0,180.0,161.0,210.0,True
3897,2,170.0,63.0,200.0,93.0,True
3898,2,21.0,19.0,51.0,49.0,True
3898,2,21.0,175.0,51.0,205.0,True
3898,2,99.0,58.0,129.0,88.0,True
3898,2,99.0,97.0,129.0,127.0,True
3898,2,99.0,136.0,129.0,166.0,True
3898,2,138.0,19.0,168.0,49.0,True
3898,2,177.0,19.0,207.0,49.0,True
3899,2,22.0,53.0,52.0,83.0,True
3899,2,61.0,92.0,91.0,122.0,True
3899,2,100.0,53.0,130.0,83.0,True
3899,2,139.0,92.0,169.0,122.0,True
3899,2,139.0,131.0,169.0,161.0,True
3899,2,178.0,14.0,208.0,44.0,True
3899,2,178.0,92.0,208.0,122.0,True
3900,2,19.0,170.0,49.0,200.0,True
3900,2,58.0,53.0,88.0,83.0,True
3900,2,58.0,170.0,88.0,200.0,True
3900,2,97.0,14.0,127.0,44.0,True
3900,2,97.0,170.0,127.0,200.0,True
3900,2,175.0,53.0,205.0,83.0,True
3900,2,175.0,92.0,205.0,122.0,True
3900,2,175.0,131.0,205.0,161.0,True
3901,2,13.0,56.0,43.0,86.0,True
3901,2,13.0,134.0,43.0,164.0,True
3901,2,52.0,17.0,82.0,47.0,True
3901,2,52.0,95.0,82.0,125.0,True
3901,2,52.0,134.0,82.0,164.0,True
3901,2,91.0,17.0,121.0,47.0,True
3901,2,91.0,95.0,121.0,125.0,True
3901,2,169.0,173.0,199.0,203.0,True
3902,2,17.0,91.0,47.0,121.0,True
3902,2,95.0,13.0,125.0,43.0,True
3902,2,95.0,169.0,125.0,199.0,True
3902,2,134.0,13.0,164.0,43.0,True
3902,2,134.0,169.0,164.0,199.0,True
3902,2,173.0,52.0,203.0,82.0,True
3902,2,173.0,130.0,203.0,160.0,True
3902,2,173.0,169.0,203.0,199.0,True
3903,2,17.0,13.0,47.0,43.0,True
3903,2,17.0,91.0,47.0,121.0,True
3903,2,56.0,13.0,86.0,43.0,True
3903,2,56.0,52.0,86.0,82.0,True
3903,2,56.0,169.0,86.0,199.0,True
3903,2,95.0,130.0,125.0,160.0,True
3903,2,134.0,13.0,164.0,43.0,True
3903,2,173.0,91.0,203.0,121.0,True
3904,2,17.0,172.0,47.0,202.0,True
3904,2,56.0,16.0,86.0,46.0,True
3904,2,56.0,55.0,86.0,85.0,True
3904,2,95.0,94.0,125.0,124.0,True
3904,2,95.0,172.0,125.0,202.0,True
3904,2,134.0,172.0,164.0,202.0,True
3904,2,173.0,55.0,203.0,85.0,True
3904,2,173.0,94.0,203.0,124.0,True
3905,2,15.0,14.0,45.0,44.0,True
3905,2,15.0,170.0,45.0,200.0,True
3905,2,54.0,92.0,84.0,122.0,True
3905,2,54.0,170.0,84.0,200.0,True
3905,2,93.0,53.0,123.0,83.0,True
3905,2,93.0,131.0,123.0,161.0,True
3905,2,132.0,131.0,162.0,161.0,True
3905,2,171.0,92.0,201.0,122.0,True
3906,2,24.0,20.0,54.0,50.0,True
3906,2,24.0,176.0,54.0,206.0,True
3906,2,63.0,20.0,93.0,50.0,True
3906,2,63.0,137.0,93.0,167.0,True
3906,2,63.0,176.0,93.0,206.0,True
3906,2,102.0,59.0,132.0,89.0,True
3906,2,141.0,59.0,171.0,89.0,True
3906,2,180.0,20.0,210.0,50.0,True
3907,2,18.0,16.0,48.0,46.0,True
3907,2,18.0,133.0,48.0,163.0,True
3907,2,18.0,172.0,48.0,202.0,True
3907,2,57.0,172.0,87.0,202.0,True
3907,2,96.0,16.0,126.0,46.0,True
3907,2,135.0,55.0,165.0,85.0,True
3907,2,135.0,133.0,165.0,163.0,True
3907,2,174.0,16.0,204.0,46.0,True
3908,2,24.0,60.0,54.0,90.0,True
3908,2,24.0,138.0,54.0,168.0,True
3908,2,63.0,21.0,93.0,51.0,True
3908,2,102.0,60.0,132.0,90.0,True
3908,2,102.0,138.0,132.0,168.0,True
3908,2,102.0,177.0,132.0,207.0,True
3908,2,141.0,60.0,171.0,90.0,True
3908,2,141.0,138.0,171.0,168.0,True
3909,2,21.0,14.0,51.0,44.0,True
3909,2,21.0,92.0,51.0,122.0,True
3909,2,60.0,14.0,90.0,44.0,True
3909,2,99.0,14.0,129.0,44.0,True
3909,2,99.0,170.0,129.0,200.0,True
3909,2,138.0,53.0,168.0,83.0,True
3909,2,138.0,92.0,168.0,122.0,True
3909,2,177.0,53.0,207.0,83.0,True
3910,2,23.0,19.0,53.0,49.0,True
3910,2,23.0,58.0,53.0,88.0,True
3910,2,23.0,136.0,53.0,166.0,True
3910,2,23.0,175.0,53.0,205.0,True
3910,2,101.0,58.0,131.0,88.0,True
3910,2,101.0,97.0,131.0,127.0,True
3910,2,179.0,58.0,209.0,88.0,True
3910,2,179.0,136.0,209.0,166.0,True
3911,2,59.0,91.0,89.0,121.0,True
3911,2,98.0,13.0,128.0,43.0,True
3911,2,98.0,91.0,128.0,121.0,True
3911,2,98.0,130.0,128.0,160.0,True
3911,2,137.0,13.0,167.0,43.0,True
3911,2,176.0,13.0,206.0,43.0,True
3911,2,176.0,91.0,206.0,121.0,True
3911,2,176.0,130.0,206.0,160.0,True
3912,2,19.0,138.0,49.0,168.0,True
3912,2,58.0,138.0,88.0,168.0,True
3912,2,136.0,21.0,166.0,51.0,True
3912,2,136.0,99.0,166.0,129.0,True
3912,2,136.0,138.0,166.0,168.0,True
3912,2,136.0,177.0,166.0,207.0,True
3912,2,175.0,60.0,205.0,90.0,True
3912,2,175.0,138.0,205.0,168.0,True
3913,2,23.0,58.0,53.0,88.0,True
3913,2,62.0,136.0,92.0,166.0,True
3913,2,62.0,175.0,92.0,205.0,True
3913,2,101.0,19.0,131.0,49.0,True
3913,2,101.0,136.0,131.0,166.0,True
3913,2,140.0,19.0,170.0,49.0,True
3913,2,140.0,97.0,170.0,127.0,True
3913,2,179.0,136.0,209.0,166.0,True
3914,2,59.0,94.0,89.0,124.0,True
3914,2,59.0,172.0,89.0,202.0,True
3914,2,98.0,16.0,128.0,46.0,True
3914,2,98.0,133.0,128.0,163.0,True
3914,2,137.0,133.0,167.0,163.0,True
3914,2,137.0,172.0,167.0,202.0,True
3914,2,176.0,94.0,206.0,124.0,True
3914,2,176.0,172.0,206.0,202.0,True
3915,2,22.0,130.0,52.0,160.0,True
3915,2,22.0,169.0,52.0,199.0,True
3915,2,100.0,13.0,130.0,43.0,True
3915,2,100.0,91.0,130.0,121.0,True
3915,2,100.0,169.0,130.0,199.0,True
3915,2,139.0,130.0,169.0,160.0,True
3915,2,178.0,52.0,208.0,82.0,True
3915,2,178.0,169.0,208.0,199.0,True
3916,2,23.0,134.0,53.0,164.0,True
3916,2,62.0,17.0,92.0,47.0,True
3916,2,62.0,134.0,92.0,164.0,True
3916,2,101.0,95.0,131.0,125.0,True
3916,2,101.0,134.0,131.0,164.0,True
3916,2,140.0,134.0,170.0,164.0,True
3916,2,140.0,173.0,170.0,203.0,True
3916,2,179.0,17.0,209.0,47.0,True
3917,2,15.0,130.0,45.0,160.0,True
3917,2,54.0,13.0,84.0,43.0,True
3917,2,54.0,52.0,84.0,82.0,True
3917,2,54.0,91.0,84.0,121.0,True
3917,2,93.0,52.0,123.0,82.0,True
3917,2,132.0,13.0,162.0,43.0,True
3917,2,132.0,91.0,162.0,121.0,True
3917,2,171.0,91.0,201.0,121.0,True
3918,2,24.0,171.0,54.0,201.0,True
3918,2,63.0,15.0,93.0,45.0,True
3918,2,63.0,132.0,93.0,162.0,True
3918,2,102.0,54.0,132.0,84.0,True
3918,2,102.0,171.0,132.0,201.0,True
3918,2,141.0,15.0,171.0,45.0,True
3918,2,180.0,54.0,210.0,84.0,True
3918,2,180.0,93.0,210.0,123.0,True
3919,2,14.0,169.0,44.0,199.0,True
3919,2,53.0,13.0,83.0,43.0,True
3919,2,53.0,91.0,83.0,121.0,True
3919,2,53.0,130.0,83.0,160.0,True
3919,2,92.0,91.0,122.0,121.0,True
3919,2,131.0,52.0,161.0,82.0,True
3919,2,131.0,169.0,161.0,199.0,True
3919,2,170.0,169.0,200.0,199.0,True
3920,2,15.0,63.0,45.0,93.0,True
3920,2,54.0,24.0,84.0,54.0,True
3920,2,54.0,141.0,84.0,171.0,True
3920,2,93.0,141.0,123.0,171.0,True
3920,2,132.0,141.0,162.0,171.0,True
3920,2,171.0,24.0,201.0,54.0,True
3920,2,171.0,102.0,201.0,132.0,True
3920,2,171.0,141.0,201.0,171.0,True
3921,2,19.0,99.0,49.0,129.0,True
3921,2,19.0,138.0,49.0,168.0,True
3921,2,58.0,99.0,88.0,129.0,True
3921,2,58.0,138.0,88.0,168.0,True
3921,2,97.0,138.0,127.0,168.0,True
3921,2,97.0,177.0,127.0,207.0,True
3921,2,136.0,138.0,166.0,168.0,True
3921,2,175.0,177.0,205.0,207.0,True
3922,2,55.0,58.0,85.0,88.0,True
3922,2,55.0,175.0,85.0,205.0,True
3922,2,94.0,19.0,124.0,49.0,True
3922,2,133.0,19.0,163.0,49.0,True
3922,2,133.0,97.0,163.0,127.0,True
3922,2,172.0,19.0,202.0,49.0,True
3922,2,172.0,97.0,202.0,127.0,True
3922,2,172.0,175.0,202.0,205.0,True
3923,2,18.0,55.0,48.0,85.0,True
3923,2,18.0,94.0,48.0,124.0,True
3923,2,18.0,133.0,48.0,163.0,True
3923,2,96.0,172.0,126.0,202.0,True
3923,2,135.0,94.0,165.0,124.0,True
3923,2,135.0,133.0,165.0,163.0,True
3923,2,174.0,16.0,204.0,46.0,True
3923,2,174.0,172.0,204.0,202.0,True
3924,2,20.0,138.0,50.0,168.0,True
3924,2,59.0,60.0,89.0,90.0,True
3924,2,59.0,99.0,89.0,129.0,True
3924,2,59.0,138.0,89.0,168.0,True
3924,2,137.0,60.0,167.0,90.0,True
3924,2,137.0,99.0,167.0,129.0,True
3924,2,137.0,177.0,167.0,207.0,True
3924,2,176.0,21.0,206.0,51.0,True
3925,2,17.0,57.0,47.0,87.0,True
3925,2,17.0,174.0,47.0,204.0,True
3925,2,56.0,96.0,86.0,126.0,True
3925,2,56.0,174.0,86.0,204.0,True
3925,2,95.0,96.0,125.0,126.0,True
3925,2,134.0,18.0,164.0,48.0,True
3925,2,134.0,96.0,164.0,126.0,True
3925,2,173.0,135.0,203.0,165.0,True
3926,2,13.0,23.0,43.0,53.0,True
3926,2,13.0,101.0,43.0,131.0,True
3926,2,52.0,23.0,82.0,53.0,True
3926,2,52.0,62.0,82.0,92.0,True
3926,2,52.0,140.0,82.0,170.0,True
3926,2,52.0,179.0,82.0,209.0,True
3926,2,130.0,62.0,160.0,92.0,True
3926,2,169.0,140.0,199.0,170.0,True
3927,2,14.0,60.0,44.0,90.0,True
3927,2,53.0,21.0,83.0,51.0,True
3927,2,53.0,138.0,83.0,168.0,True
3927,2,92.0,138.0,122.0,168.0,True
3927,2,131.0,21.0,161.0,51.0,True
3927,2,131.0,138.0,161.0,168.0,True
3927,2,170.0,60.0,200.0,90.0,True
3927,2,170.0,99.0,200.0,129.0,True
3928,2,16.0,15.0,46.0,45.0,True
3928,2,16.0,132.0,46.0,162.0,True
3928,2,55.0,132.0,85.0,162.0,True
3928,2,94.0,54.0,124.0,84.0,True
3928,2,94.0,132.0,124.0,162.0,True
3928,2,94.0,171.0,124.0,201.0,True
3928,2,133.0,93.0,163.0,123.0,True
3928,2,133.0,132.0,163.0,162.0,True
3929,2,53.0,53.0,83.0,83.0,True
3929,2,53.0,92.0,83.0,122.0,True
3929,2,53.0,131.0,83.0,161.0,True
3929,2,92.0,131.0,122.0,161.0,True
3929,2,92.0,170.0,122.0,200.0,True
3929,2,131.0,131.0,161.0,161.0,True
3929,2,131.0,170.0,161.0,200.0,True
3929,2,170.0,170.0,200.0,200.0,True
3930,2,16.0,101.0,46.0,131.0,True
3930,2,55.0,23.0,85.0,53.0,True
3930,2,55.0,62.0,85.0,92.0,True
3930,2,55.0,179.0,85.0,209.0,True
3930,2,94.0,140.0,124.0,170.0,True
3930,2,94.0,179.0,124.0,209.0,True
3930,2,133.0,101.0,163.0,131.0,True
3930,2,172.0,101.0,202.0,131.0,True
3931,2,16.0,17.0,46.0,47.0,True
3931,2,16.0,56.0,46.0,86.0,True
3931,2,16.0,95.0,46.0,125.0,True
3931,2,16.0,173.0,46.0,203.0,True
3931,2,133.0,95.0,163.0,125.0,True
3931,2,133.0,173.0,163.0,203.0,True
3931,2,172.0,134.0,202.0,164.0,True
3931,2,172.0,173.0,202.0,203.0,True
3932,2,22.0,23.0,52.0,53.0,True
3932,2,22.0,62.0,52.0,92.0,True
3932,2,22.0,140.0,52.0,170.0,True
3932,2,61.0,179.0,91.0,209.0,True
3932,2,100.0,140.0,130.0,170.0,True
3932,2,139.0,101.0,169.0,131.0,True
3932,2,178.0,23.0,208.0,53.0,True
3932,2,178.0,62.0,208.0,92.0,True
3933,2,15.0,56.0,45.0,86.0,True
3933,2,54.0,134.0,84.0,164.0,True
3933,2,93.0,17.0,123.0,47.0,True
3933,2,93.0,56.0,123.0,86.0,True
3933,2,93.0,173.0,123.0,203.0,True
3933,2,132.0,17.0,162.0,47.0,True
3933,2,171.0,17.0,201.0,47.0,True
3933,2,171.0,56.0,201.0,86.0,True
3934,2,23.0,54.0,53.0,84.0,True
3934,2,23.0,93.0,53.0,123.0,True
3934,2,23.0,171.0,53.0,201.0,True
3934,2,62.0,93.0,92.0,123.0,True
3934,2,101.0,132.0,131.0,162.0,True
3934,2,140.0,15.0,170.0,45.0,True
3934,2,140.0,54.0,170.0,84.0,True
3934,2,140.0,171.0,170.0,201.0,True
3935,2,19.0,55.0,49.0,85.0,True
3935,2,58.0,94.0,88.0,124.0,True
3935,2,97.0,94.0,127.0,124.0,True
3935,2,136.0,16.0,166.0,46.0,True
3935,2,136.0,55.0,166.0,85.0,True
3935,2,136.0,94.0,166.0,124.0,True
3935,2,175.0,94.0,205.0,124.0,True
3935,2,175.0,172.0,205.0,202.0,True
3936,2,22.0,62.0,52.0,92.0,True
3936,2,22.0,101.0,52.0,131.0,True
3936,2,61.0,101.0,91.0,131.0,True
3936,2,100.0,62.0,130.0,92.0,True
3936,2,100.0,179.0,130.0,209.0,True
3936,2,139.0,101.0,169.0,131.0,True
3936,2,139.0,140.0,169.0,170.0,True
3936,2,178.0,140.0,208.0,170.0,True
3937,2,22.0,98.0,52.0,128.0,True
3937,2,61.0,59.0,91.0,89.0,True
3937,2,61.0,137.0,91.0,167.0,True
3937,2,61.0,176.0,91.0,206.0,True
3937,2,100.0,20.0,130.0,50.0,True
3937,2,100.0,137.0,130.0,167.0,True
3937,2,139.0,20.0,169.0,50.0,True
3937,2,139.0,98.0,169.0,128.0,True
3938,2,14.0,18.0,44.0,48.0,True
3938,2,14.0,57.0,44.0,87.0,True
3938,2,14.0,135.0,44.0,165.0,True
3938,2,92.0,18.0,122.0,48.0,True
3938,2,92.0,96.0,122.0,126.0,True
3938,2,131.0,57.0,161.0,87.0,True
3938,2,131.0,96.0,161.0,126.0,True
3938,2,170.0,57.0,200.0,87.0,True
3939,2,18.0,91.0,48.0,121.0,True
3939,2,57.0,52.0,87.0,82.0,True
3939,2,57.0,91.0,87.0,121.0,True
3939,2,57.0,130.0,87.0,160.0,True
3939,2,96.0,91.0,126.0,121.0,True
3939,2,135.0,91.0,165.0,121.0,True
3939,2,174.0,13.0,204.0,43.0,True
3939,2,174.0,91.0,204.0,121.0,True
3940,2,21.0,92.0,51.0,122.0,True
3940,2,21.0,131.0,51.0,161.0,True
3940,2,60.0,131.0,90.0,161.0,True
3940,2,60.0,170.0,90.0,200.0,True
3940,2,99.0,53.0,129.0,83.0,True
3940,2,99.0,92.0,129.0,122.0,True
3940,2,138.0,53.0,168.0,83.0,True
3940,2,177.0,170.0,207.0,200.0,True
3941,2,18.0,94.0,48.0,124.0,True
3941,2,18.0,133.0,48.0,163.0,True
3941,2,57.0,133.0,87.0,163.0,True
3941,2,96.0,55.0,126.0,85.0,True
3941,2,135.0,16.0,165.0,46.0,True
3941,2,135.0,55.0,165.0,85.0,True
3941,2,135.0,94.0,165.0,124.0,True
3941,2,174.0,55.0,204.0,85.0,True
3942,2,55.0,55.0,85.0,85.0,True
3942,2,55.0,133.0,85.0,163.0,True
3942,2,94.0,55.0,124.0,85.0,True
3942,2,133.0,55.0,163.0,85.0,True
3942,2,133.0,94.0,163.0,124.0,True
3942,2,133.0,133.0,163.0,163.0,True
3942,2,172.0,16.0,202.0,46.0,True
3942,2,172.0,94.0,202.0,124.0,True
3943,2,22.0,21.0,52.0,51.0,True
3943,2,22.0,138.0,52.0,168.0,True
3943,2,61.0,21.0,91.0,51.0,True
3943,2,61.0,60.0,91.0,90.0,True
3943,2,61.0,99.0,91.0,129.0,True
3943,2,100.0,21.0,130.0,51.0,True
3943,2,100.0,60.0,130.0,90.0,True
3943,2,139.0,60.0,169.0,90.0,True
3944,2,20.0,95.0,50.0,125.0,True
3944,2,59.0,95.0,89.0,125.0,True
3944,2,59.0,173.0,89.0,203.0,True
3944,2,98.0,17.0,128.0,47.0,True
3944,2,137.0,56.0,167.0,86.0,True
3944,2,137.0,134.0,167.0,164.0,True
3944,2,176.0,56.0,206.0,86.0,True
3944,2,176.0,134.0,206.0,164.0,True
3945,2,14.0,131.0,44.0,161.0,True
3945,2,53.0,14.0,83.0,44.0,True
3945,2,92.0,92.0,122.0,122.0,True
3945,2,131.0,92.0,161.0,122.0,True
3945,2,131.0,170.0,161.0,200.0,True
3945,2,170.0,14.0,200.0,44.0,True
3945,2,170.0,53.0,200.0,83.0,True
3945,2,170.0,92.0,200.0,122.0,True
3946,2,14.0,19.0,44.0,49.0,True
3946,2,14.0,58.0,44.0,88.0,True
3946,2,14.0,97.0,44.0,127.0,True
3946,2,14.0,175.0,44.0,205.0,True
3946,2,53.0,97.0,83.0,127.0,True
3946,2,92.0,19.0,122.0,49.0,True
3946,2,131.0,58.0,161.0,88.0,True
3946,2,131.0,136.0,161.0,166.0,True
3947,2,24.0,18.0,54.0,48.0,True
3947,2,63.0,18.0,93.0,48.0,True
3947,2,63.0,174.0,93.0,204.0,True
3947,2,102.0,57.0,132.0,87.0,True
3947,2,102.0,135.0,132.0,165.0,True
3947,2,141.0,57.0,171.0,87.0,True
3947,2,141.0,96.0,171.0,126.0,True
3947,2,141.0,174.0,171.0,204.0,True
3948,2,18.0,16.0,48.0,46.0,True
3948,2,18.0,133.0,48.0,163.0,True
3948,2,57.0,94.0,87.0,124.0,True
3948,2,57.0,172.0,87.0,202.0,True
3948,2,96.0,16.0,126.0,46.0,True
3948,2,96.0,94.0,126.0,124.0,True
3948,2,135.0,55.0,165.0,85.0,True
3948,2,135.0,133.0,165.0,163.0,True
3949,2,13.0,60.0,43.0,90.0,True
3949,2,13.0,138.0,43.0,168.0,True
3949,2,52.0,99.0,82.0,129.0,True
3949,2,91.0,21.0,121.0,51.0,True
3949,2,91.0,138.0,121.0,168.0,True
3949,2,130.0,60.0,160.0,90.0,True
3949,2,130.0,177.0,160.0,207.0,True
3949,2,169.0,99.0,199.0,129.0,True
3950,2,21.0,20.0,51.0,50.0,True
3950,2,21.0,176.0,51.0,206.0,True
3950,2,60.0,20.0,90.0,50.0,True
3950,2,60.0,176.0,90.0,206.0,True
3950,2,99.0,20.0,129.0,50.0,True
3950,2,99.0,176.0,129.0,206.0,True
3950,2,138.0,59.0,168.0,89.0,True
3950,2,177.0,98.0,207.0,128.0,True
3951,2,15.0,19.0,45.0,49.0,True
3951,2,15.0,58.0,45.0,88.0,True
3951,2,54.0,58.0,84.0,88.0,True
3951,2,54.0,175.0,84.0,205.0,True
3951,2,93.0,97.0,123.0,127.0,True
3951,2,132.0,58.0,162.0,88.0,True
3951,2,132.0,136.0,162.0,166.0,True
3951,2,171.0,175.0,201.0,205.0,True
3952,2,24.0,19.0,54.0,49.0,True
3952,2,24.0,136.0,54.0,166.0,True
3952,2,63.0,136.0,93.0,166.0,True
3952,2,102.0,175.0,132.0,205.0,True
3952,2,141.0,97.0,171.0,127.0,True
3952,2,180.0,97.0,210.0,127.0,True
3952,2,180.0,136.0,210.0,166.0,True
3952,2,180.0,175.0,210.0,205.0,True
3953,2,15.0,130.0,45.0,160.0,True
3953,2,54.0,52.0,84.0,82.0,True
3953,2,93.0,13.0,123.0,43.0,True
3953,2,93.0,169.0,123.0,199.0,True
3953,2,132.0,130.0,162.0,160.0,True
3953,2,171.0,13.0,201.0,43.0,True
3953,2,171.0,52.0,201.0,82.0,True
3953,2,171.0,169.0,201.0,199.0,True
3954,2,94.0,14.0,124.0,44.0,True
3954,2,94.0,92.0,124.0,122.0,True
3954,2,94.0,131.0,124.0,161.0,True
3954,2,94.0,170.0,124.0,200.0,True
3954,2,133.0,14.0,163.0,44.0,True
3954,2,133.0,131.0,163.0,161.0,True
3954,2,172.0,131.0,202.0,161.0,True
3954,2,172.0,170.0,202.0,200.0,True
3955,2,21.0,54.0,51.0,84.0,True
3955,2,21.0,93.0,51.0,123.0,True
3955,2,60.0,54.0,90.0,84.0,True
3955,2,60.0,171.0,90.0,201.0,True
3955,2,99.0,93.0,129.0,123.0,True
3955,2,138.0,15.0,168.0,45.0,True
3955,2,138.0,171.0,168.0,201.0,True
3955,2,177.0,171.0,207.0,201.0,True
3956,2,13.0,24.0,43.0,54.0,True
3956,2,13.0,102.0,43.0,132.0,True
3956,2,52.0,180.0,82.0,210.0,True
3956,2,91.0,63.0,121.0,93.0,True
3956,2,91.0,141.0,121.0,171.0,True
3956,2,91.0,180.0,121.0,210.0,True
3956,2,130.0,102.0,160.0,132.0,True
3956,2,169.0,24.0,199.0,54.0,True
3957,2,18.0,20.0,48.0,50.0,True
3957,2,57.0,98.0,87.0,128.0,True
3957,2,57.0,137.0,87.0,167.0,True
3957,2,96.0,137.0,126.0,167.0,True
3957,2,135.0,20.0,165.0,50.0,True
3957,2,135.0,59.0,165.0,89.0,True
3957,2,174.0,20.0,204.0,50.0,True
3957,2,174.0,176.0,204.0,206.0,True
3958,2,54.0,15.0,84.0,45.0,True
3958,2,54.0,93.0,84.0,123.0,True
3958,2,54.0,132.0,84.0,162.0,True
3958,2,93.0,15.0,123.0,45.0,True
3958,2,132.0,15.0,162.0,45.0,True
3958,2,132.0,93.0,162.0,123.0,True
3958,2,171.0,93.0,201.0,123.0,True
3958,2,171.0,171.0,201.0,201.0,True
3959,2,13.0,130.0,43.0,160.0,True
3959,2,13.0,169.0,43.0,199.0,True
3959,2,52.0,13.0,82.0,43.0,True
3959,2,52.0,130.0,82.0,160.0,True
3959,2,91.0,52.0,121.0,82.0,True
3959,2,91.0,169.0,121.0,199.0,True
3959,2,130.0,91.0,160.0,121.0,True
3959,2,169.0,91.0,199.0,121.0,True
3960,2,20.0,23.0,50.0,53.0,True
3960,2,20.0,101.0,50.0,131.0,True
3960,2,98.0,23.0,128.0,53.0,True
3960,2,98.0,101.0,128.0,131.0,True
3960,2,98.0,179.0,128.0,209.0,True
3960,2,137.0,62.0,167.0,92.0,True
3960,2,137.0,140.0,167.0,170.0,True
3960,2,176.0,179.0,206.0,209.0,True
3961,2,21.0,17.0,51.0,47.0,True
3961,2,21.0,95.0,51.0,125.0,True
3961,2,60.0,56.0,90.0,86.0,True
3961,2,60.0,173.0,90.0,203.0,True
3961,2,99.0,56.0,129.0,86.0,True
3961,2,99.0,95.0,129.0,125.0,True
3961,2,177.0,56.0,207.0,86.0,True
3961,2,177.0,95.0,207.0,125.0,True
3962,2,19.0,17.0,49.0,47.0,True
3962,2,19.0,134.0,49.0,164.0,True
3962,2,58.0,173.0,88.0,203.0,True
3962,2,97.0,17.0,127.0,47.0,True
3962,2,97.0,95.0,127.0,125.0,True
3962,2,97.0,173.0,127.0,203.0,True
3962,2,136.0,56.0,166.0,86.0,True
3962,2,175.0,56.0,205.0,86.0,True
3963,2,18.0,56.0,48.0,86.0,True
3963,2,18.0,95.0,48.0,125.0,True
3963,2,57.0,95.0,87.0,125.0,True
3963,2,57.0,173.0,87.0,203.0,True
3963,2,96.0,95.0,126.0,125.0,True
3963,2,135.0,56.0,165.0,86.0,True
3963,2,135.0,95.0,165.0,125.0,True
3963,2,174.0,134.0,204.0,164.0,True
3964,2,18.0,15.0,48.0,45.0,True
3964,2,18.0,93.0,48.0,123.0,True
3964,2,18.0,132.0,48.0,162.0,True
3964,2,57.0,15.0,87.0,45.0,True
3964,2,57.0,132.0,87.0,162.0,True
3964,2,135.0,171.0,165.0,201.0,True
3964,2,174.0,93.0,204.0,123.0,True
3964,2,174.0,171.0,204.0,201.0,True
3965,2,14.0,23.0,44.0,53.0,True
3965,2,14.0,62.0,44.0,92.0,True
3965,2,14.0,140.0,44.0,170.0,True
3965,2,53.0,62.0,83.0,92.0,True
3965,2,53.0,179.0,83.0,209.0,True
3965,2,92.0,140.0,122.0,170.0,True
3965,2,170.0,62.0,200.0,92.0,True
3965,2,170.0,140.0,200.0,170.0,True
3966,2,63.0,130.0,93.0,160.0,True
3966,2,102.0,169.0,132.0,199.0,True
3966,2,141.0,13.0,171.0,43.0,True
3966,2,141.0,52.0,171.0,82.0,True
3966,2,141.0,91.0,171.0,121.0,True
3966,2,141.0,130.0,171.0,160.0,True
3966,2,141.0,169.0,171.0,199.0,True
3966,2,180.0,13.0,210.0,43.0,True
3967,2,13.0,102.0,43.0,132.0,True
3967,2,13.0,141.0,43.0,171.0,True
3967,2,52.0,102.0,82.0,132.0,True
3967,2,52.0,141.0,82.0,171.0,True
3967,2,91.0,24.0,121.0,54.0,True
3967,2,91.0,141.0,121.0,171.0,True
3967,2,130.0,63.0,160.0,93.0,True
3967,2,169.0,141.0,199.0,171.0,True
3968,2,22.0,22.0,52.0,52.0,True
3968,2,22.0,139.0,52.0,169.0,True
3968,2,61.0,22.0,91.0,52.0,True
3968,2,61.0,100.0,91.0,130.0,True
3968,2,100.0,61.0,130.0,91.0,True
3968,2,139.0,100.0,169.0,130.0,True
3968,2,178.0,100.0,208.0,130.0,True
3968,2,178.0,139.0,208.0,169.0,True
3969,2,13.0,62.0,43.0,92.0,True
3969,2,52.0,23.0,82.0,53.0,True
3969,2,52.0,101.0,82.0,131.0,True
3969,2,91.0,140.0,121.0,170.0,True
3969,2,130.0,23.0,160.0,53.0,True
3969,2,130.0,62.0,160.0,92.0,True
3969,2,130.0,101.0,160.0,131.0,True
3969,2,169.0,62.0,199.0,92.0,True
3970,2,21.0,17.0,51.0,47.0,True
3970,2,60.0,17.0,90.0,47.0,True
3970,2,60.0,134.0,90.0,164.0,True
3970,2,99.0,56.0,129.0,86.0,True
3970,2,99.0,95.0,129.0,125.0,True
3970,2,138.0,173.0,168.0,203.0,True
3970,2,177.0,17.0,207.0,47.0,True
3970,2,177.0,173.0,207.0,203.0,True
3971,2,22.0,55.0,52.0,85.0,True
3971,2,22.0,94.0,52.0,124.0,True
3971,2,61.0,16.0,91.0,46.0,True
3971,2,100.0,16.0,130.0,46.0,True
3971,2,100.0,94.0,130.0,124.0,True
3971,2,139.0,94.0,169.0,124.0,True
3971,2,139.0,133.0,169.0,163.0,True
3971,2,178.0,16.0,208.0,46.0,True
3972,2,20.0,134.0,50.0,164.0,True
3972,2,59.0,56.0,89.0,86.0,True
3972,2,59.0,173.0,89.0,203.0,True
3972,2,98.0,17.0,128.0,47.0,True
3972,2,98.0,56.0,128.0,86.0,True
3972,2,98.0,134.0,128.0,164.0,True
3972,2,137.0,17.0,167.0,47.0,True
3972,2,137.0,173.0,167.0,203.0,True
3973,2,58.0,58.0,88.0,88.0,True
3973,2,58.0,136.0,88.0,166.0,True
3973,2,58.0,175.0,88.0,205.0,True
3973,2,97.0,97.0,127.0,127.0,True
3973,2,136.0,136.0,166.0,166.0,True
3973,2,136.0,175.0,166.0,205.0,True
3973,2,175.0,19.0,205.0,49.0,True
3973,2,175.0,175.0,205.0,205.0,True
3974,2,17.0,175.0,47.0,205.0,True
3974,2,56.0,58.0,86.0,88.0,True
3974,2,56.0,175.0,86.0,205.0,True
3974,2,95.0,19.0,125.0,49.0,True
3974,2,95.0,136.0,125.0,166.0,True
3974,2,95.0,175.0,125.0,205.0,True
3974,2,134.0,136.0,164.0,166.0,True
3974,2,134.0,175.0,164.0,205.0,True
3975,2,23.0,131.0,53.0,161.0,True
3975,2,62.0,53.0,92.0,83.0,True
3975,2,101.0,92.0,131.0,122.0,True
3975,2,140.0,14.0,170.0,44.0,True
3975,2,140.0,53.0,170.0,83.0,True
3975,2,140.0,131.0,170.0,161.0,True
3975,2,179.0,14.0,209.0,44.0,True
3975,2,179.0,92.0,209.0,122.0,True
3976,2,13.0,57.0,43.0,87.0,True
3976,2,13.0,174.0,43.0,204.0,True
3976,2,52.0,18.0,82.0,48.0,True
3976,2,91.0,174.0,121.0,204.0,True
3976,2,130.0,135.0,160.0,165.0,True
3976,2,169.0,18.0,199.0,48.0,True
3976,2,169.0,57.0,199.0,87.0,True
3976,2,169.0,135.0,199.0,165.0,True
3977,2,16.0,177.0,46.0,207.0,True
3977,2,94.0,60.0,124.0,90.0,True
3977,2,94.0,99.0,124.0,129.0,True
3977,2,94.0,138.0,124.0,168.0,True
3977,2,133.0,21.0,163.0,51.0,True
3977,2,172.0,60.0,202.0,90.0,True
3977,2,172.0,138.0,202.0,168.0,True
3977,2,172.0,177.0,202.0,207.0,True
3978,2,23.0,14.0,53.0,44.0,True
3978,2,23.0,131.0,53.0,161.0,True
3978,2,62.0,14.0,92.0,44.0,True
3978,2,62.0,131.0,92.0,161.0,True
3978,2,140.0,14.0,170.0,44.0,True
3978,2,140.0,92.0,170.0,122.0,True
3978,2,179.0,92.0,209.0,122.0,True
3978,2,179.0,170.0,209.0,200.0,True
3979,2,22.0,60.0,52.0,90.0,True
3979,2,22.0,99.0,52.0,129.0,True
3979,2,22.0,177.0,52.0,207.0,True
3979,2,61.0,60.0,91.0,90.0,True
3979,2,100.0,60.0,130.0,90.0,True
3979,2,139.0,21.0,169.0,51.0,True
3979,2,178.0,21.0,208.0,51.0,True
3979,2,178.0,138.0,208.0,168.0,True
3980,2,22.0,58.0,52.0,88.0,True
3980,2,22.0,136.0,52.0,166.0,True
3980,2,61.0,58.0,91.0,88.0,True
3980,2,100.0,19.0,130.0,49.0,True
3980,2,100.0,175.0,130.0,205.0,True
3980,2,139.0,136.0,169.0,166.0,True
3980,2,139.0,175.0,169.0,205.0,True
3980,2,178.0,175.0,208.0,205.0,True
3981,2,20.0,14.0,50.0,44.0,True
3981,2,20.0,170.0,50.0,200.0,True
3981,2,59.0,53.0,89.0,83.0,True
3981,2,98.0,53.0,128.0,83.0,True
3981,2,98.0,131.0,128.0,161.0,True
3981,2,98.0,170.0,128.0,200.0,True
3981,2,137.0,14.0,167.0,44.0,True
3981,2,137.0,131.0,167.0,161.0,True
3982,2,56.0,52.0,86.0,82.0,True
3982,2,56.0,169.0,86.0,199.0,True
3982,2,95.0,91.0,125.0,121.0,True
3982,2,95.0,169.0,125.0,199.0,True
3982,2,134.0,52.0,164.0,82.0,True
3982,2,134.0,91.0,164.0,121.0,True
3982,2,134.0,169.0,164.0,199.0,True
3982,2,173.0,13.0,203.0,43.0,True
3983,2,23.0,13.0,53.0,43.0,True
3983,2,62.0,13.0,92.0,43.0,True
3983,2,62.0,130.0,92.0,160.0,True
3983,2,101.0,52.0,131.0,82.0,True
3983,2,101.0,130.0,131.0,160.0,True
3983,2,140.0,13.0,170.0,43.0,True
3983,2,140.0,169.0,170.0,199.0,True
3983,2,179.0,91.0,209.0,121.0,True
3984,2,24.0,22.0,54.0,52.0,True
3984,2,24.0,139.0,54.0,169.0,True
3984,2,102.0,139.0,132.0,169.0,True
3984,2,141.0,61.0,171.0,91.0,True
3984,2,141.0,178.0,171.0,208.0,True
3984,2,180.0,22.0,210.0,52.0,True
3984,2,180.0,61.0,210.0,91.0,True
3984,2,180.0,139.0,210.0,169.0,True
3985,2,13.0,23.0,43.0,53.0,True
3985,2,52.0,140.0,82.0,170.0,True
3985,2,91.0,101.0,121.0,131.0,True
3985,2,91.0,140.0,121.0,170.0,True
3985,2,91.0,179.0,121.0,209.0,True
3985,2,130.0,23.0,160.0,53.0,True
3985,2,169.0,62.0,199.0,92.0,True
3985,2,169.0,140.0,199.0,170.0,True
3986,2,16.0,15.0,46.0,45.0,True
3986,2,55.0,15.0,85.0,45.0,True
3986,2,55.0,171.0,85.0,201.0,True
3986,2,94.0,15.0,124.0,45.0,True
3986,2,94.0,171.0,124.0,201.0,True
3986,2,133.0,15.0,163.0,45.0,True
3986,2,133.0,132.0,163.0,162.0,True
3986,2,172.0,54.0,202.0,84.0,True
3987,2,21.0,178.0,51.0,208.0,True
3987,2,60.0,178.0,90.0,208.0,True
3987,2,99.0,22.0,129.0,52.0,True
3987,2,138.0,22.0,168.0,52.0,True
3987,2,138.0,61.0,168.0,91.0,True
3987,2,177.0,22.0,207.0,52.0,True
3987,2,177.0,61.0,207.0,91.0,True
3987,2,177.0,100.0,207.0,130.0,True
3988,2,22.0,24.0,52.0,54.0,True
3988,2,22.0,63.0,52.0,93.0,True
3988,2,22.0,141.0,52.0,171.0,True
3988,2,61.0,141.0,91.0,171.0,True
3988,2,100.0,63.0,130.0,93.0,True
3988,2,139.0,24.0,169.0,54.0,True
3988,2,178.0,24.0,208.0,54.0,True
3988,2,178.0,180.0,208.0,210.0,True
3989,2,16.0,94.0,46.0,124.0,True
3989,2,16.0,133.0,46.0,163.0,True
3989,2,55.0,55.0,85.0,85.0,True
3989,2,94.0,16.0,124.0,46.0,True
3989,2,133.0,94.0,163.0,124.0,True
3989,2,133.0,172.0,163.0,202.0,True
3989,2,172.0,16.0,202.0,46.0,True
3989,2,172.0,94.0,202.0,124.0,True
3990,2,13.0,57.0,43.0,87.0,True
3990,2,13.0,135.0,43.0,165.0,True
3990,2,13.0,174.0,43.0,204.0,True
3990,2,52.0,135.0,82.0,165.0,True
3990,2,91.0,57.0,121.0,87.0,True
3990,2,91.0,96.0,121.0,126.0,True
3990,2,130.0,18.0,160.0,48.0,True
3990,2,169.0,96.0,199.0,126.0,True
3991,2,13.0,62.0,43.0,92.0,True
3991,2,13.0,179.0,43.0,209.0,True
3991,2,52.0,23.0,82.0,53.0,True
3991,2,52.0,101.0,82.0,131.0,True
3991,2,52.0,140.0,82.0,170.0,True
3991,2,91.0,62.0,121.0,92.0,True
3991,2,91.0,140.0,121.0,170.0,True
3991,2,130.0,140.0,160.0,170.0,True
3992,2,18.0,13.0,48.0,43.0,True
3992,2,57.0,52.0,87.0,82.0,True
3992,2,57.0,91.0,87.0,121.0,True
3992,2,96.0,52.0,126.0,82.0,True
3992,2,96.0,91.0,126.0,121.0,True
3992,2,135.0,130.0,165.0,160.0,True
3992,2,135.0,169.0,165.0,199.0,True
3992,2,174.0,91.0,204.0,121.0,True
3993,2,19.0,60.0,49.0,90.0,True
3993,2,58.0,21.0,88.0,51.0,True
3993,2,97.0,21.0,127.0,51.0,True
3993,2,97.0,138.0,127.0,168.0,True
3993,2,136.0,21.0,166.0,51.0,True
3993,2,136.0,138.0,166.0,168.0,True
3993,2,175.0,60.0,205.0,90.0,True
3993,2,175.0,99.0,205.0,129.0,True
3994,2,15.0,96.0,45.0,126.0,True
3994,2,54.0,135.0,84.0,165.0,True
3994,2,54.0,174.0,84.0,204.0,True
3994,2,93.0,18.0,123.0,48.0,True
3994,2,93.0,135.0,123.0,165.0,True
3994,2,132.0,135.0,162.0,165.0,True
3994,2,132.0,174.0,162.0,204.0,True
3994,2,171.0,96.0,201.0,126.0,True
3995,2,15.0,54.0,45.0,84.0,True
3995,2,54.0,15.0,84.0,45.0,True
3995,2,93.0,132.0,123.0,162.0,True
3995,2,132.0,15.0,162.0,45.0,True
3995,2,132.0,93.0,162.0,123.0,True
3995,2,132.0,171.0,162.0,201.0,True
3995,2,171.0,15.0,201.0,45.0,True
3995,2,171.0,132.0,201.0,162.0,True
3996,2,15.0,177.0,45.0,207.0,True
3996,2,54.0,21.0,84.0,51.0,True
3996,2,54.0,60.0,84.0,90.0,True
3996,2,54.0,99.0,84.0,129.0,True
3996,2,93.0,21.0,123.0,51.0,True
3996,2,132.0,21.0,162.0,51.0,True
3996,2,132.0,99.0,162.0,129.0,True
3996,2,171.0,21.0,201.0,51.0,True
3997,2,23.0,20.0,53.0,50.0,True
3997,2,23.0,98.0,53.0,128.0,True
3997,2,23.0,137.0,53.0,167.0,True
3997,2,23.0,176.0,53.0,206.0,True
3997,2,62.0,20.0,92.0,50.0,True
3997,2,62.0,176.0,92.0,206.0,True
3997,2,101.0,20.0,131.0,50.0,True
3997,2,179.0,59.0,209.0,89.0,True
3998,2,19.0,17.0,49.0,47.0,True
3998,2,19.0,95.0,49.0,125.0,True
3998,2,58.0,95.0,88.0,125.0,True
3998,2,58.0,173.0,88.0,203.0,True
3998,2,97.0,173.0,127.0,203.0,True
3998,2,136.0,17.0,166.0,47.0,True
3998,2,175.0,17.0,205.0,47.0,True
3998,2,175.0,95.0,205.0,125.0,True
3999,2,20.0,21.0,50.0,51.0,True
3999,2,20.0,60.0,50.0,90.0,True
3999,2,20.0,138.0,50.0,168.0,True
3999,2,59.0,177.0,89.0,207.0,True
3999,2,98.0,138.0,128.0,168.0,True
3999,2,137.0,138.0,167.0,168.0,True
3999,2,137.0,177.0,167.0,207.0,True
3999,2,176.0,21.0,206.0,51.0,True
4100,2,18.0,23.0,48.0,53.0,True
4101,2,25.0,64.0,55.0,94.0,True
4102,2,16.0,56.0,46.0,86.0,True
4103,2,14.0,63.0,44.0,93.0,True
4104,2,19.0,53.0,49.0,83.0,True
4105,2,21.0,98.0,51.0,128.0,True
4106,2,15.0,102.0,45.0,132.0,True
4107,2,25.0,103.0,55.0,133.0,True
4108,2,19.0,141.0,49.0,171.0,True
4109,2,22.0,134.0,52.0,164.0,True
4110,2,22.0,135.0,52.0,165.0,True
4111,2,18.0,134.0,48.0,164.0,True
4112,2,15.0,134.0,45.0,164.0,True
4113,2,25.0,136.0,55.0,166.0,True
4114,2,20.0,176.0,50.0,206.0,True
4115,2,14.0,172.0,44.0,202.0,True
4116,2,25.0,178.0,55.0,208.0,True
4117,2,25.0,174.0,55.0,204.0,True
4118,2,16.0,174.0,46.0,204.0,True
4119,2,14.0,180.0,44.0,210.0,True
4120,2,56.0,21.0,86.0,51.0,True
4121,2,59.0,20.0,89.0,50.0,True
4122,2,63.0,23.0,93.0,53.0,True
4123,2,61.0,20.0,91.0,50.0,True
4124,2,59.0,59.0,89.0,89.0,True
4125,2,59.0,62.0,89.0,92.0,True
4126,2,56.0,55.0,86.0,85.0,True
4127,2,53.0,64.0,83.0,94.0,True
4128,2,57.0,58.0,87.0,88.0,True
4129,2,57.0,95.0,87.0,125.0,True
4130,2,55.0,101.0,85.0,131.0,True
4131,2,53.0,99.0,83.0,129.0,True
4132,2,55.0,98.0,85.0,128.0,True
4133,2,59.0,96.0,89.0,126.0,True
4134,2,59.0,141.0,89.0,171.0,True
4135,2,59.0,142.0,89.0,172.0,True
4136,2,64.0,135.0,94.0,165.0,True
4137,2,58.0,139.0,88.0,169.0,True
4138,2,58.0,174.0,88.0,204.0,True
4139,2,56.0,178.0,86.0,208.0,True
4140,2,58.0,179.0,88.0,209.0,True
4141,2,64.0,174.0,94.0,204.0,True
4142,2,60.0,174.0,90.0,204.0,True
4143,2,64.0,171.0,94.0,201.0,True
4144,2,97.0,23.0,127.0,53.0,True
4145,2,97.0,19.0,127.0,49.0,True
4146,2,93.0,16.0,123.0,46.0,True
4147,2,99.0,24.0,129.0,54.0,True
4148,2,95.0,63.0,125.0,93.0,True
4149,2,101.0,64.0,131.0,94.0,True
4150,2,103.0,99.0,133.0,129.0,True
4151,2,95.0,97.0,125.0,127.0,True
4152,2,92.0,93.0,122.0,123.0,True
4153,2,95.0,103.0,125.0,133.0,True
4154,2,102.0,92.0,132.0,122.0,True
4155,2,100.0,134.0,130.0,164.0,True
4156,2,95.0,142.0,125.0,172.0,True
4157,2,103.0,141.0,133.0,171.0,True
4158,2,97.0,179.0,127.0,209.0,True
4159,2,97.0,181.0,127.0,211.0,True
4160,2,131.0,18.0,161.0,48.0,True
4161,2,132.0,24.0,162.0,54.0,True
4162,2,141.0,14.0,171.0,44.0,True
4163,2,142.0,15.0,172.0,45.0,True
4164,2,136.0,54.0,166.0,84.0,True
4165,2,139.0,100.0,169.0,130.0,True
4166,2,138.0,97.0,168.0,127.0,True
4167,2,131.0,97.0,161.0,127.0,True
4168,2,133.0,136.0,163.0,166.0,True
4169,2,132.0,133.0,162.0,163.0,True
4170,2,139.0,132.0,169.0,162.0,True
4171,2,138.0,134.0,168.0,164.0,True
4172,2,133.0,142.0,163.0,172.0,True
4173,2,135.0,140.0,165.0,170.0,True
4174,2,134.0,142.0,164.0,172.0,True
4175,2,134.0,176.0,164.0,206.0,True
4176,2,176.0,17.0,206.0,47.0,True
4177,2,181.0,23.0,211.0,53.0,True
4178,2,180.0,21.0,210.0,51.0,True
4179,2,175.0,22.0,205.0,52.0,True
4180,2,171.0,25.0,201.0,55.0,True
4181,2,181.0,57.0,211.0,87.0,True
4182,2,172.0,55.0,202.0,85.0,True
4183,2,177.0,60.0,207.0,90.0,True
4184,2,173.0,62.0,203.0,92.0,True
4185,2,177.0,64.0,207.0,94.0,True
4186,2,179.0,54.0,209.0,84.0,True
4187,2,180.0,103.0,210.0,133.0,True
4188,2,175.0,93.0,205.0,123.0,True
4189,2,180.0,92.0,210.0,122.0,True
4190,2,170.0,99.0,200.0,129.0,True
4191,2,171.0,131.0,201.0,161.0,True
4192,2,176.0,142.0,206.0,172.0,True
4193,2,175.0,133.0,205.0,163.0,True
4194,2,177.0,138.0,207.0,168.0,True
4195,2,180.0,172.0,210.0,202.0,True
4196,2,178.0,173.0,208.0,203.0,True
4197,2,173.0,172.0,203.0,202.0,True
4198,2,170.0,176.0,200.0,206.0,True
4199,2,173.0,170.0,203.0,200.0,True
4200,2,14.0,140.0,44.0,170.0,True
4201,2,18.0,14.0,48.0,44.0,True
4202,2,23.0,20.0,53.0,50.0,True
4203,2,53.0,63.0,83.0,93.0,True
4204,2,59.0,138.0,89.0,168.0,True
4205,2,102.0,96.0,132.0,126.0,True
4206,2,21.0,16.0,51.0,46.0,True
4207,2,135.0,18.0,165.0,48.0,True
4208,2,15.0,19.0,45.0,49.0,True
4209,2,133.0,136.0,163.0,166.0,True
4210,2,15.0,25.0,45.0,55.0,True
4211,2,177.0,172.0,207.0,202.0,True
4212,2,58.0,19.0,88.0,49.0,True
4213,2,22.0,53.0,52.0,83.0,True
4214,2,93.0,181.0,123.0,211.0,True
4215,2,19.0,54.0,49.0,84.0,True
4216,2,20.0,64.0,50.0,94.0,True
4217,2,18.0,58.0,48.0,88.0,True
4218,2,15.0,131.0,45.0,161.0,True
4219,2,54.0,25.0,84.0,55.0,True
4220,2,14.0,102.0,44.0,132.0,True
4221,2,61.0,57.0,91.0,87.0,True
4222,2,58.0,134.0,88.0,164.0,True
4223,2,22.0,101.0,52.0,131.0,True
4224,2,131.0,64.0,161.0,94.0,True
4225,2,173.0,136.0,203.0,166.0,True
4226,2,25.0,101.0,55.0,131.0,True
4227,2,16.0,139.0,46.0,169.0,True
4228,2,63.0,63.0,93.0,93.0,True
4229,2,62.0,137.0,92.0,167.0,True
4230,2,99.0,141.0,129.0,171.0,True
4231,2,25.0,134.0,55.0,164.0,True
4232,2,24.0,137.0,54.0,167.0,True
4233,2,132.0,134.0,162.0,164.0,True
4234,2,171.0,98.0,201.0,128.0,True
4235,2,16.0,179.0,46.0,209.0,True
4236,2,23.0,175.0,53.0,205.0,True
4237,2,25.0,174.0,55.0,204.0,True
4238,2,93.0,170.0,123.0,200.0,True
4239,2,18.0,179.0,48.0,209.0,True
4240,2,15.0,172.0,45.0,202.0,True
4241,2,18.0,177.0,48.0,207.0,True
4242,2,57.0,19.0,87.0,49.0,True
4243,2,63.0,21.0,93.0,51.0,True
4244,2,56.0,20.0,86.0,50.0,True
4245,2,100.0,137.0,130.0,167.0,True
4246,2,55.0,25.0,85.0,55.0,True
4247,2,53.0,62.0,83.0,92.0,True
4248,2,56.0,63.0,86.0,93.0,True
4249,2,175.0,25.0,205.0,55.0,True
4250,2,173.0,181.0,203.0,211.0,True
4251,2,57.0,93.0,87.0,123.0,True
4252,2,53.0,99.0,83.0,129.0,True
4253,2,175.0,25.0,205.0,55.0,True
4254,2,61.0,93.0,91.0,123.0,True
4255,2,64.0,138.0,94.0,168.0,True
4256,2,59.0,138.0,89.0,168.0,True
4257,2,61.0,131.0,91.0,161.0,True
4258,2,55.0,141.0,85.0,171.0,True
4259,2,61.0,171.0,91.0,201.0,True
4260,2,142.0,99.0,172.0,129.0,True
4261,2,60.0,181.0,90.0,211.0,True
4262,2,173.0,56.0,203.0,86.0,True
4263,2,62.0,175.0,92.0,205.0,True
4264,2,175.0,140.0,205.0,170.0,True
4265,2,96.0,20.0,126.0,50.0,True
4266,2,102.0,96.0,132.0,126.0,True
4267,2,98.0,136.0,128.0,166.0,True
4268,2,103.0,18.0,133.0,48.0,True
4269,2,103.0,15.0,133.0,45.0,True
4270,2,135.0,19.0,165.0,49.0,True
4271,2,98.0,18.0,128.0,48.0,True
4272,2,102.0,56.0,132.0,86.0,True
4273,2,176.0,181.0,206.0,211.0,True
4274,2,97.0,57.0,127.0,87.0,True
4275,2,137.0,18.0,167.0,48.0,True
4276,2,135.0,58.0,165.0,88.0,True
4277,2,131.0,97.0,161.0,127.0,True
4278,2,103.0,135.0,133.0,165.0,True
4279,2,93.0,142.0,123.0,172.0,True
4280,2,142.0,24.0,172.0,54.0,True
4281,2,103.0,171.0,133.0,201.0,True
4282,2,96.0,175.0,126.0,205.0,True
4283,2,138.0,63.0,168.0,93.0,True
4284,2,134.0,17.0,164.0,47.0,True
4285,2,177.0,135.0,207.0,165.0,True
4286,2,135.0,53.0,165.0,83.0,True
4287,2,173.0,55.0,203.0,85.0,True
4288,2,138.0,134.0,168.0,164.0,True
4289,2,139.0,103.0,169.0,133.0,True
4290,2,135.0,92.0,165.0,122.0,True
4291,2,174.0,93.0,204.0,123.0,True
4292,2,139.0,142.0,169.0,172.0,True
4293,2,175.0,132.0,205.0,162.0,True
4294,2,141.0,137.0,171.0,167.0,True
4295,2,176.0,58.0,206.0,88.0,True
4296,2,173.0,57.0,203.0,87.0,True
4297,2,174.0,63.0,204.0,93.0,True
4298,2,175.0,102.0,205.0,132.0,True
4299,2,177.0,103.0,207.0,133.0,True
4300,2,14.0,24.0,44.0,54.0,True
4300,2,14.0,102.0,44.0,132.0,True
4301,2,25.0,16.0,55.0,46.0,True
4301,2,64.0,133.0,94.0,163.0,True
4302,2,23.0,18.0,53.0,48.0,True
4302,2,101.0,135.0,131.0,165.0,True
4303,2,25.0,17.0,55.0,47.0,True
4303,2,142.0,56.0,172.0,86.0,True
4304,2,16.0,18.0,46.0,48.0,True
4304,2,133.0,174.0,163.0,204.0,True
4305,2,24.0,57.0,54.0,87.0,True
4305,2,24.0,96.0,54.0,126.0,True
4306,2,23.0,56.0,53.0,86.0,True
4306,2,62.0,95.0,92.0,125.0,True
4307,2,16.0,61.0,46.0,91.0,True
4307,2,94.0,100.0,124.0,130.0,True
4308,2,21.0,62.0,51.0,92.0,True
4308,2,138.0,101.0,168.0,131.0,True
4309,2,14.0,95.0,44.0,125.0,True
4309,2,14.0,134.0,44.0,164.0,True
4310,2,17.0,101.0,47.0,131.0,True
4310,2,56.0,179.0,86.0,209.0,True
4311,2,15.0,93.0,45.0,123.0,True
4311,2,93.0,132.0,123.0,162.0,True
4312,2,24.0,99.0,54.0,129.0,True
4312,2,141.0,21.0,171.0,51.0,True
4313,2,16.0,93.0,46.0,123.0,True
4313,2,133.0,54.0,163.0,84.0,True
4314,2,23.0,97.0,53.0,127.0,True
4314,2,140.0,136.0,170.0,166.0,True
4315,2,25.0,142.0,55.0,172.0,True
4315,2,25.0,181.0,55.0,211.0,True
4316,2,20.0,135.0,50.0,165.0,True
4316,2,20.0,174.0,50.0,204.0,True
4317,2,23.0,142.0,53.0,172.0,True
4317,2,62.0,64.0,92.0,94.0,True
4318,2,24.0,142.0,54.0,172.0,True
4318,2,63.0,103.0,93.0,133.0,True
4319,2,19.0,131.0,49.0,161.0,True
4319,2,58.0,170.0,88.0,200.0,True
4320,2,22.0,133.0,52.0,163.0,True
4320,2,100.0,16.0,130.0,46.0,True
4321,2,19.0,139.0,49.0,169.0,True
4321,2,97.0,139.0,127.0,169.0,True
4322,2,21.0,135.0,51.0,165.0,True
4322,2,177.0,174.0,207.0,204.0,True
4323,2,14.0,177.0,44.0,207.0,True
4323,2,53.0,21.0,83.0,51.0,True
4324,2,20.0,178.0,50.0,208.0,True
4324,2,59.0,22.0,89.0,52.0,True
4325,2,14.0,174.0,44.0,204.0,True
4325,2,53.0,18.0,83.0,48.0,True
4326,2,22.0,180.0,52.0,210.0,True
4326,2,139.0,180.0,169.0,210.0,True
4327,2,16.0,171.0,46.0,201.0,True
4327,2,172.0,15.0,202.0,45.0,True
4328,2,62.0,20.0,92.0,50.0,True
4328,2,140.0,20.0,170.0,50.0,True
4329,2,63.0,15.0,93.0,45.0,True
4329,2,141.0,132.0,171.0,162.0,True
4330,2,58.0,22.0,88.0,52.0,True
4330,2,136.0,139.0,166.0,169.0,True
4331,2,60.0,15.0,90.0,45.0,True
4331,2,177.0,15.0,207.0,45.0,True
4332,2,59.0,19.0,89.0,49.0,True
4332,2,176.0,97.0,206.0,127.0,True
4333,2,63.0,19.0,93.0,49.0,True
4333,2,180.0,136.0,210.0,166.0,True
4334,2,58.0,15.0,88.0,45.0,True
4334,2,175.0,171.0,205.0,201.0,True
4335,2,62.0,59.0,92.0,89.0,True
4335,2,101.0,59.0,131.0,89.0,True
4336,2,63.0,54.0,93.0,84.0,True
4336,2,102.0,132.0,132.0,162.0,True
4337,2,56.0,53.0,86.0,83.0,True
4337,2,95.0,170.0,125.0,200.0,True
4338,2,55.0,55.0,85.0,85.0,True
4338,2,133.0,55.0,163.0,85.0,True
4339,2,61.0,61.0,91.0,91.0,True
4339,2,178.0,100.0,208.0,130.0,True
4340,2,56.0,92.0,86.0,122.0,True
4340,2,95.0,14.0,125.0,44.0,True
4341,2,60.0,101.0,90.0,131.0,True
4341,2,138.0,62.0,168.0,92.0,True
4342,2,55.0,94.0,85.0,124.0,True
4342,2,133.0,94.0,163.0,124.0,True
4343,2,64.0,95.0,94.0,125.0,True
4343,2,142.0,134.0,172.0,164.0,True
4344,2,64.0,95.0,94.0,125.0,True
4344,2,181.0,173.0,211.0,203.0,True
4345,2,56.0,132.0,86.0,162.0,True
4345,2,95.0,171.0,125.0,201.0,True
4346,2,57.0,137.0,87.0,167.0,True
4346,2,135.0,98.0,165.0,128.0,True
4347,2,58.0,136.0,88.0,166.0,True
4347,2,136.0,136.0,166.0,166.0,True
4348,2,55.0,131.0,85.0,161.0,True
4348,2,172.0,170.0,202.0,200.0,True
4349,2,63.0,170.0,93.0,200.0,True
4349,2,102.0,14.0,132.0,44.0,True
4350,2,64.0,170.0,94.0,200.0,True
4350,2,142.0,92.0,172.0,122.0,True
4351,2,55.0,172.0,85.0,202.0,True
4351,2,133.0,133.0,163.0,163.0,True
4352,2,57.0,179.0,87.0,209.0,True
4352,2,174.0,23.0,204.0,53.0,True
4353,2,58.0,173.0,88.0,203.0,True
4353,2,175.0,173.0,205.0,203.0,True
4354,2,97.0,22.0,127.0,52.0,True
4354,2,136.0,178.0,166.0,208.0,True
4355,2,96.0,23.0,126.0,53.0,True
4355,2,174.0,101.0,204.0,131.0,True
4356,2,99.0,25.0,129.0,55.0,True
4356,2,177.0,181.0,207.0,211.0,True
4357,2,97.0,53.0,127.0,83.0,True
4357,2,97.0,92.0,127.0,122.0,True
4358,2,103.0,56.0,133.0,86.0,True
4358,2,142.0,56.0,172.0,86.0,True
4359,2,95.0,63.0,125.0,93.0,True
4359,2,134.0,102.0,164.0,132.0,True
4360,2,97.0,55.0,127.0,85.0,True
4360,2,136.0,94.0,166.0,124.0,True
4361,2,92.0,54.0,122.0,84.0,True
4361,2,131.0,171.0,161.0,201.0,True
4362,2,97.0,55.0,127.0,85.0,True
4362,2,175.0,94.0,205.0,124.0,True
4363,2,102.0,93.0,132.0,123.0,True
4363,2,102.0,171.0,132.0,201.0,True
4364,2,92.0,99.0,122.0,129.0,True
4364,2,131.0,60.0,161.0,90.0,True
4365,2,93.0,92.0,123.0,122.0,True
4365,2,132.0,131.0,162.0,161.0,True
4366,2,100.0,97.0,130.0,127.0,True
4366,2,139.0,136.0,169.0,166.0,True
4367,2,97.0,99.0,127.0,129.0,True
4367,2,175.0,99.0,205.0,129.0,True
4368,2,98.0,132.0,128.0,162.0,True
4368,2,137.0,15.0,167.0,45.0,True
4369,2,94.0,133.0,124.0,163.0,True
4369,2,133.0,16.0,163.0,46.0,True
4370,2,101.0,133.0,131.0,163.0,True
4370,2,140.0,172.0,170.0,202.0,True
4371,2,100.0,181.0,130.0,211.0,True
4371,2,139.0,25.0,169.0,55.0,True
4372,2,94.0,174.0,124.0,204.0,True
4372,2,133.0,57.0,163.0,87.0,True
4373,2,101.0,172.0,131.0,202.0,True
4373,2,140.0,133.0,170.0,163.0,True
4374,2,94.0,181.0,124.0,211.0,True
4374,2,133.0,181.0,163.0,211.0,True
4375,2,103.0,172.0,133.0,202.0,True
4375,2,181.0,55.0,211.0,85.0,True
4376,2,98.0,179.0,128.0,209.0,True
4376,2,176.0,140.0,206.0,170.0,True
4377,2,134.0,24.0,164.0,54.0,True
4377,2,134.0,180.0,164.0,210.0,True
4378,2,135.0,24.0,165.0,54.0,True
4378,2,135.0,180.0,165.0,210.0,True
4379,2,136.0,23.0,166.0,53.0,True
4379,2,175.0,62.0,205.0,92.0,True
4380,2,135.0,18.0,165.0,48.0,True
4380,2,174.0,96.0,204.0,126.0,True
4381,2,141.0,17.0,171.0,47.0,True
4381,2,180.0,134.0,210.0,164.0,True
4382,2,142.0,16.0,172.0,46.0,True
4382,2,181.0,133.0,211.0,163.0,True
4383,2,142.0,60.0,172.0,90.0,True
4383,2,142.0,138.0,172.0,168.0,True
4384,2,136.0,64.0,166.0,94.0,True
4384,2,175.0,25.0,205.0,55.0,True
4385,2,136.0,63.0,166.0,93.0,True
4385,2,175.0,63.0,205.0,93.0,True
4386,2,139.0,59.0,169.0,89.0,True
4386,2,178.0,137.0,208.0,167.0,True
4387,2,137.0,56.0,167.0,86.0,True
4387,2,176.0,134.0,206.0,164.0,True
4388,2,131.0,98.0,161.0,128.0,True
4388,2,170.0,20.0,200.0,50.0,True
4389,2,138.0,92.0,168.0,122.0,True
4389,2,177.0,14.0,207.0,44.0,True
4390,2,132.0,133.0,162.0,163.0,True
4390,2,171.0,55.0,201.0,85.0,True
4391,2,131.0,133.0,161.0,163.0,True
4391,2,170.0,133.0,200.0,163.0,True
4392,2,137.0,136.0,167.0,166.0,True
4392,2,176.0,136.0,206.0,166.0,True
4393,2,136.0,135.0,166.0,165.0,True
4393,2,175.0,135.0,205.0,165.0,True
4394,2,132.0,179.0,162.0,209.0,True
4394,2,171.0,62.0,201.0,92.0,True
4395,2,142.0,173.0,172.0,203.0,True
4395,2,181.0,95.0,211.0,125.0,True
4396,2,136.0,170.0,166.0,200.0,True
4396,2,175.0,170.0,205.0,200.0,True
4397,2,180.0,57.0,210.0,87.0,True
4397,2,180.0,135.0,210.0,165.0,True
4398,2,173.0,102.0,203.0,132.0,True
4398,2,173.0,180.0,203.0,210.0,True
4399,2,179.0,140.0,209.0,170.0,True
4399,2,179.0,179.0,209.0,209.0,True
4400,2,22.0,24.0,52.0,54.0,True
4400,2,61.0,63.0,91.0,93.0,True
4400,2,178.0,24.0,208.0,54.0,True
4401,2,17.0,19.0,47.0,49.0,True
4401,2,17.0,58.0,47.0,88.0,True
4401,2,56.0,97.0,86.0,127.0,True
4402,2,14.0,14.0,44.0,44.0,True
4402,2,14.0,53.0,44.0,83.0,True
4402,2,92.0,14.0,122.0,44.0,True
4403,2,15.0,21.0,45.0,51.0,True
4403,2,93.0,21.0,123.0,51.0,True
4403,2,171.0,99.0,201.0,129.0,True
4404,2,24.0,24.0,54.0,54.0,True
4404,2,24.0,63.0,54.0,93.0,True
4404,2,102.0,141.0,132.0,171.0,True
4405,2,25.0,93.0,55.0,123.0,True
4405,2,103.0,54.0,133.0,84.0,True
4405,2,181.0,15.0,211.0,45.0,True
4406,2,16.0,100.0,46.0,130.0,True
4406,2,133.0,22.0,163.0,52.0,True
4406,2,172.0,100.0,202.0,130.0,True
4407,2,25.0,17.0,55.0,47.0,True
4407,2,25.0,134.0,55.0,164.0,True
4407,2,64.0,56.0,94.0,86.0,True
4408,2,14.0,17.0,44.0,47.0,True
4408,2,14.0,134.0,44.0,164.0,True
4408,2,170.0,56.0,200.0,86.0,True
4409,2,17.0,176.0,47.0,206.0,True
4409,2,56.0,98.0,86.0,128.0,True
4409,2,95.0,20.0,125.0,50.0,True
4410,2,17.0,180.0,47.0,210.0,True
4410,2,95.0,180.0,125.0,210.0,True
4410,2,173.0,63.0,203.0,93.0,True
4411,2,63.0,25.0,93.0,55.0,True
4411,2,63.0,103.0,93.0,133.0,True
4411,2,102.0,64.0,132.0,94.0,True
4412,2,15.0,21.0,45.0,51.0,True
4412,2,93.0,60.0,123.0,90.0,True
4412,2,132.0,177.0,162.0,207.0,True
4413,2,14.0,20.0,44.0,50.0,True
4413,2,53.0,176.0,83.0,206.0,True
4413,2,131.0,20.0,161.0,50.0,True
4414,2,25.0,19.0,55.0,49.0,True
4414,2,64.0,175.0,94.0,205.0,True
4414,2,142.0,58.0,172.0,88.0,True
4415,2,55.0,179.0,85.0,209.0,True
4415,2,133.0,62.0,163.0,92.0,True
4415,2,172.0,140.0,202.0,170.0,True
4416,2,14.0,18.0,44.0,48.0,True
4416,2,92.0,57.0,122.0,87.0,True
4416,2,131.0,174.0,161.0,204.0,True
4417,2,24.0,14.0,54.0,44.0,True
4417,2,102.0,53.0,132.0,83.0,True
4417,2,141.0,53.0,171.0,83.0,True
4418,2,102.0,95.0,132.0,125.0,True
4418,2,141.0,134.0,171.0,164.0,True
4418,2,141.0,173.0,171.0,203.0,True
4419,2,21.0,58.0,51.0,88.0,True
4419,2,21.0,97.0,51.0,127.0,True
4419,2,60.0,19.0,90.0,49.0,True
4420,2,18.0,60.0,48.0,90.0,True
4420,2,18.0,99.0,48.0,129.0,True
4420,2,57.0,21.0,87.0,51.0,True
4421,2,18.0,61.0,48.0,91.0,True
4421,2,18.0,100.0,48.0,130.0,True
4421,2,96.0,100.0,126.0,130.0,True
4422,2,15.0,60.0,45.0,90.0,True
4422,2,132.0,21.0,162.0,51.0,True
4422,2,171.0,21.0,201.0,51.0,True
4423,2,16.0,58.0,46.0,88.0,True
4423,2,16.0,97.0,46.0,127.0,True
4423,2,172.0,175.0,202.0,205.0,True
4424,2,14.0,137.0,44.0,167.0,True
4424,2,53.0,20.0,83.0,50.0,True
4424,2,92.0,176.0,122.0,206.0,True
4425,2,24.0,60.0,54.0,90.0,True
4425,2,24.0,138.0,54.0,168.0,True
4425,2,102.0,138.0,132.0,168.0,True
4426,2,23.0,53.0,53.0,83.0,True
4426,2,23.0,170.0,53.0,200.0,True
4426,2,62.0,92.0,92.0,122.0,True
4427,2,24.0,62.0,54.0,92.0,True
4427,2,24.0,179.0,54.0,209.0,True
4427,2,180.0,179.0,210.0,209.0,True
4428,2,59.0,15.0,89.0,45.0,True
4428,2,59.0,93.0,89.0,123.0,True
4428,2,176.0,132.0,206.0,162.0,True
4429,2,57.0,60.0,87.0,90.0,True
4429,2,96.0,177.0,126.0,207.0,True
4429,2,174.0,138.0,204.0,168.0,True
4430,2,25.0,59.0,55.0,89.0,True
4430,2,64.0,98.0,94.0,128.0,True
4430,2,181.0,176.0,211.0,206.0,True
4431,2,14.0,54.0,44.0,84.0,True
4431,2,92.0,54.0,122.0,84.0,True
4431,2,170.0,171.0,200.0,201.0,True
4432,2,17.0,53.0,47.0,83.0,True
4432,2,134.0,131.0,164.0,161.0,True
4432,2,173.0,53.0,203.0,83.0,True
4433,2,25.0,101.0,55.0,131.0,True
4433,2,25.0,140.0,55.0,170.0,True
4433,2,181.0,101.0,211.0,131.0,True
4434,2,21.0,100.0,51.0,130.0,True
4434,2,21.0,178.0,51.0,208.0,True
4434,2,60.0,139.0,90.0,169.0,True
4435,2,17.0,100.0,47.0,130.0,True
4435,2,134.0,22.0,164.0,52.0,True
4435,2,134.0,100.0,164.0,130.0,True
4436,2,58.0,58.0,88.0,88.0,True
4436,2,58.0,97.0,88.0,127.0,True
4436,2,175.0,175.0,205.0,205.0,True
4437,2,25.0,99.0,55.0,129.0,True
4437,2,64.0,60.0,94.0,90.0,True
4437,2,103.0,177.0,133.0,207.0,True
4438,2,21.0,98.0,51.0,128.0,True
4438,2,60.0,98.0,90.0,128.0,True
4438,2,99.0,176.0,129.0,206.0,True
4439,2,21.0,96.0,51.0,126.0,True
4439,2,138.0,18.0,168.0,48.0,True
4439,2,138.0,135.0,168.0,165.0,True
4440,2,19.0,96.0,49.0,126.0,True
4440,2,58.0,135.0,88.0,165.0,True
4440,2,136.0,174.0,166.0,204.0,True
4441,2,17.0,103.0,47.0,133.0,True
4441,2,56.0,181.0,86.0,211.0,True
4441,2,173.0,181.0,203.0,211.0,True
4442,2,25.0,95.0,55.0,125.0,True
4442,2,103.0,173.0,133.0,203.0,True
4442,2,142.0,134.0,172.0,164.0,True
4443,2,14.0,102.0,44.0,132.0,True
4443,2,92.0,63.0,122.0,93.0,True
4443,2,170.0,102.0,200.0,132.0,True
4444,2,180.0,25.0,210.0,55.0,True
4444,2,180.0,64.0,210.0,94.0,True
4444,2,180.0,142.0,210.0,172.0,True
4445,2,19.0,179.0,49.0,209.0,True
4445,2,58.0,23.0,88.0,53.0,True
4445,2,97.0,101.0,127.0,131.0,True
4446,2,19.0,138.0,49.0,168.0,True
4446,2,19.0,177.0,49.0,207.0,True
4446,2,58.0,60.0,88.0,90.0,True
4447,2,20.0,171.0,50.0,201.0,True
4447,2,98.0,132.0,128.0,162.0,True
4447,2,137.0,171.0,167.0,201.0,True
4448,2,20.0,179.0,50.0,209.0,True
4448,2,176.0,23.0,206.0,53.0,True
4448,2,176.0,179.0,206.0,209.0,True
4449,2,55.0,16.0,85.0,46.0,True
4449,2,55.0,55.0,85.0,85.0,True
4449,2,55.0,94.0,85.0,124.0,True
4450,2,55.0,17.0,85.0,47.0,True
4450,2,94.0,17.0,124.0,47.0,True
4450,2,172.0,17.0,202.0,47.0,True
4451,2,21.0,133.0,51.0,163.0,True
4451,2,60.0,16.0,90.0,46.0,True
4451,2,138.0,55.0,168.0,85.0,True
4452,2,20.0,131.0,50.0,161.0,True
4452,2,59.0,53.0,89.0,83.0,True
4452,2,59.0,92.0,89.0,122.0,True
4453,2,24.0,134.0,54.0,164.0,True
4453,2,63.0,134.0,93.0,164.0,True
4453,2,102.0,17.0,132.0,47.0,True
4454,2,17.0,131.0,47.0,161.0,True
4454,2,56.0,131.0,86.0,161.0,True
4454,2,95.0,170.0,125.0,200.0,True
4455,2,15.0,141.0,45.0,171.0,True
4455,2,54.0,180.0,84.0,210.0,True
4455,2,132.0,24.0,162.0,54.0,True
4456,2,21.0,139.0,51.0,169.0,True
4456,2,177.0,22.0,207.0,52.0,True
4456,2,177.0,61.0,207.0,91.0,True
4457,2,14.0,132.0,44.0,162.0,True
4457,2,92.0,93.0,122.0,123.0,True
4457,2,170.0,15.0,200.0,45.0,True
4458,2,20.0,132.0,50.0,162.0,True
4458,2,98.0,132.0,128.0,162.0,True
4458,2,176.0,54.0,206.0,84.0,True
4459,2,175.0,14.0,205.0,44.0,True
4459,2,175.0,92.0,205.0,122.0,True
4459,2,175.0,131.0,205.0,161.0,True
4460,2,23.0,178.0,53.0,208.0,True
4460,2,62.0,22.0,92.0,52.0,True
4460,2,101.0,22.0,131.0,52.0,True
4461,2,15.0,179.0,45.0,209.0,True
4461,2,54.0,62.0,84.0,92.0,True
4461,2,132.0,179.0,162.0,209.0,True
4462,2,53.0,135.0,83.0,165.0,True
4462,2,131.0,96.0,161.0,126.0,True
4462,2,170.0,135.0,200.0,165.0,True
4463,2,59.0,175.0,89.0,205.0,True
4463,2,98.0,19.0,128.0,49.0,True
4463,2,98.0,136.0,128.0,166.0,True
4464,2,23.0,171.0,53.0,201.0,True
4464,2,101.0,15.0,131.0,45.0,True
4464,2,140.0,15.0,170.0,45.0,True
4465,2,20.0,171.0,50.0,201.0,True
4465,2,98.0,54.0,128.0,84.0,True
4465,2,98.0,132.0,128.0,162.0,True
4466,2,25.0,176.0,55.0,206.0,True
4466,2,103.0,98.0,133.0,128.0,True
4466,2,142.0,137.0,172.0,167.0,True
4467,2,60.0,57.0,90.0,87.0,True
4467,2,99.0,18.0,129.0,48.0,True
4467,2,177.0,96.0,207.0,126.0,True
4468,2,56.0,21.0,86.0,51.0,True
4468,2,134.0,99.0,164.0,129.0,True
4468,2,173.0,99.0,203.0,129.0,True
4469,2,55.0,22.0,85.0,52.0,True
4469,2,55.0,139.0,85.0,169.0,True
4469,2,55.0,178.0,85.0,208.0,True
4470,2,63.0,22.0,93.0,52.0,True
4470,2,102.0,100.0,132.0,130.0,True
4470,2,141.0,22.0,171.0,52.0,True
4471,2,61.0,23.0,91.0,53.0,True
4471,2,100.0,23.0,130.0,53.0,True
4471,2,178.0,23.0,208.0,53.0,True
4472,2,60.0,16.0,90.0,46.0,True
4472,2,99.0,16.0,129.0,46.0,True
4472,2,138.0,133.0,168.0,163.0,True
4473,2,56.0,21.0,86.0,51.0,True
4473,2,95.0,99.0,125.0,129.0,True
4473,2,173.0,21.0,203.0,51.0,True
4474,2,94.0,132.0,124.0,162.0,True
4474,2,133.0,15.0,163.0,45.0,True
4474,2,172.0,54.0,202.0,84.0,True
4475,2,58.0,14.0,88.0,44.0,True
4475,2,175.0,14.0,205.0,44.0,True
4475,2,175.0,131.0,205.0,161.0,True
4476,2,97.0,56.0,127.0,86.0,True
4476,2,136.0,173.0,166.0,203.0,True
4476,2,175.0,95.0,205.0,125.0,True
4477,2,59.0,61.0,89.0,91.0,True
4477,2,137.0,100.0,167.0,130.0,True
4477,2,137.0,139.0,167.0,169.0,True
4478,2,58.0,56.0,88.0,86.0,True
4478,2,136.0,56.0,166.0,86.0,True
4478,2,175.0,173.0,205.0,203.0,True
4479,2,54.0,96.0,84.0,126.0,True
4479,2,54.0,135.0,84.0,165.0,True
4479,2,93.0,174.0,123.0,204.0,True
4480,2,58.0,138.0,88.0,168.0,True
4480,2,136.0,177.0,166.0,207.0,True
4480,2,175.0,60.0,205.0,90.0,True
4481,2,63.0,92.0,93.0,122.0,True
4481,2,141.0,92.0,171.0,122.0,True
4481,2,180.0,53.0,210.0,83.0,True
4482,2,60.0,131.0,90.0,161.0,True
4482,2,99.0,14.0,129.0,44.0,True
4482,2,177.0,53.0,207.0,83.0,True
4483,2,62.0,137.0,92.0,167.0,True
4483,2,101.0,20.0,131.0,50.0,True
4483,2,179.0,20.0,209.0,50.0,True
4484,2,56.0,135.0,86.0,165.0,True
4484,2,95.0,135.0,125.0,165.0,True
4484,2,173.0,18.0,203.0,48.0,True
4485,2,57.0,181.0,87.0,211.0,True
4485,2,96.0,64.0,126.0,94.0,True
4485,2,174.0,64.0,204.0,94.0,True
4486,2,60.0,177.0,90.0,207.0,True
4486,2,99.0,60.0,129.0,90.0,True
4486,2,138.0,21.0,168.0,51.0,True
4487,2,59.0,174.0,89.0,204.0,True
4487,2,98.0,57.0,128.0,87.0,True
4487,2,176.0,96.0,206.0,126.0,True
4488,2,101.0,133.0,131.0,163.0,True
4488,2,179.0,94.0,209.0,124.0,True
4488,2,179.0,133.0,209.0,163.0,True
4489,2,61.0,178.0,91.0,208.0,True
4489,2,139.0,178.0,169.0,208.0,True
4489,2,178.0,100.0,208.0,130.0,True
4490,2,103.0,98.0,133.0,128.0,True
4490,2,103.0,137.0,133.0,167.0,True
4490,2,181.0,137.0,211.0,167.0,True
4491,2,97.0,179.0,127.0,209.0,True
4491,2,136.0,101.0,166.0,131.0,True
4491,2,175.0,179.0,205.0,209.0,True
4492,2,94.0,63.0,124.0,93.0,True
4492,2,133.0,63.0,163.0,93.0,True
4492,2,133.0,180.0,163.0,210.0,True
4493,2,181.0,17.0,211.0,47.0,True
4493,2,181.0,56.0,211.0,86.0,True
4493,2,181.0,134.0,211.0,164.0,True
4494,2,101.0,100.0,131.0,130.0,True
4494,2,101.0,178.0,131.0,208.0,True
4494,2,179.0,22.0,209.0,52.0,True
4495,2,96.0,95.0,126.0,125.0,True
4495,2,96.0,173.0,126.0,203.0,True
4495,2,135.0,134.0,165.0,164.0,True
4496,2,95.0,94.0,125.0,124.0,True
4496,2,134.0,94.0,164.0,124.0,True
4496,2,173.0,16.0,203.0,46.0,True
4497,2,95.0,134.0,125.0,164.0,True
4497,2,134.0,134.0,164.0,164.0,True
4497,2,173.0,56.0,203.0,86.0,True
4498,2,132.0,92.0,162.0,122.0,True
4498,2,132.0,131.0,162.0,161.0,True
4498,2,171.0,53.0,201.0,83.0,True
4499,2,135.0,92.0,165.0,122.0,True
4499,2,135.0,170.0,165.0,200.0,True
4499,2,174.0,92.0,204.0,122.0,True
4500,2,13.0,18.0,43.0,48.0,True
4500,2,13.0,57.0,43.0,87.0,True
4500,2,52.0,57.0,82.0,87.0,True
4500,2,91.0,96.0,121.0,126.0,True
4501,2,17.0,15.0,47.0,45.0,True
4501,2,17.0,54.0,47.0,84.0,True
4501,2,56.0,171.0,86.0,201.0,True
4501,2,134.0,93.0,164.0,123.0,True
4502,2,22.0,18.0,52.0,48.0,True
4502,2,22.0,57.0,52.0,87.0,True
4502,2,100.0,96.0,130.0,126.0,True
4502,2,100.0,135.0,130.0,165.0,True
4503,2,22.0,23.0,52.0,53.0,True
4503,2,22.0,101.0,52.0,131.0,True
4503,2,61.0,101.0,91.0,131.0,True
4503,2,139.0,179.0,169.0,209.0,True
4504,2,16.0,16.0,46.0,46.0,True
4504,2,16.0,133.0,46.0,163.0,True
4504,2,55.0,133.0,85.0,163.0,True
4504,2,94.0,55.0,124.0,85.0,True
4505,2,22.0,13.0,52.0,43.0,True
4505,2,22.0,130.0,52.0,160.0,True
4505,2,178.0,91.0,208.0,121.0,True
4505,2,178.0,130.0,208.0,160.0,True
4506,2,15.0,19.0,45.0,49.0,True
4506,2,15.0,175.0,45.0,205.0,True
4506,2,54.0,175.0,84.0,205.0,True
4506,2,171.0,97.0,201.0,127.0,True
4507,2,23.0,20.0,53.0,50.0,True
4507,2,62.0,20.0,92.0,50.0,True
4507,2,62.0,59.0,92.0,89.0,True
4507,2,101.0,20.0,131.0,50.0,True
4508,2,16.0,23.0,46.0,53.0,True
4508,2,55.0,62.0,85.0,92.0,True
4508,2,55.0,101.0,85.0,131.0,True
4508,2,172.0,140.0,202.0,170.0,True
4509,2,13.0,24.0,43.0,54.0,True
4509,2,52.0,141.0,82.0,171.0,True
4509,2,52.0,180.0,82.0,210.0,True
4509,2,91.0,24.0,121.0,54.0,True
4510,2,16.0,18.0,46.0,48.0,True
4510,2,55.0,174.0,85.0,204.0,True
4510,2,94.0,57.0,124.0,87.0,True
4510,2,133.0,174.0,163.0,204.0,True
4511,2,22.0,17.0,52.0,47.0,True
4511,2,100.0,173.0,130.0,203.0,True
4511,2,139.0,95.0,169.0,125.0,True
4511,2,178.0,56.0,208.0,86.0,True
4512,2,20.0,16.0,50.0,46.0,True
4512,2,137.0,16.0,167.0,46.0,True
4512,2,137.0,172.0,167.0,202.0,True
4512,2,176.0,55.0,206.0,85.0,True
4513,2,16.0,24.0,46.0,54.0,True
4513,2,133.0,180.0,163.0,210.0,True
4513,2,172.0,102.0,202.0,132.0,True
4513,2,172.0,180.0,202.0,210.0,True
4514,2,21.0,54.0,51.0,84.0,True
4514,2,21.0,93.0,51.0,123.0,True
4514,2,21.0,132.0,51.0,162.0,True
4514,2,60.0,54.0,90.0,84.0,True
4515,2,17.0,57.0,47.0,87.0,True
4515,2,17.0,135.0,47.0,165.0,True
4515,2,95.0,18.0,125.0,48.0,True
4515,2,134.0,18.0,164.0,48.0,True
4516,2,17.0,61.0,47.0,91.0,True
4516,2,17.0,139.0,47.0,169.0,True
4516,2,95.0,22.0,125.0,52.0,True
4516,2,134.0,139.0,164.0,169.0,True
4517,2,13.0,62.0,43.0,92.0,True
4517,2,13.0,179.0,43.0,209.0,True
4517,2,52.0,23.0,82.0,53.0,True
4517,2,130.0,101.0,160.0,131.0,True
4518,2,23.0,53.0,53.0,83.0,True
4518,2,23.0,170.0,53.0,200.0,True
4518,2,62.0,92.0,92.0,122.0,True
4518,2,62.0,170.0,92.0,200.0,True
4519,2,13.0,52.0,43.0,82.0,True
4519,2,13.0,169.0,43.0,199.0,True
4519,2,91.0,130.0,121.0,160.0,True
4519,2,91.0,169.0,121.0,199.0,True
4520,2,14.0,57.0,44.0,87.0,True
4520,2,14.0,174.0,44.0,204.0,True
4520,2,131.0,57.0,161.0,87.0,True
4520,2,131.0,96.0,161.0,126.0,True
4521,2,18.0,62.0,48.0,92.0,True
4521,2,57.0,23.0,87.0,53.0,True
4521,2,96.0,140.0,126.0,170.0,True
4521,2,135.0,140.0,165.0,170.0,True
4522,2,20.0,62.0,50.0,92.0,True
4522,2,59.0,23.0,89.0,53.0,True
4522,2,98.0,140.0,128.0,170.0,True
4522,2,176.0,62.0,206.0,92.0,True
4523,2,16.0,56.0,46.0,86.0,True
4523,2,55.0,56.0,85.0,86.0,True
4523,2,55.0,95.0,85.0,125.0,True
4523,2,172.0,17.0,202.0,47.0,True
4524,2,21.0,61.0,51.0,91.0,True
4524,2,60.0,61.0,90.0,91.0,True
4524,2,60.0,178.0,90.0,208.0,True
4524,2,99.0,22.0,129.0,52.0,True
4525,2,19.0,62.0,49.0,92.0,True
4525,2,58.0,101.0,88.0,131.0,True
4525,2,136.0,140.0,166.0,170.0,True
4525,2,175.0,140.0,205.0,170.0,True
4526,2,24.0,57.0,54.0,87.0,True
4526,2,63.0,135.0,93.0,165.0,True
4526,2,141.0,18.0,171.0,48.0,True
4526,2,141.0,57.0,171.0,87.0,True
4527,2,19.0,57.0,49.0,87.0,True
4527,2,58.0,174.0,88.0,204.0,True
4527,2,136.0,174.0,166.0,204.0,True
4527,2,175.0,18.0,205.0,48.0,True
4528,2,16.0,62.0,46.0,92.0,True
4528,2,94.0,23.0,124.0,53.0,True
4528,2,172.0,101.0,202.0,131.0,True
4528,2,172.0,179.0,202.0,209.0,True
4529,2,15.0,53.0,45.0,83.0,True
4529,2,93.0,131.0,123.0,161.0,True
4529,2,171.0,53.0,201.0,83.0,True
4529,2,171.0,170.0,201.0,200.0,True
4530,2,24.0,52.0,54.0,82.0,True
4530,2,141.0,52.0,171.0,82.0,True
4530,2,141.0,130.0,171.0,160.0,True
4530,2,141.0,169.0,171.0,199.0,True
4531,2,20.0,58.0,50.0,88.0,True
4531,2,137.0,58.0,167.0,88.0,True
4531,2,176.0,97.0,206.0,127.0,True
4531,2,176.0,136.0,206.0,166.0,True
4532,2,17.0,101.0,47.0,131.0,True
4532,2,17.0,140.0,47.0,170.0,True
4532,2,56.0,23.0,86.0,53.0,True
4532,2,134.0,179.0,164.0,209.0,True
4533,2,15.0,98.0,45.0,128.0,True
4533,2,15.0,137.0,45.0,167.0,True
4533,2,93.0,59.0,123.0,89.0,True
4533,2,93.0,98.0,123.0,128.0,True
4534,2,16.0,101.0,46.0,131.0,True
4534,2,16.0,179.0,46.0,209.0,True
4534,2,55.0,101.0,85.0,131.0,True
4534,2,172.0,62.0,202.0,92.0,True
4535,2,13.0,100.0,43.0,130.0,True
4535,2,13.0,178.0,43.0,208.0,True
4535,2,52.0,139.0,82.0,169.0,True
4535,2,52.0,178.0,82.0,208.0,True
4536,2,17.0,93.0,47.0,123.0,True
4536,2,56.0,54.0,86.0,84.0,True
4536,2,56.0,171.0,86.0,201.0,True
4536,2,134.0,171.0,164.0,201.0,True
4537,2,20.0,94.0,50.0,124.0,True
4537,2,59.0,55.0,89.0,85.0,True
4537,2,98.0,133.0,128.0,163.0,True
4537,2,176.0,16.0,206.0,46.0,True
4538,2,14.0,93.0,44.0,123.0,True
4538,2,53.0,171.0,83.0,201.0,True
4538,2,92.0,132.0,122.0,162.0,True
4538,2,170.0,93.0,200.0,123.0,True
4539,2,24.0,99.0,54.0,129.0,True
4539,2,102.0,21.0,132.0,51.0,True
4539,2,141.0,177.0,171.0,207.0,True
4539,2,180.0,60.0,210.0,90.0,True
4540,2,13.0,99.0,43.0,129.0,True
4540,2,91.0,60.0,121.0,90.0,True
4540,2,91.0,138.0,121.0,168.0,True
4540,2,169.0,99.0,199.0,129.0,True
4541,2,19.0,102.0,49.0,132.0,True
4541,2,136.0,141.0,166.0,171.0,True
4541,2,175.0,63.0,205.0,93.0,True
4541,2,175.0,102.0,205.0,132.0,True
4542,2,19.0,140.0,49.0,170.0,True
4542,2,19.0,179.0,49.0,209.0,True
4542,2,58.0,62.0,88.0,92.0,True
4542,2,175.0,23.0,205.0,53.0,True
4543,2,21.0,137.0,51.0,167.0,True
4543,2,21.0,176.0,51.0,206.0,True
4543,2,99.0,59.0,129.0,89.0,True
4543,2,177.0,20.0,207.0,50.0,True
4544,2,20.0,138.0,50.0,168.0,True
4544,2,20.0,177.0,50.0,207.0,True
4544,2,98.0,138.0,128.0,168.0,True
4544,2,176.0,99.0,206.0,129.0,True
4545,2,19.0,138.0,49.0,168.0,True
4545,2,58.0,21.0,88.0,51.0,True
4545,2,58.0,99.0,88.0,129.0,True
4545,2,175.0,99.0,205.0,129.0,True
4546,2,19.0,137.0,49.0,167.0,True
4546,2,58.0,20.0,88.0,50.0,True
4546,2,97.0,137.0,127.0,167.0,True
4546,2,175.0,137.0,205.0,167.0,True
4547,2,24.0,131.0,54.0,161.0,True
4547,2,63.0,14.0,93.0,44.0,True
4547,2,180.0,92.0,210.0,122.0,True
4547,2,180.0,131.0,210.0,161.0,True
4548,2,19.0,137.0,49.0,167.0,True
4548,2,58.0,59.0,88.0,89.0,True
4548,2,58.0,137.0,88.0,167.0,True
4548,2,175.0,137.0,205.0,167.0,True
4549,2,24.0,131.0,54.0,161.0,True
4549,2,63.0,170.0,93.0,200.0,True
4549,2,102.0,14.0,132.0,44.0,True
4549,2,180.0,14.0,210.0,44.0,True
4550,2,14.0,140.0,44.0,170.0,True
4550,2,92.0,23.0,122.0,53.0,True
4550,2,92.0,179.0,122.0,209.0,True
4550,2,131.0,62.0,161.0,92.0,True
4551,2,19.0,141.0,49.0,171.0,True
4551,2,97.0,102.0,127.0,132.0,True
4551,2,175.0,141.0,205.0,171.0,True
4551,2,175.0,180.0,205.0,210.0,True
4552,2,14.0,175.0,44.0,205.0,True
4552,2,53.0,19.0,83.0,49.0,True
4552,2,92.0,175.0,122.0,205.0,True
4552,2,170.0,175.0,200.0,205.0,True
4553,2,13.0,174.0,43.0,204.0,True
4553,2,52.0,18.0,82.0,48.0,True
4553,2,130.0,135.0,160.0,165.0,True
4553,2,169.0,57.0,199.0,87.0,True
4554,2,19.0,175.0,49.0,205.0,True
4554,2,58.0,58.0,88.0,88.0,True
4554,2,97.0,97.0,127.0,127.0,True
4554,2,97.0,136.0,127.0,166.0,True
4555,2,15.0,170.0,45.0,200.0,True
4555,2,54.0,53.0,84.0,83.0,True
4555,2,132.0,92.0,162.0,122.0,True
4555,2,132.0,131.0,162.0,161.0,True
4556,2,19.0,179.0,49.0,209.0,True
4556,2,58.0,101.0,88.0,131.0,True
4556,2,97.0,23.0,127.0,53.0,True
4556,2,97.0,62.0,127.0,92.0,True
4557,2,22.0,177.0,52.0,207.0,True
4557,2,61.0,138.0,91.0,168.0,True
4557,2,100.0,177.0,130.0,207.0,True
4557,2,139.0,60.0,169.0,90.0,True
4558,2,18.0,172.0,48.0,202.0,True
4558,2,96.0,16.0,126.0,46.0,True
4558,2,135.0,55.0,165.0,85.0,True
4558,2,174.0,55.0,204.0,85.0,True
4559,2,18.0,173.0,48.0,203.0,True
4559,2,96.0,134.0,126.0,164.0,True
4559,2,135.0,17.0,165.0,47.0,True
4559,2,174.0,134.0,204.0,164.0,True
4560,2,18.0,176.0,48.0,206.0,True
4560,2,135.0,59.0,165.0,89.0,True
4560,2,135.0,137.0,165.0,167.0,True
4560,2,174.0,98.0,204.0,128.0,True
4561,2,59.0,14.0,89.0,44.0,True
4561,2,59.0,53.0,89.0,83.0,True
4561,2,59.0,170.0,89.0,200.0,True
4561,2,98.0,53.0,128.0,83.0,True
4562,2,63.0,22.0,93.0,52.0,True
4562,2,63.0,61.0,93.0,91.0,True
4562,2,102.0,178.0,132.0,208.0,True
4562,2,180.0,22.0,210.0,52.0,True
4563,2,54.0,22.0,84.0,52.0,True
4563,2,54.0,139.0,84.0,169.0,True
4563,2,93.0,178.0,123.0,208.0,True
4563,2,171.0,100.0,201.0,130.0,True
4564,2,58.0,13.0,88.0,43.0,True
4564,2,58.0,169.0,88.0,199.0,True
4564,2,97.0,52.0,127.0,82.0,True
4564,2,97.0,91.0,127.0,121.0,True
4565,2,59.0,20.0,89.0,50.0,True
4565,2,59.0,176.0,89.0,206.0,True
4565,2,176.0,20.0,206.0,50.0,True
4565,2,176.0,176.0,206.0,206.0,True
4566,2,53.0,17.0,83.0,47.0,True
4566,2,92.0,56.0,122.0,86.0,True
4566,2,131.0,134.0,161.0,164.0,True
4566,2,131.0,173.0,161.0,203.0,True
4567,2,62.0,17.0,92.0,47.0,True
4567,2,140.0,134.0,170.0,164.0,True
4567,2,179.0,17.0,209.0,47.0,True
4567,2,179.0,56.0,209.0,86.0,True
4568,2,62.0,61.0,92.0,91.0,True
4568,2,62.0,100.0,92.0,130.0,True
4568,2,101.0,61.0,131.0,91.0,True
4568,2,101.0,178.0,131.0,208.0,True
4569,2,62.0,60.0,92.0,90.0,True
4569,2,62.0,177.0,92.0,207.0,True
4569,2,140.0,60.0,170.0,90.0,True
4569,2,179.0,60.0,209.0,90.0,True
4570,2,58.0,55.0,88.0,85.0,True
4570,2,97.0,55.0,127.0,85.0,True
4570,2,97.0,94.0,127.0,124.0,True
4570,2,175.0,55.0,205.0,85.0,True
4571,2,56.0,54.0,86.0,84.0,True
4571,2,95.0,54.0,125.0,84.0,True
4571,2,95.0,132.0,125.0,162.0,True
4571,2,134.0,54.0,164.0,84.0,True
4572,2,54.0,58.0,84.0,88.0,True
4572,2,93.0,58.0,123.0,88.0,True
4572,2,132.0,58.0,162.0,88.0,True
4572,2,132.0,175.0,162.0,205.0,True
4573,2,56.0,55.0,86.0,85.0,True
4573,2,95.0,133.0,125.0,163.0,True
4573,2,134.0,16.0,164.0,46.0,True
4573,2,173.0,94.0,203.0,124.0,True
4574,2,52.0,61.0,82.0,91.0,True
4574,2,91.0,139.0,121.0,169.0,True
4574,2,130.0,178.0,160.0,208.0,True
4574,2,169.0,61.0,199.0,91.0,True
4575,2,58.0,57.0,88.0,87.0,True
4575,2,97.0,174.0,127.0,204.0,True
4575,2,136.0,57.0,166.0,87.0,True
4575,2,175.0,57.0,205.0,87.0,True
4576,2,58.0,63.0,88.0,93.0,True
4576,2,136.0,180.0,166.0,210.0,True
4576,2,175.0,24.0,205.0,54.0,True
4576,2,175.0,102.0,205.0,132.0,True
4577,2,56.0,94.0,86.0,124.0,True
4577,2,56.0,133.0,86.0,163.0,True
4577,2,134.0,172.0,164.0,202.0,True
4577,2,173.0,55.0,203.0,85.0,True
4578,2,55.0,95.0,85.0,125.0,True
4578,2,55.0,173.0,85.0,203.0,True
4578,2,94.0,56.0,124.0,86.0,True
4578,2,172.0,95.0,202.0,125.0,True
4579,2,58.0,100.0,88.0,130.0,True
4579,2,58.0,178.0,88.0,208.0,True
4579,2,97.0,139.0,127.0,169.0,True
4579,2,175.0,139.0,205.0,169.0,True
4580,2,58.0,94.0,88.0,124.0,True
4580,2,58.0,172.0,88.0,202.0,True
4580,2,136.0,55.0,166.0,85.0,True
4580,2,175.0,94.0,205.0,124.0,True
4581,2,59.0,93.0,89.0,123.0,True
4581,2,98.0,54.0,128.0,84.0,True
4581,2,98.0,132.0,128.0,162.0,True
4581,2,137.0,15.0,167.0,45.0,True
4582,2,56.0,91.0,86.0,121.0,True
4582,2,95.0,52.0,125.0,82.0,True
4582,2,134.0,169.0,164.0,199.0,True
4582,2,173.0,91.0,203.0,121.0,True
4583,2,61.0,98.0,91.0,128.0,True
4583,2,139.0,59.0,169.0,89.0,True
4583,2,139.0,98.0,169.0,128.0,True
4583,2,178.0,98.0,208.0,128.0,True
4584,2,63.0,100.0,93.0,130.0,True
4584,2,141.0,100.0,171.0,130.0,True
4584,2,141.0,178.0,171.0,208.0,True
4584,2,180.0,178.0,210.0,208.0,True
4585,2,52.0,130.0,82.0,160.0,True
4585,2,91.0,130.0,121.0,160.0,True
4585,2,91.0,169.0,121.0,199.0,True
4585,2,169.0,130.0,199.0,160.0,True
4586,2,61.0,138.0,91.0,168.0,True
4586,2,100.0,138.0,130.0,168.0,True
4586,2,139.0,138.0,169.0,168.0,True
4586,2,178.0,177.0,208.0,207.0,True
4587,2,62.0,140.0,92.0,170.0,True
4587,2,140.0,23.0,170.0,53.0,True
4587,2,140.0,101.0,170.0,131.0,True
4587,2,179.0,140.0,209.0,170.0,True
4588,2,60.0,139.0,90.0,169.0,True
4588,2,138.0,61.0,168.0,91.0,True
4588,2,138.0,178.0,168.0,208.0,True
4588,2,177.0,178.0,207.0,208.0,True
4589,2,58.0,178.0,88.0,208.0,True
4589,2,97.0,61.0,127.0,91.0,True
4589,2,97.0,139.0,127.0,169.0,True
4589,2,136.0,61.0,166.0,91.0,True
4590,2,53.0,180.0,83.0,210.0,True
4590,2,92.0,141.0,122.0,171.0,True
4590,2,131.0,24.0,161.0,54.0,True
4590,2,170.0,180.0,200.0,210.0,True
4591,2,95.0,22.0,125.0,52.0,True
4591,2,95.0,100.0,125.0,130.0,True
4591,2,95.0,139.0,125.0,169.0,True
4591,2,134.0,22.0,164.0,52.0,True
4592,2,97.0,53.0,127.0,83.0,True
4592,2,97.0,92.0,127.0,122.0,True
4592,2,136.0,53.0,166.0,83.0,True
4592,2,175.0,14.0,205.0,44.0,True
4593,2,100.0,61.0,130.0,91.0,True
4593,2,100.0,178.0,130.0,208.0,True
4593,2,178.0,22.0,208.0,52.0,True
4593,2,178.0,139.0,208.0,169.0,True
4594,2,102.0,55.0,132.0,85.0,True
4594,2,141.0,55.0,171.0,85.0,True
4594,2,141.0,172.0,171.0,202.0,True
4594,2,180.0,16.0,210.0,46.0,True
4595,2,97.0,62.0,127.0,92.0,True
4595,2,136.0,62.0,166.0,92.0,True
4595,2,175.0,23.0,205.0,53.0,True
4595,2,175.0,179.0,205.0,209.0,True
4596,2,97.0,136.0,127.0,166.0,True
4596,2,136.0,97.0,166.0,127.0,True
4596,2,136.0,136.0,166.0,166.0,True
4596,2,175.0,136.0,205.0,166.0,True
4597,2,101.0,133.0,131.0,163.0,True
4597,2,140.0,94.0,170.0,124.0,True
4597,2,179.0,94.0,209.0,124.0,True
4597,2,179.0,172.0,209.0,202.0,True
4598,2,141.0,60.0,171.0,90.0,True
4598,2,141.0,99.0,171.0,129.0,True
4598,2,180.0,60.0,210.0,90.0,True
4598,2,180.0,138.0,210.0,168.0,True
4599,2,131.0,52.0,161.0,82.0,True
4599,2,131.0,130.0,161.0,160.0,True
4599,2,170.0,52.0,200.0,82.0,True
4599,2,170.0,169.0,200.0,199.0,True
4600,2,59.0,179.0,89.0,209.0,True
4600,2,98.0,62.0,128.0,92.0,True
4600,2,98.0,140.0,128.0,170.0,True
4600,2,137.0,101.0,167.0,131.0,True
4600,2,176.0,23.0,206.0,53.0,True
4600,2,176.0,62.0,206.0,92.0,True
4600,2,176.0,179.0,206.0,209.0,True
4601,2,19.0,14.0,49.0,44.0,True
4601,2,19.0,92.0,49.0,122.0,True
4601,2,58.0,14.0,88.0,44.0,True
4601,2,97.0,53.0,127.0,83.0,True
4601,2,136.0,53.0,166.0,83.0,True
4601,2,136.0,170.0,166.0,200.0,True
4601,2,175.0,131.0,205.0,161.0,True
4602,2,20.0,14.0,50.0,44.0,True
4602,2,20.0,53.0,50.0,83.0,True
4602,2,59.0,92.0,89.0,122.0,True
4602,2,59.0,170.0,89.0,200.0,True
4602,2,98.0,170.0,128.0,200.0,True
4602,2,137.0,131.0,167.0,161.0,True
4602,2,176.0,14.0,206.0,44.0,True
4603,2,23.0,20.0,53.0,50.0,True
4603,2,23.0,137.0,53.0,167.0,True
4603,2,62.0,176.0,92.0,206.0,True
4603,2,140.0,20.0,170.0,50.0,True
4603,2,179.0,98.0,209.0,128.0,True
4603,2,179.0,137.0,209.0,167.0,True
4603,2,179.0,176.0,209.0,206.0,True
4604,2,16.0,63.0,46.0,93.0,True
4604,2,16.0,102.0,46.0,132.0,True
4604,2,16.0,180.0,46.0,210.0,True
4604,2,55.0,24.0,85.0,54.0,True
4604,2,55.0,102.0,85.0,132.0,True
4604,2,94.0,63.0,124.0,93.0,True
4604,2,133.0,102.0,163.0,132.0,True
4605,2,18.0,59.0,48.0,89.0,True
4605,2,18.0,137.0,48.0,167.0,True
4605,2,18.0,176.0,48.0,206.0,True
4605,2,96.0,137.0,126.0,167.0,True
4605,2,96.0,176.0,126.0,206.0,True
4605,2,135.0,137.0,165.0,167.0,True
4605,2,174.0,20.0,204.0,50.0,True
4606,2,25.0,59.0,55.0,89.0,True
4606,2,25.0,98.0,55.0,128.0,True
4606,2,25.0,176.0,55.0,206.0,True
4606,2,64.0,98.0,94.0,128.0,True
4606,2,103.0,137.0,133.0,167.0,True
4606,2,181.0,98.0,211.0,128.0,True
4606,2,181.0,137.0,211.0,167.0,True
4607,2,15.0,54.0,45.0,84.0,True
4607,2,15.0,132.0,45.0,162.0,True
4607,2,15.0,171.0,45.0,201.0,True
4607,2,54.0,15.0,84.0,45.0,True
4607,2,54.0,54.0,84.0,84.0,True
4607,2,93.0,54.0,123.0,84.0,True
4607,2,171.0,171.0,201.0,201.0,True
4608,2,16.0,131.0,46.0,161.0,True
4608,2,55.0,14.0,85.0,44.0,True
4608,2,55.0,53.0,85.0,83.0,True
4608,2,55.0,131.0,85.0,161.0,True
4608,2,94.0,131.0,124.0,161.0,True
4608,2,133.0,131.0,163.0,161.0,True
4608,2,172.0,14.0,202.0,44.0,True
4609,2,19.0,181.0,49.0,211.0,True
4609,2,58.0,103.0,88.0,133.0,True
4609,2,58.0,142.0,88.0,172.0,True
4609,2,97.0,103.0,127.0,133.0,True
4609,2,136.0,103.0,166.0,133.0,True
4609,2,136.0,142.0,166.0,172.0,True
4609,2,175.0,142.0,205.0,172.0,True
4610,2,96.0,63.0,126.0,93.0,True
4610,2,96.0,180.0,126.0,210.0,True
4610,2,135.0,63.0,165.0,93.0,True
4610,2,135.0,102.0,165.0,132.0,True
4610,2,135.0,180.0,165.0,210.0,True
4610,2,174.0,24.0,204.0,54.0,True
4610,2,174.0,102.0,204.0,132.0,True
4611,2,22.0,18.0,52.0,48.0,True
4611,2,22.0,174.0,52.0,204.0,True
4611,2,61.0,18.0,91.0,48.0,True
4611,2,61.0,57.0,91.0,87.0,True
4611,2,61.0,96.0,91.0,126.0,True
4611,2,100.0,174.0,130.0,204.0,True
4611,2,139.0,18.0,169.0,48.0,True
4612,2,16.0,60.0,46.0,90.0,True
4612,2,16.0,99.0,46.0,129.0,True
4612,2,94.0,99.0,124.0,129.0,True
4612,2,94.0,138.0,124.0,168.0,True
4612,2,94.0,177.0,124.0,207.0,True
4612,2,133.0,99.0,163.0,129.0,True
4612,2,172.0,177.0,202.0,207.0,True
4613,2,22.0,101.0,52.0,131.0,True
4613,2,22.0,140.0,52.0,170.0,True
4613,2,61.0,101.0,91.0,131.0,True
4613,2,61.0,140.0,91.0,170.0,True
4613,2,100.0,101.0,130.0,131.0,True
4613,2,178.0,23.0,208.0,53.0,True
4613,2,178.0,140.0,208.0,170.0,True
4614,2,22.0,58.0,52.0,88.0,True
4614,2,61.0,175.0,91.0,205.0,True
4614,2,100.0,136.0,130.0,166.0,True
4614,2,139.0,97.0,169.0,127.0,True
4614,2,139.0,175.0,169.0,205.0,True
4614,2,178.0,136.0,208.0,166.0,True
4614,2,178.0,175.0,208.0,205.0,True
4615,2,21.0,103.0,51.0,133.0,True
4615,2,60.0,103.0,90.0,133.0,True
4615,2,60.0,142.0,90.0,172.0,True
4615,2,99.0,64.0,129.0,94.0,True
4615,2,99.0,142.0,129.0,172.0,True
4615,2,177.0,25.0,207.0,55.0,True
4615,2,177.0,181.0,207.0,211.0,True
4616,2,20.0,171.0,50.0,201.0,True
4616,2,59.0,54.0,89.0,84.0,True
4616,2,59.0,132.0,89.0,162.0,True
4616,2,98.0,15.0,128.0,45.0,True
4616,2,137.0,171.0,167.0,201.0,True
4616,2,176.0,15.0,206.0,45.0,True
4616,2,176.0,132.0,206.0,162.0,True
4617,2,21.0,63.0,51.0,93.0,True
4617,2,21.0,102.0,51.0,132.0,True
4617,2,60.0,24.0,90.0,54.0,True
4617,2,99.0,63.0,129.0,93.0,True
4617,2,138.0,24.0,168.0,54.0,True
4617,2,177.0,63.0,207.0,93.0,True
4617,2,177.0,102.0,207.0,132.0,True
4618,2,60.0,95.0,90.0,125.0,True
4618,2,60.0,173.0,90.0,203.0,True
4618,2,99.0,134.0,129.0,164.0,True
4618,2,99.0,173.0,129.0,203.0,True
4618,2,138.0,17.0,168.0,47.0,True
4618,2,138.0,134.0,168.0,164.0,True
4618,2,138.0,173.0,168.0,203.0,True
4619,2,25.0,137.0,55.0,167.0,True
4619,2,64.0,59.0,94.0,89.0,True
4619,2,103.0,59.0,133.0,89.0,True
4619,2,142.0,98.0,172.0,128.0,True
4619,2,142.0,176.0,172.0,206.0,True
4619,2,181.0,59.0,211.0,89.0,True
4619,2,181.0,98.0,211.0,128.0,True
4620,2,17.0,14.0,47.0,44.0,True
4620,2,17.0,53.0,47.0,83.0,True
4620,2,17.0,92.0,47.0,122.0,True
4620,2,56.0,14.0,86.0,44.0,True
4620,2,95.0,53.0,125.0,83.0,True
4620,2,95.0,131.0,125.0,161.0,True
4620,2,173.0,92.0,203.0,122.0,True
4621,2,24.0,25.0,54.0,55.0,True
4621,2,24.0,142.0,54.0,172.0,True
4621,2,102.0,64.0,132.0,94.0,True
4621,2,102.0,181.0,132.0,211.0,True
4621,2,141.0,25.0,171.0,55.0,True
4621,2,141.0,142.0,171.0,172.0,True
4621,2,180.0,64.0,210.0,94.0,True
4622,2,21.0,21.0,51.0,51.0,True
4622,2,21.0,60.0,51.0,90.0,True
4622,2,60.0,138.0,90.0,168.0,True
4622,2,99.0,99.0,129.0,129.0,True
4622,2,99.0,138.0,129.0,168.0,True
4622,2,138.0,21.0,168.0,51.0,True
4622,2,177.0,177.0,207.0,207.0,True
4623,2,18.0,100.0,48.0,130.0,True
4623,2,18.0,178.0,48.0,208.0,True
4623,2,57.0,100.0,87.0,130.0,True
4623,2,57.0,178.0,87.0,208.0,True
4623,2,135.0,100.0,165.0,130.0,True
4623,2,174.0,22.0,204.0,52.0,True
4623,2,174.0,178.0,204.0,208.0,True
4624,2,22.0,17.0,52.0,47.0,True
4624,2,22.0,134.0,52.0,164.0,True
4624,2,61.0,173.0,91.0,203.0,True
4624,2,100.0,95.0,130.0,125.0,True
4624,2,100.0,134.0,130.0,164.0,True
4624,2,178.0,17.0,208.0,47.0,True
4624,2,178.0,173.0,208.0,203.0,True
4625,2,19.0,98.0,49.0,128.0,True
4625,2,58.0,176.0,88.0,206.0,True
4625,2,97.0,176.0,127.0,206.0,True
4625,2,136.0,59.0,166.0,89.0,True
4625,2,136.0,98.0,166.0,128.0,True
4625,2,136.0,137.0,166.0,167.0,True
4625,2,175.0,176.0,205.0,206.0,True
4626,2,16.0,17.0,46.0,47.0,True
4626,2,16.0,95.0,46.0,125.0,True
4626,2,16.0,134.0,46.0,164.0,True
4626,2,133.0,56.0,163.0,86.0,True
4626,2,133.0,95.0,163.0,125.0,True
4626,2,172.0,17.0,202.0,47.0,True
4626,2,172.0,173.0,202.0,203.0,True
4627,2,19.0,24.0,49.0,54.0,True
4627,2,19.0,63.0,49.0,93.0,True
4627,2,58.0,141.0,88.0,171.0,True
4627,2,97.0,102.0,127.0,132.0,True
4627,2,136.0,141.0,166.0,171.0,True
4627,2,175.0,141.0,205.0,171.0,True
4627,2,175.0,180.0,205.0,210.0,True
4628,2,14.0,54.0,44.0,84.0,True
4628,2,14.0,132.0,44.0,162.0,True
4628,2,14.0,171.0,44.0,201.0,True
4628,2,53.0,93.0,83.0,123.0,True
4628,2,92.0,15.0,122.0,45.0,True
4628,2,131.0,93.0,161.0,123.0,True
4628,2,131.0,132.0,161.0,162.0,True
4629,2,60.0,15.0,90.0,45.0,True
4629,2,60.0,93.0,90.0,123.0,True
4629,2,60.0,132.0,90.0,162.0,True
4629,2,99.0,54.0,129.0,84.0,True
4629,2,99.0,93.0,129.0,123.0,True
4629,2,99.0,132.0,129.0,162.0,True
4629,2,177.0,93.0,207.0,123.0,True
4630,2,55.0,15.0,85.0,45.0,True
4630,2,94.0,15.0,124.0,45.0,True
4630,2,94.0,54.0,124.0,84.0,True
4630,2,133.0,54.0,163.0,84.0,True
4630,2,133.0,132.0,163.0,162.0,True
4630,2,172.0,54.0,202.0,84.0,True
4630,2,172.0,132.0,202.0,162.0,True
4631,2,21.0,24.0,51.0,54.0,True
4631,2,60.0,63.0,90.0,93.0,True
4631,2,60.0,102.0,90.0,132.0,True
4631,2,99.0,141.0,129.0,171.0,True
4631,2,138.0,24.0,168.0,54.0,True
4631,2,138.0,141.0,168.0,171.0,True
4631,2,177.0,141.0,207.0,171.0,True
4632,2,18.0,61.0,48.0,91.0,True
4632,2,18.0,139.0,48.0,169.0,True
4632,2,57.0,61.0,87.0,91.0,True
4632,2,96.0,178.0,126.0,208.0,True
4632,2,135.0,100.0,165.0,130.0,True
4632,2,174.0,22.0,204.0,52.0,True
4632,2,174.0,178.0,204.0,208.0,True
4633,2,14.0,62.0,44.0,92.0,True
4633,2,14.0,140.0,44.0,170.0,True
4633,2,53.0,101.0,83.0,131.0,True
4633,2,92.0,140.0,122.0,170.0,True
4633,2,131.0,62.0,161.0,92.0,True
4633,2,170.0,62.0,200.0,92.0,True
4633,2,170.0,179.0,200.0,209.0,True
4634,2,17.0,139.0,47.0,169.0,True
4634,2,17.0,178.0,47.0,208.0,True
4634,2,95.0,22.0,125.0,52.0,True
4634,2,95.0,100.0,125.0,130.0,True
4634,2,95.0,139.0,125.0,169.0,True
4634,2,134.0,22.0,164.0,52.0,True
4634,2,134.0,61.0,164.0,91.0,True
4635,2,60.0,92.0,90.0,122.0,True
4635,2,60.0,131.0,90.0,161.0,True
4635,2,60.0,170.0,90.0,200.0,True
4635,2,99.0,14.0,129.0,44.0,True
4635,2,99.0,131.0,129.0,161.0,True
4635,2,138.0,53.0,168.0,83.0,True
4635,2,138.0,92.0,168.0,122.0,True
4636,2,17.0,132.0,47.0,162.0,True
4636,2,56.0,15.0,86.0,45.0,True
4636,2,95.0,15.0,125.0,45.0,True
4636,2,95.0,171.0,125.0,201.0,True
4636,2,134.0,15.0,164.0,45.0,True
4636,2,173.0,15.0,203.0,45.0,True
4636,2,173.0,93.0,203.0,123.0,True
4637,2,61.0,14.0,91.0,44.0,True
4637,2,61.0,53.0,91.0,83.0,True
4637,2,100.0,92.0,130.0,122.0,True
4637,2,100.0,131.0,130.0,161.0,True
4637,2,139.0,92.0,169.0,122.0,True
4637,2,139.0,170.0,169.0,200.0,True
4637,2,178.0,53.0,208.0,83.0,True
4638,2,18.0,64.0,48.0,94.0,True
4638,2,18.0,103.0,48.0,133.0,True
4638,2,57.0,64.0,87.0,94.0,True
4638,2,96.0,142.0,126.0,172.0,True
4638,2,135.0,103.0,165.0,133.0,True
4638,2,135.0,181.0,165.0,211.0,True
4638,2,174.0,64.0,204.0,94.0,True
4639,2,60.0,174.0,90.0,204.0,True
4639,2,99.0,18.0,129.0,48.0,True
4639,2,99.0,57.0,129.0,87.0,True
4639,2,99.0,174.0,129.0,204.0,True
4639,2,177.0,57.0,207.0,87.0,True
4639,2,177.0,96.0,207.0,126.0,True
4639,2,177.0,135.0,207.0,165.0,True
4640,2,25.0,56.0,55.0,86.0,True
4640,2,25.0,134.0,55.0,164.0,True
4640,2,25.0,173.0,55.0,203.0,True
4640,2,64.0,173.0,94.0,203.0,True
4640,2,103.0,173.0,133.0,203.0,True
4640,2,181.0,17.0,211.0,47.0,True
4640,2,181.0,95.0,211.0,125.0,True
4641,2,20.0,171.0,50.0,201.0,True
4641,2,59.0,171.0,89.0,201.0,True
4641,2,98.0,171.0,128.0,201.0,True
4641,2,137.0,54.0,167.0,84.0,True
4641,2,137.0,132.0,167.0,162.0,True
4641,2,176.0,54.0,206.0,84.0,True
4641,2,176.0,93.0,206.0,123.0,True
4642,2,14.0,97.0,44.0,127.0,True
4642,2,14.0,136.0,44.0,166.0,True
4642,2,53.0,175.0,83.0,205.0,True
4642,2,92.0,97.0,122.0,127.0,True
4642,2,92.0,175.0,122.0,205.0,True
4642,2,131.0,97.0,161.0,127.0,True
4642,2,170.0,136.0,200.0,166.0,True
4643,2,18.0,97.0,48.0,127.0,True
4643,2,18.0,136.0,48.0,166.0,True
4643,2,18.0,175.0,48.0,205.0,True
4643,2,96.0,97.0,126.0,127.0,True
4643,2,96.0,136.0,126.0,166.0,True
4643,2,135.0,175.0,165.0,205.0,True
4643,2,174.0,19.0,204.0,49.0,True
4644,2,14.0,24.0,44.0,54.0,True
4644,2,14.0,141.0,44.0,171.0,True
4644,2,53.0,24.0,83.0,54.0,True
4644,2,53.0,102.0,83.0,132.0,True
4644,2,53.0,141.0,83.0,171.0,True
4644,2,170.0,24.0,200.0,54.0,True
4644,2,170.0,180.0,200.0,210.0,True
4645,2,19.0,92.0,49.0,122.0,True
4645,2,58.0,92.0,88.0,122.0,True
4645,2,97.0,53.0,127.0,83.0,True
4645,2,175.0,14.0,205.0,44.0,True
4645,2,175.0,53.0,205.0,83.0,True
4645,2,175.0,92.0,205.0,122.0,True
4645,2,175.0,170.0,205.0,200.0,True
4646,2,14.0,141.0,44.0,171.0,True
4646,2,53.0,102.0,83.0,132.0,True
4646,2,53.0,180.0,83.0,210.0,True
4646,2,92.0,180.0,122.0,210.0,True
4646,2,131.0,141.0,161.0,171.0,True
4646,2,131.0,180.0,161.0,210.0,True
4646,2,170.0,24.0,200.0,54.0,True
4647,2,61.0,92.0,91.0,122.0,True
4647,2,61.0,170.0,91.0,200.0,True
4647,2,100.0,53.0,130.0,83.0,True
4647,2,100.0,92.0,130.0,122.0,True
4647,2,100.0,170.0,130.0,200.0,True
4647,2,178.0,92.0,208.0,122.0,True
4647,2,178.0,170.0,208.0,200.0,True
4648,2,23.0,23.0,53.0,53.0,True
4648,2,23.0,140.0,53.0,170.0,True
4648,2,23.0,179.0,53.0,209.0,True
4648,2,62.0,140.0,92.0,170.0,True
4648,2,62.0,179.0,92.0,209.0,True
4648,2,101.0,101.0,131.0,131.0,True
4648,2,101.0,179.0,131.0,209.0,True
4649,2,55.0,61.0,85.0,91.0,True
4649,2,55.0,139.0,85.0,169.0,True
4649,2,55.0,178.0,85.0,208.0,True
4649,2,94.0,22.0,124.0,52.0,True
4649,2,133.0,178.0,163.0,208.0,True
4649,2,172.0,22.0,202.0,52.0,True
4649,2,172.0,100.0,202.0,130.0,True
4650,2,25.0,173.0,55.0,203.0,True
4650,2,64.0,56.0,94.0,86.0,True
4650,2,64.0,95.0,94.0,125.0,True
4650,2,64.0,173.0,94.0,203.0,True
4650,2,103.0,17.0,133.0,47.0,True
4650,2,103.0,173.0,133.0,203.0,True
4650,2,181.0,56.0,211.0,86.0,True
4651,2,16.0,63.0,46.0,93.0,True
4651,2,16.0,102.0,46.0,132.0,True
4651,2,55.0,102.0,85.0,132.0,True
4651,2,94.0,63.0,124.0,93.0,True
4651,2,94.0,141.0,124.0,171.0,True
4651,2,172.0,24.0,202.0,54.0,True
4651,2,172.0,102.0,202.0,132.0,True
4652,2,18.0,135.0,48.0,165.0,True
4652,2,96.0,57.0,126.0,87.0,True
4652,2,96.0,135.0,126.0,165.0,True
4652,2,135.0,57.0,165.0,87.0,True
4652,2,135.0,135.0,165.0,165.0,True
4652,2,174.0,96.0,204.0,126.0,True
4652,2,174.0,135.0,204.0,165.0,True
4653,2,21.0,20.0,51.0,50.0,True
4653,2,99.0,98.0,129.0,128.0,True
4653,2,138.0,20.0,168.0,50.0,True
4653,2,138.0,59.0,168.0,89.0,True
4653,2,138.0,98.0,168.0,128.0,True
4653,2,138.0,137.0,168.0,167.0,True
4653,2,177.0,20.0,207.0,50.0,True
4654,2,24.0,17.0,54.0,47.0,True
4654,2,63.0,17.0,93.0,47.0,True
4654,2,63.0,95.0,93.0,125.0,True
4654,2,63.0,173.0,93.0,203.0,True
4654,2,141.0,95.0,171.0,125.0,True
4654,2,141.0,173.0,171.0,203.0,True
4654,2,180.0,56.0,210.0,86.0,True
4655,2,19.0,99.0,49.0,129.0,True
4655,2,58.0,60.0,88.0,90.0,True
4655,2,97.0,21.0,127.0,51.0,True
4655,2,97.0,138.0,127.0,168.0,True
4655,2,136.0,21.0,166.0,51.0,True
4655,2,175.0,60.0,205.0,90.0,True
4655,2,175.0,177.0,205.0,207.0,True
4656,2,15.0,174.0,45.0,204.0,True
4656,2,54.0,96.0,84.0,126.0,True
4656,2,54.0,135.0,84.0,165.0,True
4656,2,54.0,174.0,84.0,204.0,True
4656,2,93.0,96.0,123.0,126.0,True
4656,2,132.0,174.0,162.0,204.0,True
4656,2,171.0,135.0,201.0,165.0,True
4657,2,59.0,24.0,89.0,54.0,True
4657,2,59.0,63.0,89.0,93.0,True
4657,2,59.0,141.0,89.0,171.0,True
4657,2,59.0,180.0,89.0,210.0,True
4657,2,98.0,180.0,128.0,210.0,True
4657,2,176.0,102.0,206.0,132.0,True
4657,2,176.0,141.0,206.0,171.0,True
4658,2,19.0,19.0,49.0,49.0,True
4658,2,19.0,97.0,49.0,127.0,True
4658,2,19.0,136.0,49.0,166.0,True
4658,2,97.0,19.0,127.0,49.0,True
4658,2,136.0,136.0,166.0,166.0,True
4658,2,175.0,19.0,205.0,49.0,True
4658,2,175.0,136.0,205.0,166.0,True
4659,2,15.0,23.0,45.0,53.0,True
4659,2,54.0,23.0,84.0,53.0,True
4659,2,54.0,140.0,84.0,170.0,True
4659,2,54.0,179.0,84.0,209.0,True
4659,2,93.0,140.0,123.0,170.0,True
4659,2,132.0,62.0,162.0,92.0,True
4659,2,171.0,140.0,201.0,170.0,True
4660,2,21.0,19.0,51.0,49.0,True
4660,2,21.0,58.0,51.0,88.0,True
4660,2,21.0,136.0,51.0,166.0,True
4660,2,60.0,97.0,90.0,127.0,True
4660,2,99.0,19.0,129.0,49.0,True
4660,2,138.0,175.0,168.0,205.0,True
4660,2,177.0,136.0,207.0,166.0,True
4661,2,16.0,142.0,46.0,172.0,True
4661,2,55.0,25.0,85.0,55.0,True
4661,2,55.0,181.0,85.0,211.0,True
4661,2,94.0,103.0,124.0,133.0,True
4661,2,94.0,142.0,124.0,172.0,True
4661,2,133.0,64.0,163.0,94.0,True
4661,2,133.0,103.0,163.0,133.0,True
4662,2,16.0,25.0,46.0,55.0,True
4662,2,133.0,64.0,163.0,94.0,True
4662,2,133.0,103.0,163.0,133.0,True
4662,2,133.0,142.0,163.0,172.0,True
4662,2,172.0,25.0,202.0,55.0,True
4662,2,172.0,64.0,202.0,94.0,True
4662,2,172.0,142.0,202.0,172.0,True
4663,2,15.0,14.0,45.0,44.0,True
4663,2,15.0,131.0,45.0,161.0,True
4663,2,15.0,170.0,45.0,200.0,True
4663,2,54.0,92.0,84.0,122.0,True
4663,2,132.0,53.0,162.0,83.0,True
4663,2,132.0,170.0,162.0,200.0,True
4663,2,171.0,170.0,201.0,200.0,True
4664,2,25.0,53.0,55.0,83.0,True
4664,2,25.0,92.0,55.0,122.0,True
4664,2,25.0,131.0,55.0,161.0,True
4664,2,64.0,92.0,94.0,122.0,True
4664,2,142.0,92.0,172.0,122.0,True
4664,2,142.0,131.0,172.0,161.0,True
4664,2,181.0,53.0,211.0,83.0,True
4665,2,16.0,55.0,46.0,85.0,True
4665,2,16.0,94.0,46.0,124.0,True
4665,2,16.0,133.0,46.0,163.0,True
4665,2,55.0,94.0,85.0,124.0,True
4665,2,55.0,172.0,85.0,202.0,True
4665,2,94.0,55.0,124.0,85.0,True
4665,2,94.0,172.0,124.0,202.0,True
4666,2,19.0,139.0,49.0,169.0,True
4666,2,19.0,178.0,49.0,208.0,True
4666,2,58.0,139.0,88.0,169.0,True
4666,2,58.0,178.0,88.0,208.0,True
4666,2,97.0,61.0,127.0,91.0,True
4666,2,97.0,100.0,127.0,130.0,True
4666,2,136.0,61.0,166.0,91.0,True
4667,2,24.0,97.0,54.0,127.0,True
4667,2,63.0,19.0,93.0,49.0,True
4667,2,102.0,97.0,132.0,127.0,True
4667,2,141.0,58.0,171.0,88.0,True
4667,2,141.0,97.0,171.0,127.0,True
4667,2,141.0,136.0,171.0,166.0,True
4667,2,180.0,136.0,210.0,166.0,True
4668,2,24.0,62.0,54.0,92.0,True
4668,2,24.0,101.0,54.0,131.0,True
4668,2,102.0,23.0,132.0,53.0,True
4668,2,141.0,23.0,171.0,53.0,True
4668,2,141.0,62.0,171.0,92.0,True
4668,2,180.0,23.0,210.0,53.0,True
4668,2,180.0,101.0,210.0,131.0,True
4669,2,14.0,61.0,44.0,91.0,True
4669,2,14.0,100.0,44.0,130.0,True
4669,2,14.0,178.0,44.0,208.0,True
4669,2,92.0,139.0,122.0,169.0,True
4669,2,131.0,61.0,161.0,91.0,True
4669,2,131.0,139.0,161.0,169.0,True
4669,2,170.0,61.0,200.0,91.0,True
4670,2,16.0,63.0,46.0,93.0,True
4670,2,16.0,102.0,46.0,132.0,True
4670,2,55.0,180.0,85.0,210.0,True
4670,2,94.0,24.0,124.0,54.0,True
4670,2,133.0,63.0,163.0,93.0,True
4670,2,133.0,180.0,163.0,210.0,True
4670,2,172.0,180.0,202.0,210.0,True
4671,2,17.0,96.0,47.0,126.0,True
4671,2,17.0,174.0,47.0,204.0,True
4671,2,95.0,57.0,125.0,87.0,True
4671,2,95.0,96.0,125.0,126.0,True
4671,2,134.0,57.0,164.0,87.0,True
4671,2,134.0,135.0,164.0,165.0,True
4671,2,173.0,57.0,203.0,87.0,True
4672,2,19.0,176.0,49.0,206.0,True
4672,2,97.0,59.0,127.0,89.0,True
4672,2,97.0,137.0,127.0,167.0,True
4672,2,136.0,59.0,166.0,89.0,True
4672,2,136.0,176.0,166.0,206.0,True
4672,2,175.0,98.0,205.0,128.0,True
4672,2,175.0,176.0,205.0,206.0,True
4673,2,25.0,61.0,55.0,91.0,True
4673,2,64.0,100.0,94.0,130.0,True
4673,2,103.0,61.0,133.0,91.0,True
4673,2,103.0,139.0,133.0,169.0,True
4673,2,181.0,22.0,211.0,52.0,True
4673,2,181.0,100.0,211.0,130.0,True
4673,2,181.0,139.0,211.0,169.0,True
4674,2,97.0,24.0,127.0,54.0,True
4674,2,97.0,63.0,127.0,93.0,True
4674,2,97.0,141.0,127.0,171.0,True
4674,2,136.0,24.0,166.0,54.0,True
4674,2,136.0,63.0,166.0,93.0,True
4674,2,136.0,141.0,166.0,171.0,True
4674,2,175.0,63.0,205.0,93.0,True
4675,2,19.0,170.0,49.0,200.0,True
4675,2,58.0,14.0,88.0,44.0,True
4675,2,58.0,170.0,88.0,200.0,True
4675,2,97.0,131.0,127.0,161.0,True
4675,2,97.0,170.0,127.0,200.0,True
4675,2,136.0,92.0,166.0,122.0,True
4675,2,175.0,14.0,205.0,44.0,True
4676,2,15.0,23.0,45.0,53.0,True
4676,2,93.0,62.0,123.0,92.0,True
4676,2,93.0,101.0,123.0,131.0,True
4676,2,93.0,140.0,123.0,170.0,True
4676,2,93.0,179.0,123.0,209.0,True
4676,2,171.0,62.0,201.0,92.0,True
4676,2,171.0,101.0,201.0,131.0,True
4677,2,64.0,16.0,94.0,46.0,True
4677,2,64.0,172.0,94.0,202.0,True
4677,2,103.0,16.0,133.0,46.0,True
4677,2,142.0,16.0,172.0,46.0,True
4677,2,181.0,55.0,211.0,85.0,True
4677,2,181.0,133.0,211.0,163.0,True
4677,2,181.0,172.0,211.0,202.0,True
4678,2,55.0,53.0,85.0,83.0,True
4678,2,94.0,14.0,124.0,44.0,True
4678,2,94.0,53.0,124.0,83.0,True
4678,2,94.0,131.0,124.0,161.0,True
4678,2,133.0,14.0,163.0,44.0,True
4678,2,133.0,131.0,163.0,161.0,True
4678,2,172.0,14.0,202.0,44.0,True
4679,2,18.0,138.0,48.0,168.0,True
4679,2,57.0,60.0,87.0,90.0,True
4679,2,57.0,138.0,87.0,168.0,True
4679,2,57.0,177.0,87.0,207.0,True
4679,2,96.0,99.0,126.0,129.0,True
4679,2,96.0,138.0,126.0,168.0,True
4679,2,135.0,138.0,165.0,168.0,True
4680,2,64.0,61.0,94.0,91.0,True
4680,2,64.0,100.0,94.0,130.0,True
4680,2,103.0,139.0,133.0,169.0,True
4680,2,142.0,61.0,172.0,91.0,True
4680,2,142.0,100.0,172.0,130.0,True
4680,2,181.0,61.0,211.0,91.0,True
4680,2,181.0,139.0,211.0,169.0,True
4681,2,53.0,101.0,83.0,131.0,True
4681,2,131.0,62.0,161.0,92.0,True
4681,2,131.0,101.0,161.0,131.0,True
4681,2,131.0,140.0,161.0,170.0,True
4681,2,170.0,62.0,200.0,92.0,True
4681,2,170.0,140.0,200.0,170.0,True
4681,2,170.0,179.0,200.0,209.0,True
4682,2,17.0,98.0,47.0,128.0,True
4682,2,17.0,137.0,47.0,167.0,True
4682,2,17.0,176.0,47.0,206.0,True
4682,2,56.0,98.0,86.0,128.0,True
4682,2,173.0,20.0,203.0,50.0,True
4682,2,173.0,137.0,203.0,167.0,True
4682,2,173.0,176.0,203.0,206.0,True
4683,2,53.0,140.0,83.0,170.0,True
4683,2,92.0,101.0,122.0,131.0,True
4683,2,92.0,140.0,122.0,170.0,True
4683,2,131.0,23.0,161.0,53.0,True
4683,2,131.0,62.0,161.0,92.0,True
4683,2,170.0,62.0,200.0,92.0,True
4683,2,170.0,179.0,200.0,209.0,True
4684,2,21.0,97.0,51.0,127.0,True
4684,2,99.0,175.0,129.0,205.0,True
4684,2,138.0,97.0,168.0,127.0,True
4684,2,138.0,136.0,168.0,166.0,True
4684,2,138.0,175.0,168.0,205.0,True
4684,2,177.0,19.0,207.0,49.0,True
4684,2,177.0,97.0,207.0,127.0,True
4685,2,63.0,19.0,93.0,49.0,True
4685,2,63.0,58.0,93.0,88.0,True
4685,2,63.0,136.0,93.0,166.0,True
4685,2,102.0,58.0,132.0,88.0,True
4685,2,141.0,19.0,171.0,49.0,True
4685,2,141.0,136.0,171.0,166.0,True
4685,2,180.0,136.0,210.0,166.0,True
4686,2,23.0,23.0,53.0,53.0,True
4686,2,62.0,179.0,92.0,209.0,True
4686,2,101.0,179.0,131.0,209.0,True
4686,2,140.0,62.0,170.0,92.0,True
4686,2,140.0,101.0,170.0,131.0,True
4686,2,179.0,62.0,209.0,92.0,True
4686,2,179.0,140.0,209.0,170.0,True
4687,2,23.0,21.0,53.0,51.0,True
4687,2,23.0,177.0,53.0,207.0,True
4687,2,101.0,177.0,131.0,207.0,True
4687,2,140.0,60.0,170.0,90.0,True
4687,2,140.0,138.0,170.0,168.0,True
4687,2,179.0,60.0,209.0,90.0,True
4687,2,179.0,177.0,209.0,207.0,True
4688,2,15.0,54.0,45.0,84.0,True
4688,2,54.0,15.0,84.0,45.0,True
4688,2,93.0,15.0,123.0,45.0,True
4688,2,93.0,93.0,123.0,123.0,True
4688,2,93.0,171.0,123.0,201.0,True
4688,2,132.0,54.0,162.0,84.0,True
4688,2,132.0,93.0,162.0,123.0,True
4689,2,20.0,55.0,50.0,85.0,True
4689,2,20.0,94.0,50.0,124.0,True
4689,2,20.0,133.0,50.0,163.0,True
4689,2,20.0,172.0,50.0,202.0,True
4689,2,59.0,133.0,89.0,163.0,True
4689,2,98.0,133.0,128.0,163.0,True
4689,2,98.0,172.0,128.0,202.0,True
4690,2,24.0,141.0,54.0,171.0,True
4690,2,63.0,24.0,93.0,54.0,True
4690,2,63.0,63.0,93.0,93.0,True
4690,2,63.0,180.0,93.0,210.0,True
4690,2,102.0,24.0,132.0,54.0,True
4690,2,141.0,180.0,171.0,210.0,True
4690,2,180.0,141.0,210.0,171.0,True
4691,2,14.0,16.0,44.0,46.0,True
4691,2,14.0,55.0,44.0,85.0,True
4691,2,14.0,94.0,44.0,124.0,True
4691,2,14.0,172.0,44.0,202.0,True
4691,2,53.0,133.0,83.0,163.0,True
4691,2,92.0,94.0,122.0,124.0,True
4691,2,131.0,94.0,161.0,124.0,True
4692,2,17.0,21.0,47.0,51.0,True
4692,2,17.0,60.0,47.0,90.0,True
4692,2,56.0,99.0,86.0,129.0,True
4692,2,95.0,99.0,125.0,129.0,True
4692,2,95.0,177.0,125.0,207.0,True
4692,2,134.0,99.0,164.0,129.0,True
4692,2,173.0,138.0,203.0,168.0,True
4693,2,19.0,92.0,49.0,122.0,True
4693,2,19.0,170.0,49.0,200.0,True
4693,2,97.0,170.0,127.0,200.0,True
4693,2,136.0,14.0,166.0,44.0,True
4693,2,136.0,53.0,166.0,83.0,True
4693,2,136.0,92.0,166.0,122.0,True
4693,2,175.0,92.0,205.0,122.0,True
4694,2,23.0,177.0,53.0,207.0,True
4694,2,62.0,60.0,92.0,90.0,True
4694,2,62.0,177.0,92.0,207.0,True
4694,2,101.0,99.0,131.0,129.0,True
4694,2,101.0,177.0,131.0,207.0,True
4694,2,140.0,99.0,170.0,129.0,True
4694,2,179.0,21.0,209.0,51.0,True
4695,2,57.0,25.0,87.0,55.0,True
4695,2,57.0,103.0,87.0,133.0,True
4695,2,96.0,103.0,126.0,133.0,True
4695,2,135.0,103.0,165.0,133.0,True
4695,2,135.0,142.0,165.0,172.0,True
4695,2,135.0,181.0,165.0,211.0,True
4695,2,174.0,181.0,204.0,211.0,True
4696,2,22.0,137.0,52.0,167.0,True
4696,2,61.0,20.0,91.0,50.0,True
4696,2,61.0,137.0,91.0,167.0,True
4696,2,139.0,98.0,169.0,128.0,True
4696,2,178.0,59.0,208.0,89.0,True
4696,2,178.0,98.0,208.0,128.0,True
4696,2,178.0,176.0,208.0,206.0,True
4697,2,101.0,95.0,131.0,125.0,True
4697,2,101.0,173.0,131.0,203.0,True
4697,2,140.0,134.0,170.0,164.0,True
4697,2,179.0,17.0,209.0,47.0,True
4697,2,179.0,56.0,209.0,86.0,True
4697,2,179.0,95.0,209.0,125.0,True
4697,2,179.0,134.0,209.0,164.0,True
4698,2,20.0,53.0,50.0,83.0,True
4698,2,20.0,131.0,50.0,161.0,True
4698,2,98.0,92.0,128.0,122.0,True
4698,2,98.0,131.0,128.0,161.0,True
4698,2,137.0,92.0,167.0,122.0,True
4698,2,137.0,170.0,167.0,200.0,True
4698,2,176.0,14.0,206.0,44.0,True
4699,2,24.0,16.0,54.0,46.0,True
4699,2,63.0,16.0,93.0,46.0,True
4699,2,63.0,55.0,93.0,85.0,True
4699,2,63.0,94.0,93.0,124.0,True
4699,2,102.0,16.0,132.0,46.0,True
4699,2,102.0,94.0,132.0,124.0,True
4699,2,102.0,172.0,132.0,202.0,True
4700,2,17.0,102.0,47.0,132.0,True
4700,2,17.0,180.0,47.0,210.0,True
4700,2,56.0,63.0,86.0,93.0,True
4700,2,95.0,102.0,125.0,132.0,True
4700,2,95.0,180.0,125.0,210.0,True
4700,2,134.0,141.0,164.0,171.0,True
4700,2,173.0,24.0,203.0,54.0,True
4700,2,173.0,180.0,203.0,210.0,True
4701,2,21.0,62.0,51.0,92.0,True
4701,2,60.0,23.0,90.0,53.0,True
4701,2,60.0,140.0,90.0,170.0,True
4701,2,99.0,23.0,129.0,53.0,True
4701,2,99.0,101.0,129.0,131.0,True
4701,2,138.0,140.0,168.0,170.0,True
4701,2,177.0,101.0,207.0,131.0,True
4701,2,177.0,179.0,207.0,209.0,True
4702,2,13.0,19.0,43.0,49.0,True
4702,2,52.0,19.0,82.0,49.0,True
4702,2,52.0,136.0,82.0,166.0,True
4702,2,91.0,19.0,121.0,49.0,True
4702,2,91.0,175.0,121.0,205.0,True
4702,2,130.0,19.0,160.0,49.0,True
4702,2,169.0,97.0,199.0,127.0,True
4702,2,169.0,136.0,199.0,166.0,True
4703,2,24.0,179.0,54.0,209.0,True
4703,2,63.0,101.0,93.0,131.0,True
4703,2,63.0,140.0,93.0,170.0,True
4703,2,63.0,179.0,93.0,209.0,True
4703,2,102.0,23.0,132.0,53.0,True
4703,2,102.0,179.0,132.0,209.0,True
4703,2,141.0,62.0,171.0,92.0,True
4703,2,141.0,101.0,171.0,131.0,True
4704,2,21.0,62.0,51.0,92.0,True
4704,2,21.0,179.0,51.0,209.0,True
4704,2,60.0,140.0,90.0,170.0,True
4704,2,99.0,101.0,129.0,131.0,True
4704,2,138.0,23.0,168.0,53.0,True
4704,2,138.0,179.0,168.0,209.0,True
4704,2,177.0,23.0,207.0,53.0,True
4704,2,177.0,62.0,207.0,92.0,True
4705,2,21.0,23.0,51.0,53.0,True
4705,2,21.0,62.0,51.0,92.0,True
4705,2,21.0,101.0,51.0,131.0,True
4705,2,21.0,140.0,51.0,170.0,True
4705,2,60.0,23.0,90.0,53.0,True
4705,2,60.0,62.0,90.0,92.0,True
4705,2,99.0,23.0,129.0,53.0,True
4705,2,177.0,23.0,207.0,53.0,True
4706,2,24.0,58.0,54.0,88.0,True
4706,2,24.0,97.0,54.0,127.0,True
4706,2,24.0,175.0,54.0,205.0,True
4706,2,63.0,97.0,93.0,127.0,True
4706,2,102.0,19.0,132.0,49.0,True
4706,2,102.0,58.0,132.0,88.0,True
4706,2,141.0,136.0,171.0,166.0,True
4706,2,180.0,97.0,210.0,127.0,True
4707,2,24.0,96.0,54.0,126.0,True
4707,2,24.0,135.0,54.0,165.0,True
4707,2,63.0,96.0,93.0,126.0,True
4707,2,63.0,174.0,93.0,204.0,True
4707,2,102.0,174.0,132.0,204.0,True
4707,2,141.0,174.0,171.0,204.0,True
4707,2,180.0,96.0,210.0,126.0,True
4707,2,180.0,174.0,210.0,204.0,True
4708,2,16.0,91.0,46.0,121.0,True
4708,2,55.0,52.0,85.0,82.0,True
4708,2,55.0,91.0,85.0,121.0,True
4708,2,55.0,130.0,85.0,160.0,True
4708,2,94.0,52.0,124.0,82.0,True
4708,2,94.0,130.0,124.0,160.0,True
4708,2,133.0,13.0,163.0,43.0,True
4708,2,133.0,91.0,163.0,121.0,True
4709,2,20.0,24.0,50.0,54.0,True
4709,2,20.0,102.0,50.0,132.0,True
4709,2,20.0,141.0,50.0,171.0,True
4709,2,59.0,63.0,89.0,93.0,True
4709,2,98.0,102.0,128.0,132.0,True
4709,2,137.0,24.0,167.0,54.0,True
4709,2,137.0,63.0,167.0,93.0,True
4709,2,176.0,141.0,206.0,171.0,True
4710,2,16.0,180.0,46.0,210.0,True
4710,2,55.0,180.0,85.0,210.0,True
4710,2,94.0,24.0,124.0,54.0,True
4710,2,94.0,102.0,124.0,132.0,True
4710,2,94.0,141.0,124.0,171.0,True
4710,2,133.0,24.0,163.0,54.0,True
4710,2,172.0,102.0,202.0,132.0,True
4710,2,172.0,180.0,202.0,210.0,True
4711,2,54.0,95.0,84.0,125.0,True
4711,2,54.0,173.0,84.0,203.0,True
4711,2,93.0,56.0,123.0,86.0,True
4711,2,132.0,17.0,162.0,47.0,True
4711,2,132.0,134.0,162.0,164.0,True
4711,2,171.0,17.0,201.0,47.0,True
4711,2,171.0,56.0,201.0,86.0,True
4711,2,171.0,134.0,201.0,164.0,True
4712,2,15.0,15.0,45.0,45.0,True
4712,2,15.0,171.0,45.0,201.0,True
4712,2,54.0,54.0,84.0,84.0,True
4712,2,54.0,171.0,84.0,201.0,True
4712,2,132.0,93.0,162.0,123.0,True
4712,2,171.0,15.0,201.0,45.0,True
4712,2,171.0,93.0,201.0,123.0,True
4712,2,171.0,132.0,201.0,162.0,True
4713,2,13.0,63.0,43.0,93.0,True
4713,2,13.0,102.0,43.0,132.0,True
4713,2,52.0,24.0,82.0,54.0,True
4713,2,52.0,102.0,82.0,132.0,True
4713,2,52.0,180.0,82.0,210.0,True
4713,2,130.0,24.0,160.0,54.0,True
4713,2,169.0,141.0,199.0,171.0,True
4713,2,169.0,180.0,199.0,210.0,True
4714,2,13.0,91.0,43.0,121.0,True
4714,2,52.0,52.0,82.0,82.0,True
4714,2,52.0,169.0,82.0,199.0,True
4714,2,91.0,130.0,121.0,160.0,True
4714,2,130.0,52.0,160.0,82.0,True
4714,2,130.0,130.0,160.0,160.0,True
4714,2,130.0,169.0,160.0,199.0,True
4714,2,169.0,13.0,199.0,43.0,True
4715,2,24.0,58.0,54.0,88.0,True
4715,2,24.0,97.0,54.0,127.0,True
4715,2,24.0,175.0,54.0,205.0,True
4715,2,63.0,19.0,93.0,49.0,True
4715,2,102.0,97.0,132.0,127.0,True
4715,2,102.0,175.0,132.0,205.0,True
4715,2,141.0,58.0,171.0,88.0,True
4715,2,141.0,175.0,171.0,205.0,True
4716,2,23.0,57.0,53.0,87.0,True
4716,2,23.0,96.0,53.0,126.0,True
4716,2,23.0,135.0,53.0,165.0,True
4716,2,62.0,18.0,92.0,48.0,True
4716,2,62.0,174.0,92.0,204.0,True
4716,2,101.0,18.0,131.0,48.0,True
4716,2,179.0,96.0,209.0,126.0,True
4716,2,179.0,135.0,209.0,165.0,True
4717,2,24.0,56.0,54.0,86.0,True
4717,2,24.0,173.0,54.0,203.0,True
4717,2,63.0,95.0,93.0,125.0,True
4717,2,102.0,95.0,132.0,125.0,True
4717,2,102.0,134.0,132.0,164.0,True
4717,2,102.0,173.0,132.0,203.0,True
4717,2,141.0,17.0,171.0,47.0,True
4717,2,141.0,56.0,171.0,86.0,True
4718,2,61.0,63.0,91.0,93.0,True
4718,2,61.0,102.0,91.0,132.0,True
4718,2,61.0,180.0,91.0,210.0,True
4718,2,139.0,24.0,169.0,54.0,True
4718,2,178.0,24.0,208.0,54.0,True
4718,2,178.0,63.0,208.0,93.0,True
4718,2,178.0,102.0,208.0,132.0,True
4718,2,178.0,180.0,208.0,210.0,True
4719,2,23.0,94.0,53.0,124.0,True
4719,2,62.0,55.0,92.0,85.0,True
4719,2,62.0,133.0,92.0,163.0,True
4719,2,101.0,16.0,131.0,46.0,True
4719,2,101.0,55.0,131.0,85.0,True
4719,2,140.0,16.0,170.0,46.0,True
4719,2,140.0,94.0,170.0,124.0,True
4719,2,179.0,16.0,209.0,46.0,True
4720,2,13.0,62.0,43.0,92.0,True
4720,2,13.0,140.0,43.0,170.0,True
4720,2,52.0,179.0,82.0,209.0,True
4720,2,130.0,101.0,160.0,131.0,True
4720,2,130.0,179.0,160.0,209.0,True
4720,2,169.0,62.0,199.0,92.0,True
4720,2,169.0,140.0,199.0,170.0,True
4720,2,169.0,179.0,199.0,209.0,True
4721,2,22.0,92.0,52.0,122.0,True
4721,2,61.0,14.0,91.0,44.0,True
4721,2,61.0,92.0,91.0,122.0,True
4721,2,61.0,131.0,91.0,161.0,True
4721,2,61.0,170.0,91.0,200.0,True
4721,2,100.0,14.0,130.0,44.0,True
4721,2,100.0,92.0,130.0,122.0,True
4721,2,178.0,131.0,208.0,161.0,True
4722,2,22.0,23.0,52.0,53.0,True
4722,2,61.0,23.0,91.0,53.0,True
4722,2,61.0,101.0,91.0,131.0,True
4722,2,61.0,140.0,91.0,170.0,True
4722,2,100.0,62.0,130.0,92.0,True
4722,2,139.0,23.0,169.0,53.0,True
4722,2,139.0,62.0,169.0,92.0,True
4722,2,178.0,23.0,208.0,53.0,True
4723,2,13.0,15.0,43.0,45.0,True
4723,2,13.0,93.0,43.0,123.0,True
4723,2,52.0,15.0,82.0,45.0,True
4723,2,52.0,93.0,82.0,123.0,True
4723,2,52.0,132.0,82.0,162.0,True
4723,2,52.0,171.0,82.0,201.0,True
4723,2,169.0,54.0,199.0,84.0,True
4723,2,169.0,93.0,199.0,123.0,True
4724,2,18.0,22.0,48.0,52.0,True
4724,2,18.0,61.0,48.0,91.0,True
4724,2,18.0,100.0,48.0,130.0,True
4724,2,18.0,139.0,48.0,169.0,True
4724,2,57.0,22.0,87.0,52.0,True
4724,2,57.0,139.0,87.0,169.0,True
4724,2,96.0,22.0,126.0,52.0,True
4724,2,174.0,139.0,204.0,169.0,True
4725,2,24.0,17.0,54.0,47.0,True
4725,2,63.0,56.0,93.0,86.0,True
4725,2,63.0,173.0,93.0,203.0,True
4725,2,102.0,173.0,132.0,203.0,True
4725,2,141.0,17.0,171.0,47.0,True
4725,2,141.0,56.0,171.0,86.0,True
4725,2,180.0,95.0,210.0,125.0,True
4725,2,180.0,134.0,210.0,164.0,True
4726,2,18.0,14.0,48.0,44.0,True
4726,2,18.0,170.0,48.0,200.0,True
4726,2,57.0,131.0,87.0,161.0,True
4726,2,57.0,170.0,87.0,200.0,True
4726,2,96.0,14.0,126.0,44.0,True
4726,2,135.0,14.0,165.0,44.0,True
4726,2,174.0,14.0,204.0,44.0,True
4726,2,174.0,92.0,204.0,122.0,True
4727,2,57.0,14.0,87.0,44.0,True
4727,2,57.0,53.0,87.0,83.0,True
4727,2,57.0,131.0,87.0,161.0,True
4727,2,57.0,170.0,87.0,200.0,True
4727,2,96.0,14.0,126.0,44.0,True
4727,2,96.0,53.0,126.0,83.0,True
4727,2,135.0,170.0,165.0,200.0,True
4727,2,174.0,53.0,204.0,83.0,True
4728,2,23.0,177.0,53.0,207.0,True
4728,2,62.0,21.0,92.0,51.0,True
4728,2,101.0,60.0,131.0,90.0,True
4728,2,101.0,99.0,131.0,129.0,True
4728,2,101.0,138.0,131.0,168.0,True
4728,2,140.0,99.0,170.0,129.0,True
4728,2,140.0,138.0,170.0,168.0,True
4728,2,140.0,177.0,170.0,207.0,True
4729,2,22.0,59.0,52.0,89.0,True
4729,2,22.0,137.0,52.0,167.0,True
4729,2,61.0,176.0,91.0,206.0,True
4729,2,100.0,98.0,130.0,128.0,True
4729,2,100.0,137.0,130.0,167.0,True
4729,2,139.0,59.0,169.0,89.0,True
4729,2,139.0,137.0,169.0,167.0,True
4729,2,178.0,98.0,208.0,128.0,True
4730,2,22.0,15.0,52.0,45.0,True
4730,2,22.0,54.0,52.0,84.0,True
4730,2,61.0,93.0,91.0,123.0,True
4730,2,61.0,132.0,91.0,162.0,True
4730,2,100.0,54.0,130.0,84.0,True
4730,2,100.0,93.0,130.0,123.0,True
4730,2,139.0,171.0,169.0,201.0,True
4730,2,178.0,54.0,208.0,84.0,True
4731,2,18.0,14.0,48.0,44.0,True
4731,2,18.0,53.0,48.0,83.0,True
4731,2,18.0,131.0,48.0,161.0,True
4731,2,18.0,170.0,48.0,200.0,True
4731,2,57.0,131.0,87.0,161.0,True
4731,2,57.0,170.0,87.0,200.0,True
4731,2,96.0,131.0,126.0,161.0,True
4731,2,174.0,14.0,204.0,44.0,True
4732,2,16.0,24.0,46.0,54.0,True
4732,2,16.0,63.0,46.0,93.0,True
4732,2,55.0,24.0,85.0,54.0,True
4732,2,55.0,102.0,85.0,132.0,True
4732,2,94.0,24.0,124.0,54.0,True
4732,2,133.0,102.0,163.0,132.0,True
4732,2,172.0,141.0,202.0,171.0,True
4732,2,172.0,180.0,202.0,210.0,True
4733,2,22.0,176.0,52.0,206.0,True
4733,2,61.0,98.0,91.0,128.0,True
4733,2,100.0,20.0,130.0,50.0,True
4733,2,139.0,137.0,169.0,167.0,True
4733,2,178.0,20.0,208.0,50.0,True
4733,2,178.0,59.0,208.0,89.0,True
4733,2,178.0,137.0,208.0,167.0,True
4733,2,178.0,176.0,208.0,206.0,True
4734,2,58.0,134.0,88.0,164.0,True
4734,2,97.0,17.0,127.0,47.0,True
4734,2,97.0,95.0,127.0,125.0,True
4734,2,97.0,134.0,127.0,164.0,True
4734,2,136.0,56.0,166.0,86.0,True
4734,2,136.0,134.0,166.0,164.0,True
4734,2,175.0,17.0,205.0,47.0,True
4734,2,175.0,56.0,205.0,86.0,True
4735,2,19.0,17.0,49.0,47.0,True
4735,2,58.0,95.0,88.0,125.0,True
4735,2,58.0,134.0,88.0,164.0,True
4735,2,97.0,17.0,127.0,47.0,True
4735,2,136.0,17.0,166.0,47.0,True
4735,2,136.0,56.0,166.0,86.0,True
4735,2,136.0,134.0,166.0,164.0,True
4735,2,175.0,173.0,205.0,203.0,True
4736,2,23.0,98.0,53.0,128.0,True
4736,2,23.0,137.0,53.0,167.0,True
4736,2,23.0,176.0,53.0,206.0,True
4736,2,62.0,20.0,92.0,50.0,True
4736,2,101.0,137.0,131.0,167.0,True
4736,2,101.0,176.0,131.0,206.0,True
4736,2,140.0,20.0,170.0,50.0,True
4736,2,179.0,98.0,209.0,128.0,True
4737,2,19.0,99.0,49.0,129.0,True
4737,2,58.0,99.0,88.0,129.0,True
4737,2,58.0,138.0,88.0,168.0,True
4737,2,58.0,177.0,88.0,207.0,True
4737,2,97.0,99.0,127.0,129.0,True
4737,2,175.0,21.0,205.0,51.0,True
4737,2,175.0,99.0,205.0,129.0,True
4737,2,175.0,177.0,205.0,207.0,True
4738,2,16.0,19.0,46.0,49.0,True
4738,2,16.0,58.0,46.0,88.0,True
4738,2,16.0,175.0,46.0,205.0,True
4738,2,55.0,19.0,85.0,49.0,True
4738,2,133.0,19.0,163.0,49.0,True
4738,2,133.0,136.0,163.0,166.0,True
4738,2,172.0,58.0,202.0,88.0,True
4738,2,172.0,97.0,202.0,127.0,True
4739,2,61.0,61.0,91.0,91.0,True
4739,2,100.0,139.0,130.0,169.0,True
4739,2,139.0,61.0,169.0,91.0,True
4739,2,139.0,139.0,169.0,169.0,True
4739,2,139.0,178.0,169.0,208.0,True
4739,2,178.0,22.0,208.0,52.0,True
4739,2,178.0,61.0,208.0,91.0,True
4739,2,178.0,178.0,208.0,208.0,True
4740,2,14.0,52.0,44.0,82.0,True
4740,2,14.0,91.0,44.0,121.0,True
4740,2,14.0,130.0,44.0,160.0,True
4740,2,53.0,91.0,83.0,121.0,True
4740,2,92.0,13.0,122.0,43.0,True
4740,2,131.0,169.0,161.0,199.0,True
4740,2,170.0,52.0,200.0,82.0,True
4740,2,170.0,169.0,200.0,199.0,True
4741,2,23.0,140.0,53.0,170.0,True
4741,2,23.0,179.0,53.0,209.0,True
4741,2,62.0,23.0,92.0,53.0,True
4741,2,62.0,140.0,92.0,170.0,True
4741,2,101.0,179.0,131.0,209.0,True
4741,2,140.0,23.0,170.0,53.0,True
4741,2,179.0,62.0,209.0,92.0,True
4741,2,179.0,101.0,209.0,131.0,True
4742,2,19.0,55.0,49.0,85.0,True
4742,2,58.0,94.0,88.0,124.0,True
4742,2,97.0,16.0,127.0,46.0,True
4742,2,97.0,94.0,127.0,124.0,True
4742,2,97.0,172.0,127.0,202.0,True
4742,2,136.0,16.0,166.0,46.0,True
4742,2,136.0,133.0,166.0,163.0,True
4742,2,175.0,94.0,205.0,124.0,True
4743,2,22.0,62.0,52.0,92.0,True
4743,2,22.0,101.0,52.0,131.0,True
4743,2,22.0,140.0,52.0,170.0,True
4743,2,61.0,23.0,91.0,53.0,True
4743,2,61.0,62.0,91.0,92.0,True
4743,2,100.0,179.0,130.0,209.0,True
4743,2,178.0,23.0,208.0,53.0,True
4743,2,178.0,101.0,208.0,131.0,True
4744,2,23.0,22.0,53.0,52.0,True
4744,2,62.0,61.0,92.0,91.0,True
4744,2,62.0,100.0,92.0,130.0,True
4744,2,101.0,22.0,131.0,52.0,True
4744,2,140.0,22.0,170.0,52.0,True
4744,2,140.0,139.0,170.0,169.0,True
4744,2,179.0,61.0,209.0,91.0,True
4744,2,179.0,100.0,209.0,130.0,True
4745,2,23.0,15.0,53.0,45.0,True
4745,2,23.0,54.0,53.0,84.0,True
4745,2,62.0,15.0,92.0,45.0,True
4745,2,62.0,93.0,92.0,123.0,True
4745,2,101.0,15.0,131.0,45.0,True
4745,2,179.0,15.0,209.0,45.0,True
4745,2,179.0,54.0,209.0,84.0,True
4745,2,179.0,93.0,209.0,123.0,True
4746,2,15.0,92.0,45.0,122.0,True
4746,2,54.0,131.0,84.0,161.0,True
4746,2,93.0,14.0,123.0,44.0,True
4746,2,93.0,53.0,123.0,83.0,True
4746,2,93.0,131.0,123.0,161.0,True
4746,2,132.0,14.0,162.0,44.0,True
4746,2,171.0,53.0,201.0,83.0,True
4746,2,171.0,170.0,201.0,200.0,True
4747,2,57.0,18.0,87.0,48.0,True
4747,2,57.0,57.0,87.0,87.0,True
4747,2,57.0,96.0,87.0,126.0,True
4747,2,96.0,96.0,126.0,126.0,True
4747,2,96.0,174.0,126.0,204.0,True
4747,2,135.0,57.0,165.0,87.0,True
4747,2,135.0,135.0,165.0,165.0,True
4747,2,174.0,18.0,204.0,48.0,True
4748,2,20.0,60.0,50.0,90.0,True
4748,2,20.0,138.0,50.0,168.0,True
4748,2,59.0,99.0,89.0,129.0,True
4748,2,59.0,177.0,89.0,207.0,True
4748,2,98.0,21.0,128.0,51.0,True
4748,2,137.0,21.0,167.0,51.0,True
4748,2,137.0,138.0,167.0,168.0,True
4748,2,176.0,138.0,206.0,168.0,True
4749,2,20.0,132.0,50.0,162.0,True
4749,2,59.0,54.0,89.0,84.0,True
4749,2,98.0,54.0,128.0,84.0,True
4749,2,98.0,93.0,128.0,123.0,True
4749,2,98.0,132.0,128.0,162.0,True
4749,2,137.0,171.0,167.0,201.0,True
4749,2,176.0,54.0,206.0,84.0,True
4749,2,176.0,93.0,206.0,123.0,True
4750,2,17.0,92.0,47.0,122.0,True
4750,2,56.0,92.0,86.0,122.0,True
4750,2,56.0,131.0,86.0,161.0,True
4750,2,56.0,170.0,86.0,200.0,True
4750,2,95.0,92.0,125.0,122.0,True
4750,2,95.0,131.0,125.0,161.0,True
4750,2,134.0,14.0,164.0,44.0,True
4750,2,173.0,131.0,203.0,161.0,True
4751,2,19.0,91.0,49.0,121.0,True
4751,2,19.0,169.0,49.0,199.0,True
4751,2,58.0,13.0,88.0,43.0,True
4751,2,97.0,52.0,127.0,82.0,True
4751,2,97.0,91.0,127.0,121.0,True
4751,2,97.0,169.0,127.0,199.0,True
4751,2,175.0,52.0,205.0,82.0,True
4751,2,175.0,91.0,205.0,121.0,True
4752,2,20.0,20.0,50.0,50.0,True
4752,2,20.0,137.0,50.0,167.0,True
4752,2,59.0,59.0,89.0,89.0,True
4752,2,59.0,98.0,89.0,128.0,True
4752,2,98.0,176.0,128.0,206.0,True
4752,2,137.0,59.0,167.0,89.0,True
4752,2,137.0,176.0,167.0,206.0,True
4752,2,176.0,176.0,206.0,206.0,True
4753,2,21.0,24.0,51.0,54.0,True
4753,2,21.0,63.0,51.0,93.0,True
4753,2,21.0,141.0,51.0,171.0,True
4753,2,60.0,24.0,90.0,54.0,True
4753,2,60.0,102.0,90.0,132.0,True
4753,2,99.0,24.0,129.0,54.0,True
4753,2,99.0,141.0,129.0,171.0,True
4753,2,138.0,180.0,168.0,210.0,True
4754,2,62.0,13.0,92.0,43.0,True
4754,2,62.0,52.0,92.0,82.0,True
4754,2,62.0,91.0,92.0,121.0,True
4754,2,140.0,13.0,170.0,43.0,True
4754,2,140.0,130.0,170.0,160.0,True
4754,2,140.0,169.0,170.0,199.0,True
4754,2,179.0,13.0,209.0,43.0,True
4754,2,179.0,169.0,209.0,199.0,True
4755,2,18.0,174.0,48.0,204.0,True
4755,2,57.0,18.0,87.0,48.0,True
4755,2,57.0,57.0,87.0,87.0,True
4755,2,57.0,96.0,87.0,126.0,True
4755,2,96.0,57.0,126.0,87.0,True
4755,2,96.0,135.0,126.0,165.0,True
4755,2,135.0,18.0,165.0,48.0,True
4755,2,174.0,18.0,204.0,48.0,True
4756,2,17.0,16.0,47.0,46.0,True
4756,2,17.0,94.0,47.0,124.0,True
4756,2,17.0,172.0,47.0,202.0,True
4756,2,56.0,55.0,86.0,85.0,True
4756,2,95.0,94.0,125.0,124.0,True
4756,2,134.0,55.0,164.0,85.0,True
4756,2,134.0,94.0,164.0,124.0,True
4756,2,173.0,16.0,203.0,46.0,True
4757,2,20.0,62.0,50.0,92.0,True
4757,2,98.0,62.0,128.0,92.0,True
4757,2,98.0,101.0,128.0,131.0,True
4757,2,98.0,179.0,128.0,209.0,True
4757,2,137.0,62.0,167.0,92.0,True
4757,2,137.0,101.0,167.0,131.0,True
4757,2,137.0,140.0,167.0,170.0,True
4757,2,176.0,23.0,206.0,53.0,True
4758,2,24.0,91.0,54.0,121.0,True
4758,2,63.0,130.0,93.0,160.0,True
4758,2,63.0,169.0,93.0,199.0,True
4758,2,102.0,52.0,132.0,82.0,True
4758,2,102.0,130.0,132.0,160.0,True
4758,2,141.0,13.0,171.0,43.0,True
4758,2,180.0,13.0,210.0,43.0,True
4758,2,180.0,130.0,210.0,160.0,True
4759,2,14.0,23.0,44.0,53.0,True
4759,2,14.0,62.0,44.0,92.0,True
4759,2,14.0,101.0,44.0,131.0,True
4759,2,53.0,23.0,83.0,53.0,True
4759,2,53.0,101.0,83.0,131.0,True
4759,2,53.0,140.0,83.0,170.0,True
4759,2,92.0,179.0,122.0,209.0,True
4759,2,131.0,179.0,161.0,209.0,True
4760,2,20.0,52.0,50.0,82.0,True
4760,2,20.0,169.0,50.0,199.0,True
4760,2,59.0,13.0,89.0,43.0,True
4760,2,59.0,52.0,89.0,82.0,True
4760,2,137.0,13.0,167.0,43.0,True
4760,2,137.0,169.0,167.0,199.0,True
4760,2,176.0,52.0,206.0,82.0,True
4760,2,176.0,169.0,206.0,199.0,True
4761,2,21.0,94.0,51.0,124.0,True
4761,2,21.0,133.0,51.0,163.0,True
4761,2,60.0,172.0,90.0,202.0,True
4761,2,99.0,133.0,129.0,163.0,True
4761,2,177.0,55.0,207.0,85.0,True
4761,2,177.0,94.0,207.0,124.0,True
4761,2,177.0,133.0,207.0,163.0,True
4761,2,177.0,172.0,207.0,202.0,True
4762,2,55.0,18.0,85.0,48.0,True
4762,2,55.0,57.0,85.0,87.0,True
4762,2,55.0,135.0,85.0,165.0,True
4762,2,94.0,57.0,124.0,87.0,True
4762,2,94.0,174.0,124.0,204.0,True
4762,2,133.0,174.0,163.0,204.0,True
4762,2,172.0,18.0,202.0,48.0,True
4762,2,172.0,57.0,202.0,87.0,True
4763,2,17.0,14.0,47.0,44.0,True
4763,2,17.0,53.0,47.0,83.0,True
4763,2,17.0,170.0,47.0,200.0,True
4763,2,95.0,53.0,125.0,83.0,True
4763,2,95.0,170.0,125.0,200.0,True
4763,2,134.0,92.0,164.0,122.0,True
4763,2,134.0,131.0,164.0,161.0,True
4763,2,173.0,170.0,203.0,200.0,True
4764,2,17.0,24.0,47.0,54.0,True
4764,2,17.0,180.0,47.0,210.0,True
4764,2,56.0,24.0,86.0,54.0,True
4764,2,56.0,63.0,86.0,93.0,True
4764,2,95.0,180.0,125.0,210.0,True
4764,2,134.0,24.0,164.0,54.0,True
4764,2,173.0,24.0,203.0,54.0,True
4764,2,173.0,141.0,203.0,171.0,True
4765,2,17.0,177.0,47.0,207.0,True
4765,2,56.0,21.0,86.0,51.0,True
4765,2,56.0,99.0,86.0,129.0,True
4765,2,95.0,99.0,125.0,129.0,True
4765,2,95.0,138.0,125.0,168.0,True
4765,2,134.0,138.0,164.0,168.0,True
4765,2,173.0,21.0,203.0,51.0,True
4765,2,173.0,177.0,203.0,207.0,True
4766,2,20.0,132.0,50.0,162.0,True
4766,2,20.0,171.0,50.0,201.0,True
4766,2,59.0,15.0,89.0,45.0,True
4766,2,59.0,171.0,89.0,201.0,True
4766,2,98.0,171.0,128.0,201.0,True
4766,2,137.0,15.0,167.0,45.0,True
4766,2,137.0,132.0,167.0,162.0,True
4766,2,176.0,171.0,206.0,201.0,True
4767,2,20.0,56.0,50.0,86.0,True
4767,2,20.0,134.0,50.0,164.0,True
4767,2,59.0,134.0,89.0,164.0,True
4767,2,98.0,134.0,128.0,164.0,True
4767,2,98.0,173.0,128.0,203.0,True
4767,2,176.0,17.0,206.0,47.0,True
4767,2,176.0,56.0,206.0,86.0,True
4767,2,176.0,173.0,206.0,203.0,True
4768,2,19.0,21.0,49.0,51.0,True
4768,2,19.0,99.0,49.0,129.0,True
4768,2,97.0,60.0,127.0,90.0,True
4768,2,136.0,21.0,166.0,51.0,True
4768,2,136.0,60.0,166.0,90.0,True
4768,2,175.0,21.0,205.0,51.0,True
4768,2,175.0,99.0,205.0,129.0,True
4768,2,175.0,138.0,205.0,168.0,True
4769,2,23.0,172.0,53.0,202.0,True
4769,2,62.0,16.0,92.0,46.0,True
4769,2,62.0,94.0,92.0,124.0,True
4769,2,62.0,133.0,92.0,163.0,True
4769,2,101.0,133.0,131.0,163.0,True
4769,2,179.0,16.0,209.0,46.0,True
4769,2,179.0,55.0,209.0,85.0,True
4769,2,179.0,94.0,209.0,124.0,True
4770,2,19.0,60.0,49.0,90.0,True
4770,2,58.0,177.0,88.0,207.0,True
4770,2,97.0,99.0,127.0,129.0,True
4770,2,97.0,138.0,127.0,168.0,True
4770,2,136.0,21.0,166.0,51.0,True
4770,2,136.0,177.0,166.0,207.0,True
4770,2,175.0,21.0,205.0,51.0,True
4770,2,175.0,60.0,205.0,90.0,True
4771,2,21.0,175.0,51.0,205.0,True
4771,2,60.0,175.0,90.0,205.0,True
4771,2,99.0,175.0,129.0,205.0,True
4771,2,138.0,19.0,168.0,49.0,True
4771,2,138.0,97.0,168.0,127.0,True
4771,2,138.0,136.0,168.0,166.0,True
4771,2,177.0,97.0,207.0,127.0,True
4771,2,177.0,175.0,207.0,205.0,True
4772,2,16.0,20.0,46.0,50.0,True
4772,2,55.0,137.0,85.0,167.0,True
4772,2,55.0,176.0,85.0,206.0,True
4772,2,94.0,59.0,124.0,89.0,True
4772,2,133.0,20.0,163.0,50.0,True
4772,2,133.0,98.0,163.0,128.0,True
4772,2,172.0,59.0,202.0,89.0,True
4772,2,172.0,137.0,202.0,167.0,True
4773,2,15.0,179.0,45.0,209.0,True
4773,2,54.0,23.0,84.0,53.0,True
4773,2,54.0,101.0,84.0,131.0,True
4773,2,54.0,179.0,84.0,209.0,True
4773,2,93.0,23.0,123.0,53.0,True
4773,2,132.0,62.0,162.0,92.0,True
4773,2,171.0,62.0,201.0,92.0,True
4773,2,171.0,140.0,201.0,170.0,True
4774,2,19.0,93.0,49.0,123.0,True
4774,2,19.0,132.0,49.0,162.0,True
4774,2,58.0,171.0,88.0,201.0,True
4774,2,97.0,15.0,127.0,45.0,True
4774,2,97.0,93.0,127.0,123.0,True
4774,2,97.0,171.0,127.0,201.0,True
4774,2,136.0,132.0,166.0,162.0,True
4774,2,136.0,171.0,166.0,201.0,True
4775,2,24.0,61.0,54.0,91.0,True
4775,2,63.0,178.0,93.0,208.0,True
4775,2,102.0,61.0,132.0,91.0,True
4775,2,102.0,139.0,132.0,169.0,True
4775,2,102.0,178.0,132.0,208.0,True
4775,2,180.0,22.0,210.0,52.0,True
4775,2,180.0,100.0,210.0,130.0,True
4775,2,180.0,139.0,210.0,169.0,True
4776,2,16.0,175.0,46.0,205.0,True
4776,2,55.0,19.0,85.0,49.0,True
4776,2,55.0,136.0,85.0,166.0,True
4776,2,55.0,175.0,85.0,205.0,True
4776,2,94.0,19.0,124.0,49.0,True
4776,2,133.0,97.0,163.0,127.0,True
4776,2,172.0,136.0,202.0,166.0,True
4776,2,172.0,175.0,202.0,205.0,True
4777,2,14.0,140.0,44.0,170.0,True
4777,2,53.0,62.0,83.0,92.0,True
4777,2,53.0,101.0,83.0,131.0,True
4777,2,53.0,140.0,83.0,170.0,True
4777,2,53.0,179.0,83.0,209.0,True
4777,2,92.0,23.0,122.0,53.0,True
4777,2,131.0,140.0,161.0,170.0,True
4777,2,170.0,23.0,200.0,53.0,True
4778,2,21.0,21.0,51.0,51.0,True
4778,2,21.0,99.0,51.0,129.0,True
4778,2,21.0,138.0,51.0,168.0,True
4778,2,60.0,60.0,90.0,90.0,True
4778,2,60.0,138.0,90.0,168.0,True
4778,2,138.0,21.0,168.0,51.0,True
4778,2,138.0,99.0,168.0,129.0,True
4778,2,177.0,21.0,207.0,51.0,True
4779,2,22.0,59.0,52.0,89.0,True
4779,2,100.0,20.0,130.0,50.0,True
4779,2,100.0,59.0,130.0,89.0,True
4779,2,100.0,98.0,130.0,128.0,True
4779,2,139.0,20.0,169.0,50.0,True
4779,2,139.0,176.0,169.0,206.0,True
4779,2,178.0,20.0,208.0,50.0,True
4779,2,178.0,59.0,208.0,89.0,True
4780,2,16.0,91.0,46.0,121.0,True
4780,2,16.0,169.0,46.0,199.0,True
4780,2,55.0,91.0,85.0,121.0,True
4780,2,94.0,13.0,124.0,43.0,True
4780,2,94.0,169.0,124.0,199.0,True
4780,2,133.0,91.0,163.0,121.0,True
4780,2,133.0,169.0,163.0,199.0,True
4780,2,172.0,130.0,202.0,160.0,True
4781,2,92.0,17.0,122.0,47.0,True
4781,2,92.0,56.0,122.0,86.0,True
4781,2,92.0,173.0,122.0,203.0,True
4781,2,131.0,56.0,161.0,86.0,True
4781,2,131.0,95.0,161.0,125.0,True
4781,2,170.0,17.0,200.0,47.0,True
4781,2,170.0,56.0,200.0,86.0,True
4781,2,170.0,173.0,200.0,203.0,True
4782,2,13.0,170.0,43.0,200.0,True
4782,2,91.0,92.0,121.0,122.0,True
4782,2,91.0,131.0,121.0,161.0,True
4782,2,91.0,170.0,121.0,200.0,True
4782,2,130.0,53.0,160.0,83.0,True
4782,2,130.0,170.0,160.0,200.0,True
4782,2,169.0,92.0,199.0,122.0,True
4782,2,169.0,131.0,199.0,161.0,True
4783,2,13.0,13.0,43.0,43.0,True
4783,2,13.0,52.0,43.0,82.0,True
4783,2,52.0,169.0,82.0,199.0,True
4783,2,91.0,13.0,121.0,43.0,True
4783,2,91.0,91.0,121.0,121.0,True
4783,2,130.0,13.0,160.0,43.0,True
4783,2,169.0,52.0,199.0,82.0,True
4783,2,169.0,169.0,199.0,199.0,True
4784,2,24.0,21.0,54.0,51.0,True
4784,2,24.0,99.0,54.0,129.0,True
4784,2,102.0,60.0,132.0,90.0,True
4784,2,102.0,138.0,132.0,168.0,True
4784,2,141.0,138.0,171.0,168.0,True
4784,2,180.0,60.0,210.0,90.0,True
4784,2,180.0,99.0,210.0,129.0,True
4784,2,180.0,177.0,210.0,207.0,True
4785,2,14.0,62.0,44.0,92.0,True
4785,2,14.0,140.0,44.0,170.0,True
4785,2,14.0,179.0,44.0,209.0,True
4785,2,92.0,62.0,122.0,92.0,True
4785,2,131.0,23.0,161.0,53.0,True
4785,2,131.0,179.0,161.0,209.0,True
4785,2,170.0,23.0,200.0,53.0,True
4785,2,170.0,101.0,200.0,131.0,True
4786,2,19.0,13.0,49.0,43.0,True
4786,2,19.0,52.0,49.0,82.0,True
4786,2,58.0,13.0,88.0,43.0,True
4786,2,58.0,52.0,88.0,82.0,True
4786,2,58.0,91.0,88.0,121.0,True
4786,2,97.0,13.0,127.0,43.0,True
4786,2,175.0,91.0,205.0,121.0,True
4786,2,175.0,169.0,205.0,199.0,True
4787,2,24.0,141.0,54.0,171.0,True
4787,2,63.0,24.0,93.0,54.0,True
4787,2,63.0,102.0,93.0,132.0,True
4787,2,63.0,141.0,93.0,171.0,True
4787,2,102.0,63.0,132.0,93.0,True
4787,2,102.0,180.0,132.0,210.0,True
4787,2,141.0,63.0,171.0,93.0,True
4787,2,141.0,141.0,171.0,171.0,True
4788,2,15.0,52.0,45.0,82.0,True
4788,2,15.0,169.0,45.0,199.0,True
4788,2,54.0,13.0,84.0,43.0,True
4788,2,54.0,52.0,84.0,82.0,True
4788,2,54.0,169.0,84.0,199.0,True
4788,2,132.0,13.0,162.0,43.0,True
4788,2,132.0,130.0,162.0,160.0,True
4788,2,171.0,13.0,201.0,43.0,True
4789,2,22.0,99.0,52.0,129.0,True
4789,2,22.0,138.0,52.0,168.0,True
4789,2,22.0,177.0,52.0,207.0,True
4789,2,61.0,177.0,91.0,207.0,True
4789,2,100.0,21.0,130.0,51.0,True
4789,2,139.0,21.0,169.0,51.0,True
4789,2,139.0,60.0,169.0,90.0,True
4789,2,178.0,60.0,208.0,90.0,True
4790,2,59.0,63.0,89.0,93.0,True
4790,2,59.0,141.0,89.0,171.0,True
4790,2,98.0,63.0,128.0,93.0,True
4790,2,98.0,141.0,128.0,171.0,True
4790,2,98.0,180.0,128.0,210.0,True
4790,2,137.0,63.0,167.0,93.0,True
4790,2,137.0,180.0,167.0,210.0,True
4790,2,176.0,141.0,206.0,171.0,True
4791,2,21.0,93.0,51.0,123.0,True
4791,2,21.0,171.0,51.0,201.0,True
4791,2,60.0,93.0,90.0,123.0,True
4791,2,60.0,132.0,90.0,162.0,True
4791,2,60.0,171.0,90.0,201.0,True
4791,2,99.0,15.0,129.0,45.0,True
4791,2,99.0,93.0,129.0,123.0,True
4791,2,99.0,171.0,129.0,201.0,True
4792,2,20.0,52.0,50.0,82.0,True
4792,2,20.0,91.0,50.0,121.0,True
4792,2,59.0,91.0,89.0,121.0,True
4792,2,98.0,91.0,128.0,121.0,True
4792,2,98.0,130.0,128.0,160.0,True
4792,2,137.0,130.0,167.0,160.0,True
4792,2,176.0,91.0,206.0,121.0,True
4792,2,176.0,169.0,206.0,199.0,True
4793,2,14.0,61.0,44.0,91.0,True
4793,2,53.0,61.0,83.0,91.0,True
4793,2,92.0,139.0,122.0,169.0,True
4793,2,131.0,22.0,161.0,52.0,True
4793,2,131.0,100.0,161.0,130.0,True
4793,2,131.0,139.0,161.0,169.0,True
4793,2,131.0,178.0,161.0,208.0,True
4793,2,170.0,139.0,200.0,169.0,True
4794,2,17.0,55.0,47.0,85.0,True
4794,2,56.0,16.0,86.0,46.0,True
4794,2,56.0,94.0,86.0,124.0,True
4794,2,95.0,94.0,125.0,124.0,True
4794,2,134.0,16.0,164.0,46.0,True
4794,2,134.0,55.0,164.0,85.0,True
4794,2,173.0,94.0,203.0,124.0,True
4794,2,173.0,172.0,203.0,202.0,True
4795,2,57.0,93.0,87.0,123.0,True
4795,2,57.0,171.0,87.0,201.0,True
4795,2,96.0,54.0,126.0,84.0,True
4795,2,96.0,93.0,126.0,123.0,True
4795,2,135.0,15.0,165.0,45.0,True
4795,2,135.0,171.0,165.0,201.0,True
4795,2,174.0,93.0,204.0,123.0,True
4795,2,174.0,171.0,204.0,201.0,True
4796,2,52.0,58.0,82.0,88.0,True
4796,2,52.0,97.0,82.0,127.0,True
4796,2,52.0,136.0,82.0,166.0,True
4796,2,91.0,19.0,121.0,49.0,True
4796,2,91.0,175.0,121.0,205.0,True
4796,2,130.0,136.0,160.0,166.0,True
4796,2,169.0,19.0,199.0,49.0,True
4796,2,169.0,58.0,199.0,88.0,True
4797,2,19.0,57.0,49.0,87.0,True
4797,2,19.0,135.0,49.0,165.0,True
4797,2,58.0,18.0,88.0,48.0,True
4797,2,58.0,135.0,88.0,165.0,True
4797,2,58.0,174.0,88.0,204.0,True
4797,2,97.0,18.0,127.0,48.0,True
4797,2,136.0,18.0,166.0,48.0,True
4797,2,136.0,135.0,166.0,165.0,True
4798,2,16.0,53.0,46.0,83.0,True
4798,2,55.0,14.0,85.0,44.0,True
4798,2,55.0,131.0,85.0,161.0,True
4798,2,94.0,170.0,124.0,200.0,True
4798,2,133.0,131.0,163.0,161.0,True
4798,2,172.0,92.0,202.0,122.0,True
4798,2,172.0,131.0,202.0,161.0,True
4798,2,172.0,170.0,202.0,200.0,True
4799,2,22.0,99.0,52.0,129.0,True
4799,2,100.0,60.0,130.0,90.0,True
4799,2,100.0,99.0,130.0,129.0,True
4799,2,100.0,138.0,130.0,168.0,True
4799,2,139.0,60.0,169.0,90.0,True
4799,2,139.0,99.0,169.0,129.0,True
4799,2,178.0,138.0,208.0,168.0,True
4799,2,178.0,177.0,208.0,207.0,True
4900,2,24.0,22.0,54.0,52.0,True
4901,2,15.0,20.0,45.0,50.0,True
4902,2,19.0,24.0,49.0,54.0,True
4903,2,21.0,22.0,51.0,52.0,True
4904,2,13.0,13.0,43.0,43.0,True
4905,2,16.0,16.0,46.0,46.0,True
4906,2,18.0,60.0,48.0,90.0,True
4907,2,18.0,53.0,48.0,83.0,True
4908,2,20.0,52.0,50.0,82.0,True
4909,2,18.0,59.0,48.0,89.0,True
4910,2,20.0,57.0,50.0,87.0,True
4911,2,14.0,54.0,44.0,84.0,True
4912,2,19.0,61.0,49.0,91.0,True
4913,2,20.0,91.0,50.0,121.0,True
4914,2,24.0,94.0,54.0,124.0,True
4915,2,17.0,130.0,47.0,160.0,True
4916,2,23.0,174.0,53.0,204.0,True
4917,2,59.0,14.0,89.0,44.0,True
4918,2,54.0,23.0,84.0,53.0,True
4919,2,58.0,20.0,88.0,50.0,True
4920,2,62.0,21.0,92.0,51.0,True
4921,2,53.0,18.0,83.0,48.0,True
4922,2,63.0,24.0,93.0,54.0,True
4923,2,53.0,17.0,83.0,47.0,True
4924,2,56.0,13.0,86.0,43.0,True
4925,2,62.0,16.0,92.0,46.0,True
4926,2,63.0,56.0,93.0,86.0,True
4927,2,53.0,52.0,83.0,82.0,True
4928,2,57.0,60.0,87.0,90.0,True
4929,2,61.0,95.0,91.0,125.0,True
4930,2,62.0,98.0,92.0,128.0,True
4931,2,62.0,93.0,92.0,123.0,True
4932,2,57.0,96.0,87.0,126.0,True
4933,2,56.0,140.0,86.0,170.0,True
4934,2,59.0,137.0,89.0,167.0,True
4935,2,59.0,132.0,89.0,162.0,True
4936,2,59.0,178.0,89.0,208.0,True
4937,2,56.0,169.0,86.0,199.0,True
4938,2,61.0,172.0,91.0,202.0,True
4939,2,61.0,180.0,91.0,210.0,True
4940,2,55.0,180.0,85.0,210.0,True
4941,2,60.0,180.0,90.0,210.0,True
4942,2,54.0,180.0,84.0,210.0,True
4943,2,98.0,18.0,128.0,48.0,True
4944,2,94.0,17.0,124.0,47.0,True
4945,2,96.0,54.0,126.0,84.0,True
4946,2,100.0,59.0,130.0,89.0,True
4947,2,95.0,57.0,125.0,87.0,True
4948,2,100.0,97.0,130.0,127.0,True
4949,2,98.0,141.0,128.0,171.0,True
4950,2,91.0,137.0,121.0,167.0,True
4951,2,101.0,136.0,131.0,166.0,True
4952,2,93.0,132.0,123.0,162.0,True
4953,2,99.0,130.0,129.0,160.0,True
4954,2,96.0,141.0,126.0,171.0,True
4955,2,92.0,172.0,122.0,202.0,True
4956,2,93.0,173.0,123.0,203.0,True
4957,2,94.0,169.0,124.0,199.0,True
4958,2,92.0,169.0,122.0,199.0,True
4959,2,133.0,16.0,163.0,46.0,True
4960,2,131.0,20.0,161.0,50.0,True
4961,2,132.0,23.0,162.0,53.0,True
4962,2,134.0,60.0,164.0,90.0,True
4963,2,131.0,59.0,161.0,89.0,True
4964,2,137.0,61.0,167.0,91.0,True
4965,2,134.0,58.0,164.0,88.0,True
4966,2,135.0,97.0,165.0,127.0,True
4967,2,132.0,94.0,162.0,124.0,True
4968,2,132.0,92.0,162.0,122.0,True
4969,2,131.0,99.0,161.0,129.0,True
4970,2,130.0,92.0,160.0,122.0,True
4971,2,134.0,97.0,164.0,127.0,True
4972,2,141.0,93.0,171.0,123.0,True
4973,2,141.0,97.0,171.0,127.0,True
4974,2,134.0,92.0,164.0,122.0,True
4975,2,140.0,137.0,170.0,167.0,True
4976,2,131.0,138.0,161.0,168.0,True
4977,2,138.0,135.0,168.0,165.0,True
4978,2,136.0,180.0,166.0,210.0,True
4979,2,139.0,172.0,169.0,202.0,True
4980,2,177.0,16.0,207.0,46.0,True
4981,2,180.0,14.0,210.0,44.0,True
4982,2,180.0,20.0,210.0,50.0,True
4983,2,179.0,19.0,209.0,49.0,True
4984,2,170.0,23.0,200.0,53.0,True
4985,2,169.0,20.0,199.0,50.0,True
4986,2,170.0,56.0,200.0,86.0,True
4987,2,179.0,57.0,209.0,87.0,True
4988,2,173.0,52.0,203.0,82.0,True
4989,2,179.0,99.0,209.0,129.0,True
4990,2,169.0,94.0,199.0,124.0,True
4991,2,175.0,92.0,205.0,122.0,True
4992,2,176.0,137.0,206.0,167.0,True
4993,2,172.0,137.0,202.0,167.0,True
4994,2,171.0,177.0,201.0,207.0,True
4995,2,169.0,170.0,199.0,200.0,True
4996,2,179.0,170.0,209.0,200.0,True
4997,2,170.0,170.0,200.0,200.0,True
4998,2,179.0,172.0,209.0,202.0,True
4999,2,173.0,179.0,203.0,209.0,True
5000,2,54.0,171.0,84.0,201.0,True
5001,2,137.0,60.0,167.0,90.0,True
5002,2,137.0,99.0,167.0,129.0,True
5003,2,140.0,96.0,170.0,126.0,True
5004,2,177.0,173.0,207.0,203.0,True
5005,2,20.0,63.0,50.0,93.0,True
5006,2,96.0,54.0,126.0,84.0,True
5007,2,20.0,59.0,50.0,89.0,True
5008,2,98.0,91.0,128.0,121.0,True
5009,2,130.0,18.0,160.0,48.0,True
5010,2,20.0,57.0,50.0,87.0,True
5011,2,180.0,19.0,210.0,49.0,True
5012,2,15.0,101.0,45.0,131.0,True
5013,2,58.0,130.0,88.0,160.0,True
5014,2,16.0,92.0,46.0,122.0,True
5015,2,138.0,135.0,168.0,165.0,True
5016,2,21.0,96.0,51.0,126.0,True
5017,2,20.0,98.0,50.0,128.0,True
5018,2,13.0,101.0,43.0,131.0,True
5019,2,21.0,141.0,51.0,171.0,True
5020,2,19.0,130.0,49.0,160.0,True
5021,2,16.0,134.0,46.0,164.0,True
5022,2,21.0,139.0,51.0,169.0,True
5023,2,13.0,139.0,43.0,169.0,True
5024,2,101.0,141.0,131.0,171.0,True
5025,2,130.0,102.0,160.0,132.0,True
5026,2,21.0,139.0,51.0,169.0,True
5027,2,17.0,133.0,47.0,163.0,True
5028,2,172.0,130.0,202.0,160.0,True
5029,2,60.0,97.0,90.0,127.0,True
5030,2,15.0,172.0,45.0,202.0,True
5031,2,15.0,173.0,45.0,203.0,True
5032,2,14.0,180.0,44.0,210.0,True
5033,2,15.0,175.0,45.0,205.0,True
5034,2,24.0,171.0,54.0,201.0,True
5035,2,138.0,174.0,168.0,204.0,True
5036,2,172.0,21.0,202.0,51.0,True
5037,2,175.0,141.0,205.0,171.0,True
5038,2,61.0,15.0,91.0,45.0,True
5039,2,100.0,58.0,130.0,88.0,True
5040,2,56.0,20.0,86.0,50.0,True
5041,2,57.0,55.0,87.0,85.0,True
5042,2,62.0,63.0,92.0,93.0,True
5043,2,97.0,92.0,127.0,122.0,True
5044,2,61.0,56.0,91.0,86.0,True
5045,2,101.0,174.0,131.0,204.0,True
5046,2,56.0,62.0,86.0,92.0,True
5047,2,56.0,95.0,86.0,125.0,True
5048,2,95.0,99.0,125.0,129.0,True
5049,2,141.0,176.0,171.0,206.0,True
5050,2,174.0,16.0,204.0,46.0,True
5051,2,169.0,94.0,199.0,124.0,True
5052,2,98.0,16.0,128.0,46.0,True
5053,2,55.0,135.0,85.0,165.0,True
5054,2,56.0,133.0,86.0,163.0,True
5055,2,59.0,139.0,89.0,169.0,True
5056,2,173.0,136.0,203.0,166.0,True
5057,2,171.0,133.0,201.0,163.0,True
5058,2,58.0,175.0,88.0,205.0,True
5059,2,53.0,171.0,83.0,201.0,True
5060,2,173.0,131.0,203.0,161.0,True
5061,2,97.0,14.0,127.0,44.0,True
5062,2,102.0,17.0,132.0,47.0,True
5063,2,134.0,55.0,164.0,85.0,True
5064,2,93.0,22.0,123.0,52.0,True
5065,2,93.0,17.0,123.0,47.0,True
5066,2,101.0,60.0,131.0,90.0,True
5067,2,137.0,174.0,167.0,204.0,True
5068,2,91.0,53.0,121.0,83.0,True
5069,2,99.0,63.0,129.0,93.0,True
5070,2,139.0,21.0,169.0,51.0,True
5071,2,91.0,141.0,121.0,171.0,True
5072,2,132.0,130.0,162.0,160.0,True
5073,2,140.0,178.0,170.0,208.0,True
5074,2,138.0,177.0,168.0,207.0,True
5075,2,173.0,18.0,203.0,48.0,True
5076,2,99.0,130.0,129.0,160.0,True
5077,2,133.0,23.0,163.0,53.0,True
5078,2,101.0,176.0,131.0,206.0,True
5079,2,98.0,174.0,128.0,204.0,True
5080,2,172.0,176.0,202.0,206.0,True
5081,2,132.0,15.0,162.0,45.0,True
5082,2,132.0,16.0,162.0,46.0,True
5083,2,141.0,19.0,171.0,49.0,True
5084,2,177.0,23.0,207.0,53.0,True
5085,2,134.0,55.0,164.0,85.0,True
5086,2,133.0,55.0,163.0,85.0,True
5087,2,134.0,61.0,164.0,91.0,True
5088,2,130.0,52.0,160.0,82.0,True
5089,2,178.0,22.0,208.0,52.0,True
5090,2,136.0,91.0,166.0,121.0,True
5091,2,131.0,101.0,161.0,131.0,True
5092,2,132.0,94.0,162.0,124.0,True
5093,2,133.0,99.0,163.0,129.0,True
5094,2,139.0,131.0,169.0,161.0,True
5095,2,131.0,138.0,161.0,168.0,True
5096,2,179.0,137.0,209.0,167.0,True
5097,2,131.0,176.0,161.0,206.0,True
5098,2,174.0,134.0,204.0,164.0,True
5099,2,174.0,54.0,204.0,84.0,True
5100,2,17.0,19.0,47.0,49.0,True
5100,2,17.0,136.0,47.0,166.0,True
5101,2,14.0,17.0,44.0,47.0,True
5101,2,53.0,95.0,83.0,125.0,True
5102,2,22.0,13.0,52.0,43.0,True
5102,2,61.0,169.0,91.0,199.0,True
5103,2,16.0,22.0,46.0,52.0,True
5103,2,133.0,61.0,163.0,91.0,True
5104,2,24.0,21.0,54.0,51.0,True
5104,2,180.0,21.0,210.0,51.0,True
5105,2,16.0,22.0,46.0,52.0,True
5105,2,172.0,22.0,202.0,52.0,True
5106,2,20.0,22.0,50.0,52.0,True
5106,2,176.0,61.0,206.0,91.0,True
5107,2,24.0,59.0,54.0,89.0,True
5107,2,63.0,20.0,93.0,50.0,True
5108,2,15.0,60.0,45.0,90.0,True
5108,2,93.0,60.0,123.0,90.0,True
5109,2,17.0,55.0,47.0,85.0,True
5109,2,134.0,55.0,164.0,85.0,True
5110,2,19.0,59.0,49.0,89.0,True
5110,2,175.0,176.0,205.0,206.0,True
5111,2,24.0,101.0,54.0,131.0,True
5111,2,63.0,101.0,93.0,131.0,True
5112,2,13.0,100.0,43.0,130.0,True
5112,2,91.0,22.0,121.0,52.0,True
5113,2,19.0,98.0,49.0,128.0,True
5113,2,97.0,59.0,127.0,89.0,True
5114,2,23.0,93.0,53.0,123.0,True
5114,2,101.0,132.0,131.0,162.0,True
5115,2,19.0,95.0,49.0,125.0,True
5115,2,97.0,173.0,127.0,203.0,True
5116,2,19.0,102.0,49.0,132.0,True
5116,2,175.0,24.0,205.0,54.0,True
5117,2,24.0,135.0,54.0,165.0,True
5117,2,24.0,174.0,54.0,204.0,True
5118,2,21.0,139.0,51.0,169.0,True
5118,2,60.0,22.0,90.0,52.0,True
5119,2,21.0,140.0,51.0,170.0,True
5119,2,60.0,23.0,90.0,53.0,True
5120,2,24.0,139.0,54.0,169.0,True
5120,2,63.0,178.0,93.0,208.0,True
5121,2,16.0,135.0,46.0,165.0,True
5121,2,94.0,96.0,124.0,126.0,True
5122,2,22.0,132.0,52.0,162.0,True
5122,2,139.0,15.0,169.0,45.0,True
5123,2,17.0,133.0,47.0,163.0,True
5123,2,134.0,133.0,164.0,163.0,True
5124,2,21.0,134.0,51.0,164.0,True
5124,2,177.0,134.0,207.0,164.0,True
5125,2,24.0,139.0,54.0,169.0,True
5125,2,180.0,139.0,210.0,169.0,True
5126,2,18.0,180.0,48.0,210.0,True
5126,2,57.0,102.0,87.0,132.0,True
5127,2,19.0,180.0,49.0,210.0,True
5127,2,97.0,63.0,127.0,93.0,True
5128,2,14.0,177.0,44.0,207.0,True
5128,2,92.0,60.0,122.0,90.0,True
5129,2,13.0,169.0,43.0,199.0,True
5129,2,91.0,130.0,121.0,160.0,True
5130,2,21.0,177.0,51.0,207.0,True
5130,2,138.0,21.0,168.0,51.0,True
5131,2,16.0,171.0,46.0,201.0,True
5131,2,133.0,93.0,163.0,123.0,True
5132,2,14.0,180.0,44.0,210.0,True
5132,2,170.0,180.0,200.0,210.0,True
5133,2,55.0,19.0,85.0,49.0,True
5133,2,55.0,58.0,85.0,88.0,True
5134,2,57.0,22.0,87.0,52.0,True
5134,2,96.0,22.0,126.0,52.0,True
5135,2,58.0,13.0,88.0,43.0,True
5135,2,97.0,52.0,127.0,82.0,True
5136,2,61.0,16.0,91.0,46.0,True
5136,2,100.0,133.0,130.0,163.0,True
5137,2,56.0,16.0,86.0,46.0,True
5137,2,134.0,133.0,164.0,163.0,True
5138,2,59.0,14.0,89.0,44.0,True
5138,2,137.0,170.0,167.0,200.0,True
5139,2,57.0,22.0,87.0,52.0,True
5139,2,174.0,22.0,204.0,52.0,True
5140,2,61.0,63.0,91.0,93.0,True
5140,2,100.0,102.0,130.0,132.0,True
5141,2,61.0,55.0,91.0,85.0,True
5141,2,100.0,172.0,130.0,202.0,True
5142,2,58.0,63.0,88.0,93.0,True
5142,2,97.0,180.0,127.0,210.0,True
5143,2,63.0,58.0,93.0,88.0,True
5143,2,141.0,19.0,171.0,49.0,True
5144,2,55.0,62.0,85.0,92.0,True
5144,2,172.0,23.0,202.0,53.0,True
5145,2,55.0,94.0,85.0,124.0,True
5145,2,133.0,16.0,163.0,46.0,True
5146,2,61.0,102.0,91.0,132.0,True
5146,2,139.0,24.0,169.0,54.0,True
5147,2,56.0,140.0,86.0,170.0,True
5147,2,95.0,101.0,125.0,131.0,True
5148,2,62.0,136.0,92.0,166.0,True
5148,2,179.0,19.0,209.0,49.0,True
5149,2,57.0,138.0,87.0,168.0,True
5149,2,174.0,177.0,204.0,207.0,True
5150,2,57.0,169.0,87.0,199.0,True
5150,2,96.0,13.0,126.0,43.0,True
5151,2,52.0,174.0,82.0,204.0,True
5151,2,91.0,96.0,121.0,126.0,True
5152,2,60.0,173.0,90.0,203.0,True
5152,2,99.0,134.0,129.0,164.0,True
5153,2,62.0,169.0,92.0,199.0,True
5153,2,140.0,13.0,170.0,43.0,True
5154,2,58.0,171.0,88.0,201.0,True
5154,2,136.0,54.0,166.0,84.0,True
5155,2,53.0,172.0,83.0,202.0,True
5155,2,131.0,94.0,161.0,124.0,True
5156,2,62.0,171.0,92.0,201.0,True
5156,2,140.0,93.0,170.0,123.0,True
5157,2,56.0,172.0,86.0,202.0,True
5157,2,134.0,172.0,164.0,202.0,True
5158,2,61.0,174.0,91.0,204.0,True
5158,2,178.0,18.0,208.0,48.0,True
5159,2,52.0,175.0,82.0,205.0,True
5159,2,169.0,136.0,199.0,166.0,True
5160,2,55.0,176.0,85.0,206.0,True
5160,2,172.0,137.0,202.0,167.0,True
5161,2,61.0,177.0,91.0,207.0,True
5161,2,178.0,177.0,208.0,207.0,True
5162,2,63.0,169.0,93.0,199.0,True
5162,2,180.0,169.0,210.0,199.0,True
5163,2,101.0,20.0,131.0,50.0,True
5163,2,101.0,59.0,131.0,89.0,True
5164,2,101.0,19.0,131.0,49.0,True
5164,2,101.0,97.0,131.0,127.0,True
5165,2,101.0,15.0,131.0,45.0,True
5165,2,101.0,132.0,131.0,162.0,True
5166,2,92.0,22.0,122.0,52.0,True
5166,2,131.0,22.0,161.0,52.0,True
5167,2,91.0,59.0,121.0,89.0,True
5167,2,91.0,137.0,121.0,167.0,True
5168,2,98.0,59.0,128.0,89.0,True
5168,2,98.0,176.0,128.0,206.0,True
5169,2,95.0,52.0,125.0,82.0,True
5169,2,134.0,91.0,164.0,121.0,True
5170,2,97.0,62.0,127.0,92.0,True
5170,2,175.0,23.0,205.0,53.0,True
5171,2,100.0,98.0,130.0,128.0,True
5171,2,139.0,176.0,169.0,206.0,True
5172,2,102.0,94.0,132.0,124.0,True
5172,2,180.0,172.0,210.0,202.0,True
5173,2,94.0,139.0,124.0,169.0,True
5173,2,133.0,61.0,163.0,91.0,True
5174,2,99.0,141.0,129.0,171.0,True
5174,2,138.0,63.0,168.0,93.0,True
5175,2,102.0,132.0,132.0,162.0,True
5175,2,141.0,132.0,171.0,162.0,True
5176,2,99.0,137.0,129.0,167.0,True
5176,2,138.0,176.0,168.0,206.0,True
5177,2,100.0,138.0,130.0,168.0,True
5177,2,178.0,138.0,208.0,168.0,True
5178,2,101.0,141.0,131.0,171.0,True
5178,2,179.0,180.0,209.0,210.0,True
5179,2,96.0,135.0,126.0,165.0,True
5179,2,174.0,174.0,204.0,204.0,True
5180,2,138.0,13.0,168.0,43.0,True
5180,2,138.0,52.0,168.0,82.0,True
5181,2,139.0,21.0,169.0,51.0,True
5181,2,139.0,99.0,169.0,129.0,True
5182,2,135.0,14.0,165.0,44.0,True
5182,2,135.0,170.0,165.0,200.0,True
5183,2,131.0,17.0,161.0,47.0,True
5183,2,170.0,17.0,200.0,47.0,True
5184,2,133.0,18.0,163.0,48.0,True
5184,2,172.0,57.0,202.0,87.0,True
5185,2,130.0,16.0,160.0,46.0,True
5185,2,169.0,133.0,199.0,163.0,True
5186,2,138.0,21.0,168.0,51.0,True
5186,2,177.0,177.0,207.0,207.0,True
5187,2,133.0,54.0,163.0,84.0,True
5187,2,133.0,171.0,163.0,201.0,True
5188,2,136.0,57.0,166.0,87.0,True
5188,2,175.0,57.0,205.0,87.0,True
5189,2,141.0,92.0,171.0,122.0,True
5189,2,141.0,170.0,171.0,200.0,True
5190,2,139.0,98.0,169.0,128.0,True
5190,2,178.0,98.0,208.0,128.0,True
5191,2,137.0,101.0,167.0,131.0,True
5191,2,176.0,140.0,206.0,170.0,True
5192,2,139.0,102.0,169.0,132.0,True
5192,2,178.0,180.0,208.0,210.0,True
5193,2,136.0,139.0,166.0,169.0,True
5193,2,175.0,22.0,205.0,52.0,True
5194,2,132.0,131.0,162.0,161.0,True
5194,2,171.0,14.0,201.0,44.0,True
5195,2,139.0,134.0,169.0,164.0,True
5195,2,178.0,56.0,208.0,86.0,True
5196,2,132.0,140.0,162.0,170.0,True
5196,2,171.0,101.0,201.0,131.0,True
5197,2,132.0,139.0,162.0,169.0,True
5197,2,171.0,139.0,201.0,169.0,True
5198,2,137.0,175.0,167.0,205.0,True
5198,2,176.0,58.0,206.0,88.0,True
5199,2,180.0,98.0,210.0,128.0,True
5199,2,180.0,137.0,210.0,167.0,True
5200,2,21.0,93.0,51.0,123.0,True
5200,2,60.0,54.0,90.0,84.0,True
5200,2,177.0,132.0,207.0,162.0,True
5201,2,19.0,15.0,49.0,45.0,True
5201,2,19.0,171.0,49.0,201.0,True
5201,2,175.0,54.0,205.0,84.0,True
5202,2,24.0,14.0,54.0,44.0,True
5202,2,24.0,170.0,54.0,200.0,True
5202,2,63.0,14.0,93.0,44.0,True
5203,2,25.0,20.0,55.0,50.0,True
5203,2,64.0,98.0,94.0,128.0,True
5203,2,103.0,59.0,133.0,89.0,True
5204,2,21.0,174.0,51.0,204.0,True
5204,2,99.0,135.0,129.0,165.0,True
5204,2,177.0,174.0,207.0,204.0,True
5205,2,14.0,20.0,44.0,50.0,True
5205,2,53.0,20.0,83.0,50.0,True
5205,2,170.0,137.0,200.0,167.0,True
5206,2,61.0,17.0,91.0,47.0,True
5206,2,139.0,134.0,169.0,164.0,True
5206,2,178.0,134.0,208.0,164.0,True
5207,2,16.0,19.0,46.0,49.0,True
5207,2,55.0,58.0,85.0,88.0,True
5207,2,94.0,97.0,124.0,127.0,True
5208,2,59.0,58.0,89.0,88.0,True
5208,2,59.0,136.0,89.0,166.0,True
5208,2,137.0,58.0,167.0,88.0,True
5209,2,56.0,59.0,86.0,89.0,True
5209,2,56.0,176.0,86.0,206.0,True
5209,2,95.0,176.0,125.0,206.0,True
5210,2,62.0,137.0,92.0,167.0,True
5210,2,101.0,20.0,131.0,50.0,True
5210,2,140.0,176.0,170.0,206.0,True
5211,2,14.0,14.0,44.0,44.0,True
5211,2,92.0,53.0,122.0,83.0,True
5211,2,170.0,92.0,200.0,122.0,True
5212,2,96.0,102.0,126.0,132.0,True
5212,2,96.0,180.0,126.0,210.0,True
5212,2,174.0,24.0,204.0,54.0,True
5213,2,24.0,18.0,54.0,48.0,True
5213,2,102.0,135.0,132.0,165.0,True
5213,2,180.0,174.0,210.0,204.0,True
5214,2,25.0,19.0,55.0,49.0,True
5214,2,181.0,58.0,211.0,88.0,True
5214,2,181.0,97.0,211.0,127.0,True
5215,2,14.0,55.0,44.0,85.0,True
5215,2,14.0,94.0,44.0,124.0,True
5215,2,53.0,172.0,83.0,202.0,True
5216,2,19.0,64.0,49.0,94.0,True
5216,2,19.0,142.0,49.0,172.0,True
5216,2,136.0,181.0,166.0,211.0,True
5217,2,23.0,63.0,53.0,93.0,True
5217,2,101.0,24.0,131.0,54.0,True
5217,2,140.0,141.0,170.0,171.0,True
5218,2,59.0,54.0,89.0,84.0,True
5218,2,98.0,171.0,128.0,201.0,True
5218,2,137.0,54.0,167.0,84.0,True
5219,2,19.0,64.0,49.0,94.0,True
5219,2,58.0,103.0,88.0,133.0,True
5219,2,97.0,103.0,127.0,133.0,True
5220,2,20.0,64.0,50.0,94.0,True
5220,2,59.0,103.0,89.0,133.0,True
5220,2,98.0,181.0,128.0,211.0,True
5221,2,55.0,178.0,85.0,208.0,True
5221,2,133.0,22.0,163.0,52.0,True
5221,2,172.0,139.0,202.0,169.0,True
5222,2,14.0,56.0,44.0,86.0,True
5222,2,92.0,17.0,122.0,47.0,True
5222,2,92.0,56.0,122.0,86.0,True
5223,2,18.0,55.0,48.0,85.0,True
5223,2,135.0,133.0,165.0,163.0,True
5223,2,174.0,16.0,204.0,46.0,True
5224,2,24.0,59.0,54.0,89.0,True
5224,2,180.0,20.0,210.0,50.0,True
5224,2,180.0,176.0,210.0,206.0,True
5225,2,18.0,55.0,48.0,85.0,True
5225,2,96.0,133.0,126.0,163.0,True
5225,2,96.0,172.0,126.0,202.0,True
5226,2,24.0,138.0,54.0,168.0,True
5226,2,180.0,21.0,210.0,51.0,True
5226,2,180.0,60.0,210.0,90.0,True
5227,2,25.0,100.0,55.0,130.0,True
5227,2,64.0,22.0,94.0,52.0,True
5227,2,142.0,139.0,172.0,169.0,True
5228,2,54.0,55.0,84.0,85.0,True
5228,2,54.0,133.0,84.0,163.0,True
5228,2,171.0,133.0,201.0,163.0,True
5229,2,25.0,95.0,55.0,125.0,True
5229,2,64.0,56.0,94.0,86.0,True
5229,2,64.0,173.0,94.0,203.0,True
5230,2,17.0,93.0,47.0,123.0,True
5230,2,56.0,132.0,86.0,162.0,True
5230,2,134.0,93.0,164.0,123.0,True
5231,2,19.0,100.0,49.0,130.0,True
5231,2,58.0,178.0,88.0,208.0,True
5231,2,136.0,139.0,166.0,169.0,True
5232,2,94.0,15.0,124.0,45.0,True
5232,2,133.0,132.0,163.0,162.0,True
5232,2,172.0,132.0,202.0,162.0,True
5233,2,22.0,102.0,52.0,132.0,True
5233,2,100.0,141.0,130.0,171.0,True
5233,2,139.0,141.0,169.0,171.0,True
5234,2,25.0,101.0,55.0,131.0,True
5234,2,181.0,23.0,211.0,53.0,True
5234,2,181.0,101.0,211.0,131.0,True
5235,2,21.0,139.0,51.0,169.0,True
5235,2,60.0,22.0,90.0,52.0,True
5235,2,99.0,61.0,129.0,91.0,True
5236,2,25.0,135.0,55.0,165.0,True
5236,2,25.0,174.0,55.0,204.0,True
5236,2,103.0,174.0,133.0,204.0,True
5237,2,24.0,181.0,54.0,211.0,True
5237,2,102.0,25.0,132.0,55.0,True
5237,2,141.0,142.0,171.0,172.0,True
5238,2,62.0,23.0,92.0,53.0,True
5238,2,62.0,140.0,92.0,170.0,True
5238,2,140.0,62.0,170.0,92.0,True
5239,2,22.0,135.0,52.0,165.0,True
5239,2,61.0,96.0,91.0,126.0,True
5239,2,178.0,57.0,208.0,87.0,True
5240,2,59.0,137.0,89.0,167.0,True
5240,2,98.0,137.0,128.0,167.0,True
5240,2,137.0,59.0,167.0,89.0,True
5241,2,25.0,133.0,55.0,163.0,True
5241,2,64.0,172.0,94.0,202.0,True
5241,2,181.0,55.0,211.0,85.0,True
5242,2,23.0,141.0,53.0,171.0,True
5242,2,101.0,24.0,131.0,54.0,True
5242,2,140.0,180.0,170.0,210.0,True
5243,2,94.0,25.0,124.0,55.0,True
5243,2,133.0,25.0,163.0,55.0,True
5243,2,172.0,64.0,202.0,94.0,True
5244,2,16.0,131.0,46.0,161.0,True
5244,2,94.0,53.0,124.0,83.0,True
5244,2,94.0,92.0,124.0,122.0,True
5245,2,18.0,135.0,48.0,165.0,True
5245,2,96.0,135.0,126.0,165.0,True
5245,2,174.0,57.0,204.0,87.0,True
5246,2,54.0,20.0,84.0,50.0,True
5246,2,132.0,137.0,162.0,167.0,True
5246,2,132.0,176.0,162.0,206.0,True
5247,2,20.0,172.0,50.0,202.0,True
5247,2,59.0,94.0,89.0,124.0,True
5247,2,59.0,172.0,89.0,202.0,True
5248,2,14.0,177.0,44.0,207.0,True
5248,2,92.0,21.0,122.0,51.0,True
5248,2,92.0,177.0,122.0,207.0,True
5249,2,22.0,174.0,52.0,204.0,True
5249,2,139.0,135.0,169.0,165.0,True
5249,2,178.0,135.0,208.0,165.0,True
5250,2,16.0,179.0,46.0,209.0,True
5250,2,94.0,23.0,124.0,53.0,True
5250,2,172.0,23.0,202.0,53.0,True
5251,2,19.0,175.0,49.0,205.0,True
5251,2,97.0,58.0,127.0,88.0,True
5251,2,136.0,58.0,166.0,88.0,True
5252,2,22.0,171.0,52.0,201.0,True
5252,2,139.0,93.0,169.0,123.0,True
5252,2,139.0,132.0,169.0,162.0,True
5253,2,98.0,136.0,128.0,166.0,True
5253,2,137.0,175.0,167.0,205.0,True
5253,2,176.0,97.0,206.0,127.0,True
5254,2,16.0,179.0,46.0,209.0,True
5254,2,94.0,179.0,124.0,209.0,True
5254,2,172.0,62.0,202.0,92.0,True
5255,2,132.0,103.0,162.0,133.0,True
5255,2,132.0,181.0,162.0,211.0,True
5255,2,171.0,64.0,201.0,94.0,True
5256,2,63.0,19.0,93.0,49.0,True
5256,2,63.0,97.0,93.0,127.0,True
5256,2,141.0,19.0,171.0,49.0,True
5257,2,58.0,20.0,88.0,50.0,True
5257,2,58.0,98.0,88.0,128.0,True
5257,2,136.0,137.0,166.0,167.0,True
5258,2,56.0,21.0,86.0,51.0,True
5258,2,56.0,60.0,86.0,90.0,True
5258,2,134.0,138.0,164.0,168.0,True
5259,2,59.0,59.0,89.0,89.0,True
5259,2,98.0,176.0,128.0,206.0,True
5259,2,176.0,137.0,206.0,167.0,True
5260,2,60.0,99.0,90.0,129.0,True
5260,2,99.0,21.0,129.0,51.0,True
5260,2,138.0,177.0,168.0,207.0,True
5261,2,64.0,102.0,94.0,132.0,True
5261,2,103.0,63.0,133.0,93.0,True
5261,2,103.0,180.0,133.0,210.0,True
5262,2,58.0,23.0,88.0,53.0,True
5262,2,58.0,140.0,88.0,170.0,True
5262,2,97.0,140.0,127.0,170.0,True
5263,2,55.0,15.0,85.0,45.0,True
5263,2,55.0,171.0,85.0,201.0,True
5263,2,172.0,93.0,202.0,123.0,True
5264,2,63.0,20.0,93.0,50.0,True
5264,2,102.0,20.0,132.0,50.0,True
5264,2,141.0,98.0,171.0,128.0,True
5265,2,136.0,25.0,166.0,55.0,True
5265,2,136.0,142.0,166.0,172.0,True
5265,2,175.0,142.0,205.0,172.0,True
5266,2,56.0,25.0,86.0,55.0,True
5266,2,134.0,142.0,164.0,172.0,True
5266,2,134.0,181.0,164.0,211.0,True
5267,2,58.0,55.0,88.0,85.0,True
5267,2,58.0,94.0,88.0,124.0,True
5267,2,175.0,172.0,205.0,202.0,True
5268,2,61.0,172.0,91.0,202.0,True
5268,2,100.0,16.0,130.0,46.0,True
5268,2,139.0,16.0,169.0,46.0,True
5269,2,58.0,57.0,88.0,87.0,True
5269,2,97.0,96.0,127.0,126.0,True
5269,2,136.0,96.0,166.0,126.0,True
5270,2,53.0,58.0,83.0,88.0,True
5270,2,92.0,58.0,122.0,88.0,True
5270,2,92.0,97.0,122.0,127.0,True
5271,2,58.0,53.0,88.0,83.0,True
5271,2,97.0,53.0,127.0,83.0,True
5271,2,136.0,92.0,166.0,122.0,True
5272,2,64.0,56.0,94.0,86.0,True
5272,2,103.0,134.0,133.0,164.0,True
5272,2,142.0,95.0,172.0,125.0,True
5273,2,59.0,53.0,89.0,83.0,True
5273,2,98.0,92.0,128.0,122.0,True
5273,2,137.0,131.0,167.0,161.0,True
5274,2,55.0,61.0,85.0,91.0,True
5274,2,94.0,178.0,124.0,208.0,True
5274,2,172.0,100.0,202.0,130.0,True
5275,2,60.0,98.0,90.0,128.0,True
5275,2,60.0,137.0,90.0,167.0,True
5275,2,99.0,137.0,129.0,167.0,True
5276,2,62.0,97.0,92.0,127.0,True
5276,2,62.0,175.0,92.0,205.0,True
5276,2,101.0,58.0,131.0,88.0,True
5277,2,93.0,14.0,123.0,44.0,True
5277,2,93.0,92.0,123.0,122.0,True
5277,2,171.0,92.0,201.0,122.0,True
5278,2,57.0,93.0,87.0,123.0,True
5278,2,96.0,54.0,126.0,84.0,True
5278,2,174.0,171.0,204.0,201.0,True
5279,2,59.0,93.0,89.0,123.0,True
5279,2,98.0,132.0,128.0,162.0,True
5279,2,137.0,171.0,167.0,201.0,True
5280,2,63.0,171.0,93.0,201.0,True
5280,2,141.0,171.0,171.0,201.0,True
5280,2,180.0,54.0,210.0,84.0,True
5281,2,59.0,132.0,89.0,162.0,True
5281,2,137.0,132.0,167.0,162.0,True
5281,2,176.0,54.0,206.0,84.0,True
5282,2,63.0,139.0,93.0,169.0,True
5282,2,141.0,22.0,171.0,52.0,True
5282,2,141.0,61.0,171.0,91.0,True
5283,2,56.0,135.0,86.0,165.0,True
5283,2,134.0,96.0,164.0,126.0,True
5283,2,173.0,18.0,203.0,48.0,True
5284,2,58.0,138.0,88.0,168.0,True
5284,2,136.0,177.0,166.0,207.0,True
5284,2,175.0,60.0,205.0,90.0,True
5285,2,55.0,173.0,85.0,203.0,True
5285,2,94.0,17.0,124.0,47.0,True
5285,2,172.0,17.0,202.0,47.0,True
5286,2,98.0,56.0,128.0,86.0,True
5286,2,137.0,173.0,167.0,203.0,True
5286,2,176.0,134.0,206.0,164.0,True
5287,2,64.0,175.0,94.0,205.0,True
5287,2,103.0,136.0,133.0,166.0,True
5287,2,142.0,136.0,172.0,166.0,True
5288,2,54.0,177.0,84.0,207.0,True
5288,2,132.0,99.0,162.0,129.0,True
5288,2,132.0,177.0,162.0,207.0,True
5289,2,95.0,15.0,125.0,45.0,True
5289,2,95.0,54.0,125.0,84.0,True
5289,2,134.0,54.0,164.0,84.0,True
5290,2,98.0,25.0,128.0,55.0,True
5290,2,98.0,64.0,128.0,94.0,True
5290,2,176.0,181.0,206.0,211.0,True
5291,2,92.0,23.0,122.0,53.0,True
5291,2,131.0,23.0,161.0,53.0,True
5291,2,131.0,140.0,161.0,170.0,True
5292,2,101.0,97.0,131.0,127.0,True
5292,2,140.0,19.0,170.0,49.0,True
5292,2,179.0,136.0,209.0,166.0,True
5293,2,98.0,18.0,128.0,48.0,True
5293,2,137.0,174.0,167.0,204.0,True
5293,2,176.0,18.0,206.0,48.0,True
5294,2,102.0,15.0,132.0,45.0,True
5294,2,141.0,171.0,171.0,201.0,True
5294,2,180.0,15.0,210.0,45.0,True
5295,2,99.0,102.0,129.0,132.0,True
5295,2,138.0,180.0,168.0,210.0,True
5295,2,177.0,24.0,207.0,54.0,True
5296,2,140.0,59.0,170.0,89.0,True
5296,2,179.0,59.0,209.0,89.0,True
5296,2,179.0,137.0,209.0,167.0,True
5297,2,101.0,173.0,131.0,203.0,True
5297,2,140.0,56.0,170.0,86.0,True
5297,2,140.0,95.0,170.0,125.0,True
5298,2,99.0,178.0,129.0,208.0,True
5298,2,177.0,61.0,207.0,91.0,True
5298,2,177.0,139.0,207.0,169.0,True
5299,2,136.0,18.0,166.0,48.0,True
5299,2,136.0,174.0,166.0,204.0,True
5299,2,175.0,18.0,205.0,48.0,True
5300,2,14.0,24.0,44.0,54.0,True
5300,2,14.0,102.0,44.0,132.0,True
5300,2,53.0,141.0,83.0,171.0,True
5300,2,92.0,141.0,122.0,171.0,True
5301,2,22.0,14.0,52.0,44.0,True
5301,2,22.0,131.0,52.0,161.0,True
5301,2,100.0,170.0,130.0,200.0,True
5301,2,139.0,14.0,169.0,44.0,True
5302,2,24.0,24.0,54.0,54.0,True
5302,2,24.0,180.0,54.0,210.0,True
5302,2,102.0,102.0,132.0,132.0,True
5302,2,180.0,141.0,210.0,171.0,True
5303,2,18.0,15.0,48.0,45.0,True
5303,2,57.0,93.0,87.0,123.0,True
5303,2,174.0,54.0,204.0,84.0,True
5303,2,174.0,93.0,204.0,123.0,True
5304,2,14.0,13.0,44.0,43.0,True
5304,2,53.0,130.0,83.0,160.0,True
5304,2,92.0,13.0,122.0,43.0,True
5304,2,131.0,130.0,161.0,160.0,True
5305,2,14.0,17.0,44.0,47.0,True
5305,2,53.0,134.0,83.0,164.0,True
5305,2,92.0,56.0,122.0,86.0,True
5305,2,131.0,95.0,161.0,125.0,True
5306,2,17.0,23.0,47.0,53.0,True
5306,2,95.0,23.0,125.0,53.0,True
5306,2,134.0,179.0,164.0,209.0,True
5306,2,173.0,140.0,203.0,170.0,True
5307,2,22.0,58.0,52.0,88.0,True
5307,2,22.0,97.0,52.0,127.0,True
5307,2,61.0,136.0,91.0,166.0,True
5307,2,139.0,175.0,169.0,205.0,True
5308,2,20.0,62.0,50.0,92.0,True
5308,2,20.0,140.0,50.0,170.0,True
5308,2,176.0,101.0,206.0,131.0,True
5308,2,176.0,140.0,206.0,170.0,True
5309,2,15.0,58.0,45.0,88.0,True
5309,2,15.0,175.0,45.0,205.0,True
5309,2,93.0,97.0,123.0,127.0,True
5309,2,132.0,136.0,162.0,166.0,True
5310,2,20.0,58.0,50.0,88.0,True
5310,2,59.0,19.0,89.0,49.0,True
5310,2,59.0,175.0,89.0,205.0,True
5310,2,137.0,97.0,167.0,127.0,True
5311,2,17.0,56.0,47.0,86.0,True
5311,2,56.0,95.0,86.0,125.0,True
5311,2,95.0,134.0,125.0,164.0,True
5311,2,173.0,56.0,203.0,86.0,True
5312,2,22.0,52.0,52.0,82.0,True
5312,2,61.0,91.0,91.0,121.0,True
5312,2,100.0,169.0,130.0,199.0,True
5312,2,178.0,91.0,208.0,121.0,True
5313,2,17.0,52.0,47.0,82.0,True
5313,2,56.0,130.0,86.0,160.0,True
5313,2,95.0,52.0,125.0,82.0,True
5313,2,173.0,13.0,203.0,43.0,True
5314,2,19.0,59.0,49.0,89.0,True
5314,2,58.0,176.0,88.0,206.0,True
5314,2,97.0,176.0,127.0,206.0,True
5314,2,175.0,98.0,205.0,128.0,True
5315,2,19.0,59.0,49.0,89.0,True
5315,2,97.0,59.0,127.0,89.0,True
5315,2,175.0,59.0,205.0,89.0,True
5315,2,175.0,98.0,205.0,128.0,True
5316,2,23.0,54.0,53.0,84.0,True
5316,2,101.0,171.0,131.0,201.0,True
5316,2,140.0,15.0,170.0,45.0,True
5316,2,140.0,171.0,170.0,201.0,True
5317,2,18.0,54.0,48.0,84.0,True
5317,2,135.0,54.0,165.0,84.0,True
5317,2,135.0,132.0,165.0,162.0,True
5317,2,135.0,171.0,165.0,201.0,True
5318,2,19.0,99.0,49.0,129.0,True
5318,2,19.0,177.0,49.0,207.0,True
5318,2,58.0,21.0,88.0,51.0,True
5318,2,136.0,21.0,166.0,51.0,True
5319,2,13.0,96.0,43.0,126.0,True
5319,2,13.0,174.0,43.0,204.0,True
5319,2,130.0,174.0,160.0,204.0,True
5319,2,169.0,96.0,199.0,126.0,True
5320,2,13.0,94.0,43.0,124.0,True
5320,2,52.0,16.0,82.0,46.0,True
5320,2,91.0,94.0,121.0,124.0,True
5320,2,91.0,172.0,121.0,202.0,True
5321,2,23.0,102.0,53.0,132.0,True
5321,2,62.0,24.0,92.0,54.0,True
5321,2,140.0,102.0,170.0,132.0,True
5321,2,179.0,141.0,209.0,171.0,True
5322,2,19.0,97.0,49.0,127.0,True
5322,2,58.0,58.0,88.0,88.0,True
5322,2,136.0,136.0,166.0,166.0,True
5322,2,175.0,58.0,205.0,88.0,True
5323,2,14.0,98.0,44.0,128.0,True
5323,2,53.0,98.0,83.0,128.0,True
5323,2,131.0,98.0,161.0,128.0,True
5323,2,170.0,176.0,200.0,206.0,True
5324,2,22.0,95.0,52.0,125.0,True
5324,2,61.0,134.0,91.0,164.0,True
5324,2,100.0,17.0,130.0,47.0,True
5324,2,178.0,95.0,208.0,125.0,True
5325,2,24.0,95.0,54.0,125.0,True
5325,2,63.0,173.0,93.0,203.0,True
5325,2,102.0,95.0,132.0,125.0,True
5325,2,180.0,56.0,210.0,86.0,True
5326,2,20.0,101.0,50.0,131.0,True
5326,2,59.0,179.0,89.0,209.0,True
5326,2,137.0,179.0,167.0,209.0,True
5326,2,176.0,101.0,206.0,131.0,True
5327,2,20.0,97.0,50.0,127.0,True
5327,2,98.0,19.0,128.0,49.0,True
5327,2,98.0,136.0,128.0,166.0,True
5327,2,176.0,97.0,206.0,127.0,True
5328,2,16.0,94.0,46.0,124.0,True
5328,2,94.0,55.0,124.0,85.0,True
5328,2,94.0,172.0,124.0,202.0,True
5328,2,133.0,16.0,163.0,46.0,True
5329,2,21.0,100.0,51.0,130.0,True
5329,2,99.0,61.0,129.0,91.0,True
5329,2,138.0,61.0,168.0,91.0,True
5329,2,177.0,100.0,207.0,130.0,True
5330,2,19.0,99.0,49.0,129.0,True
5330,2,97.0,99.0,127.0,129.0,True
5330,2,136.0,21.0,166.0,51.0,True
5330,2,175.0,177.0,205.0,207.0,True
5331,2,16.0,101.0,46.0,131.0,True
5331,2,133.0,62.0,163.0,92.0,True
5331,2,172.0,62.0,202.0,92.0,True
5331,2,172.0,140.0,202.0,170.0,True
5332,2,18.0,141.0,48.0,171.0,True
5332,2,18.0,180.0,48.0,210.0,True
5332,2,57.0,24.0,87.0,54.0,True
5332,2,135.0,180.0,165.0,210.0,True
5333,2,21.0,138.0,51.0,168.0,True
5333,2,21.0,177.0,51.0,207.0,True
5333,2,99.0,21.0,129.0,51.0,True
5333,2,177.0,21.0,207.0,51.0,True
5334,2,22.0,131.0,52.0,161.0,True
5334,2,22.0,170.0,52.0,200.0,True
5334,2,100.0,92.0,130.0,122.0,True
5334,2,139.0,14.0,169.0,44.0,True
5335,2,18.0,136.0,48.0,166.0,True
5335,2,57.0,97.0,87.0,127.0,True
5335,2,96.0,58.0,126.0,88.0,True
5335,2,135.0,58.0,165.0,88.0,True
5336,2,18.0,132.0,48.0,162.0,True
5336,2,57.0,132.0,87.0,162.0,True
5336,2,135.0,54.0,165.0,84.0,True
5336,2,174.0,171.0,204.0,201.0,True
5337,2,18.0,140.0,48.0,170.0,True
5337,2,57.0,179.0,87.0,209.0,True
5337,2,96.0,62.0,126.0,92.0,True
5337,2,96.0,140.0,126.0,170.0,True
5338,2,14.0,141.0,44.0,171.0,True
5338,2,53.0,180.0,83.0,210.0,True
5338,2,92.0,102.0,122.0,132.0,True
5338,2,170.0,102.0,200.0,132.0,True
5339,2,21.0,130.0,51.0,160.0,True
5339,2,99.0,13.0,129.0,43.0,True
5339,2,99.0,52.0,129.0,82.0,True
5339,2,177.0,130.0,207.0,160.0,True
5340,2,20.0,134.0,50.0,164.0,True
5340,2,98.0,17.0,128.0,47.0,True
5340,2,137.0,17.0,167.0,47.0,True
5340,2,176.0,134.0,206.0,164.0,True
5341,2,24.0,132.0,54.0,162.0,True
5341,2,102.0,54.0,132.0,84.0,True
5341,2,102.0,93.0,132.0,123.0,True
5341,2,141.0,132.0,171.0,162.0,True
5342,2,18.0,135.0,48.0,165.0,True
5342,2,96.0,57.0,126.0,87.0,True
5342,2,174.0,18.0,204.0,48.0,True
5342,2,174.0,174.0,204.0,204.0,True
5343,2,23.0,136.0,53.0,166.0,True
5343,2,101.0,136.0,131.0,166.0,True
5343,2,140.0,19.0,170.0,49.0,True
5343,2,179.0,97.0,209.0,127.0,True
5344,2,19.0,140.0,49.0,170.0,True
5344,2,136.0,23.0,166.0,53.0,True
5344,2,175.0,23.0,205.0,53.0,True
5344,2,175.0,140.0,205.0,170.0,True
5345,2,13.0,169.0,43.0,199.0,True
5345,2,52.0,13.0,82.0,43.0,True
5345,2,91.0,91.0,121.0,121.0,True
5345,2,169.0,52.0,199.0,82.0,True
5346,2,24.0,176.0,54.0,206.0,True
5346,2,63.0,59.0,93.0,89.0,True
5346,2,63.0,137.0,93.0,167.0,True
5346,2,180.0,176.0,210.0,206.0,True
5347,2,18.0,172.0,48.0,202.0,True
5347,2,57.0,55.0,87.0,85.0,True
5347,2,96.0,55.0,126.0,85.0,True
5347,2,135.0,133.0,165.0,163.0,True
5348,2,15.0,175.0,45.0,205.0,True
5348,2,54.0,97.0,84.0,127.0,True
5348,2,132.0,175.0,162.0,205.0,True
5348,2,171.0,19.0,201.0,49.0,True
5349,2,13.0,178.0,43.0,208.0,True
5349,2,52.0,100.0,82.0,130.0,True
5349,2,169.0,22.0,199.0,52.0,True
5349,2,169.0,100.0,199.0,130.0,True
5350,2,24.0,172.0,54.0,202.0,True
5350,2,63.0,133.0,93.0,163.0,True
5350,2,102.0,94.0,132.0,124.0,True
5350,2,180.0,16.0,210.0,46.0,True
5351,2,21.0,176.0,51.0,206.0,True
5351,2,60.0,137.0,90.0,167.0,True
5351,2,99.0,176.0,129.0,206.0,True
5351,2,177.0,59.0,207.0,89.0,True
5352,2,21.0,179.0,51.0,209.0,True
5352,2,60.0,179.0,90.0,209.0,True
5352,2,99.0,101.0,129.0,131.0,True
5352,2,177.0,23.0,207.0,53.0,True
5353,2,18.0,177.0,48.0,207.0,True
5353,2,96.0,21.0,126.0,51.0,True
5353,2,174.0,21.0,204.0,51.0,True
5353,2,174.0,138.0,204.0,168.0,True
5354,2,22.0,177.0,52.0,207.0,True
5354,2,100.0,99.0,130.0,129.0,True
5354,2,100.0,138.0,130.0,168.0,True
5354,2,178.0,60.0,208.0,90.0,True
5355,2,58.0,22.0,88.0,52.0,True
5355,2,58.0,61.0,88.0,91.0,True
5355,2,58.0,139.0,88.0,169.0,True
5355,2,175.0,100.0,205.0,130.0,True
5356,2,58.0,15.0,88.0,45.0,True
5356,2,58.0,54.0,88.0,84.0,True
5356,2,58.0,171.0,88.0,201.0,True
5356,2,136.0,132.0,166.0,162.0,True
5357,2,57.0,18.0,87.0,48.0,True
5357,2,57.0,57.0,87.0,87.0,True
5357,2,57.0,174.0,87.0,204.0,True
5357,2,135.0,174.0,165.0,204.0,True
5358,2,57.0,20.0,87.0,50.0,True
5358,2,57.0,98.0,87.0,128.0,True
5358,2,57.0,137.0,87.0,167.0,True
5358,2,135.0,59.0,165.0,89.0,True
5359,2,52.0,24.0,82.0,54.0,True
5359,2,52.0,102.0,82.0,132.0,True
5359,2,91.0,63.0,121.0,93.0,True
5359,2,169.0,63.0,199.0,93.0,True
5360,2,59.0,16.0,89.0,46.0,True
5360,2,59.0,94.0,89.0,124.0,True
5360,2,176.0,16.0,206.0,46.0,True
5360,2,176.0,55.0,206.0,85.0,True
5361,2,60.0,15.0,90.0,45.0,True
5361,2,60.0,171.0,90.0,201.0,True
5361,2,138.0,54.0,168.0,84.0,True
5361,2,138.0,132.0,168.0,162.0,True
5362,2,60.0,14.0,90.0,44.0,True
5362,2,60.0,170.0,90.0,200.0,True
5362,2,138.0,53.0,168.0,83.0,True
5362,2,177.0,92.0,207.0,122.0,True
5363,2,61.0,19.0,91.0,49.0,True
5363,2,100.0,58.0,130.0,88.0,True
5363,2,139.0,19.0,169.0,49.0,True
5363,2,139.0,136.0,169.0,166.0,True
5364,2,56.0,14.0,86.0,44.0,True
5364,2,95.0,92.0,125.0,122.0,True
5364,2,95.0,170.0,125.0,200.0,True
5364,2,173.0,170.0,203.0,200.0,True
5365,2,58.0,21.0,88.0,51.0,True
5365,2,136.0,60.0,166.0,90.0,True
5365,2,175.0,60.0,205.0,90.0,True
5365,2,175.0,138.0,205.0,168.0,True
5366,2,53.0,60.0,83.0,90.0,True
5366,2,53.0,99.0,83.0,129.0,True
5366,2,53.0,138.0,83.0,168.0,True
5366,2,92.0,138.0,122.0,168.0,True
5367,2,63.0,53.0,93.0,83.0,True
5367,2,63.0,92.0,93.0,122.0,True
5367,2,102.0,53.0,132.0,83.0,True
5367,2,180.0,53.0,210.0,83.0,True
5368,2,53.0,52.0,83.0,82.0,True
5368,2,53.0,130.0,83.0,160.0,True
5368,2,92.0,52.0,122.0,82.0,True
5368,2,92.0,91.0,122.0,121.0,True
5369,2,59.0,58.0,89.0,88.0,True
5369,2,59.0,136.0,89.0,166.0,True
5369,2,98.0,136.0,128.0,166.0,True
5369,2,98.0,175.0,128.0,205.0,True
5370,2,57.0,61.0,87.0,91.0,True
5370,2,96.0,22.0,126.0,52.0,True
5370,2,96.0,100.0,126.0,130.0,True
5370,2,135.0,100.0,165.0,130.0,True
5371,2,63.0,62.0,93.0,92.0,True
5371,2,102.0,140.0,132.0,170.0,True
5371,2,141.0,140.0,171.0,170.0,True
5371,2,180.0,140.0,210.0,170.0,True
5372,2,56.0,100.0,86.0,130.0,True
5372,2,56.0,178.0,86.0,208.0,True
5372,2,95.0,100.0,125.0,130.0,True
5372,2,134.0,100.0,164.0,130.0,True
5373,2,53.0,93.0,83.0,123.0,True
5373,2,53.0,171.0,83.0,201.0,True
5373,2,92.0,132.0,122.0,162.0,True
5373,2,170.0,132.0,200.0,162.0,True
5374,2,52.0,95.0,82.0,125.0,True
5374,2,91.0,56.0,121.0,86.0,True
5374,2,91.0,95.0,121.0,125.0,True
5374,2,130.0,95.0,160.0,125.0,True
5375,2,57.0,102.0,87.0,132.0,True
5375,2,96.0,63.0,126.0,93.0,True
5375,2,96.0,102.0,126.0,132.0,True
5375,2,174.0,180.0,204.0,210.0,True
5376,2,52.0,96.0,82.0,126.0,True
5376,2,91.0,96.0,121.0,126.0,True
5376,2,169.0,57.0,199.0,87.0,True
5376,2,169.0,174.0,199.0,204.0,True
5377,2,56.0,91.0,86.0,121.0,True
5377,2,95.0,169.0,125.0,199.0,True
5377,2,134.0,169.0,164.0,199.0,True
5377,2,173.0,91.0,203.0,121.0,True
5378,2,60.0,97.0,90.0,127.0,True
5378,2,138.0,136.0,168.0,166.0,True
5378,2,177.0,19.0,207.0,49.0,True
5378,2,177.0,136.0,207.0,166.0,True
5379,2,53.0,134.0,83.0,164.0,True
5379,2,53.0,173.0,83.0,203.0,True
5379,2,92.0,56.0,122.0,86.0,True
5379,2,131.0,56.0,161.0,86.0,True
5380,2,59.0,136.0,89.0,166.0,True
5380,2,98.0,19.0,128.0,49.0,True
5380,2,137.0,97.0,167.0,127.0,True
5380,2,176.0,175.0,206.0,205.0,True
5381,2,54.0,136.0,84.0,166.0,True
5381,2,93.0,58.0,123.0,88.0,True
5381,2,132.0,97.0,162.0,127.0,True
5381,2,132.0,136.0,162.0,166.0,True
5382,2,57.0,136.0,87.0,166.0,True
5382,2,135.0,19.0,165.0,49.0,True
5382,2,174.0,97.0,204.0,127.0,True
5382,2,174.0,136.0,204.0,166.0,True
5383,2,60.0,134.0,90.0,164.0,True
5383,2,138.0,56.0,168.0,86.0,True
5383,2,138.0,134.0,168.0,164.0,True
5383,2,177.0,17.0,207.0,47.0,True
5384,2,53.0,138.0,83.0,168.0,True
5384,2,131.0,60.0,161.0,90.0,True
5384,2,170.0,60.0,200.0,90.0,True
5384,2,170.0,99.0,200.0,129.0,True
5385,2,61.0,132.0,91.0,162.0,True
5385,2,139.0,93.0,169.0,123.0,True
5385,2,178.0,54.0,208.0,84.0,True
5385,2,178.0,93.0,208.0,123.0,True
5386,2,63.0,140.0,93.0,170.0,True
5386,2,141.0,179.0,171.0,209.0,True
5386,2,180.0,23.0,210.0,53.0,True
5386,2,180.0,101.0,210.0,131.0,True
5387,2,101.0,13.0,131.0,43.0,True
5387,2,140.0,91.0,170.0,121.0,True
5387,2,140.0,169.0,170.0,199.0,True
5387,2,179.0,13.0,209.0,43.0,True
5388,2,92.0,53.0,122.0,83.0,True
5388,2,92.0,92.0,122.0,122.0,True
5388,2,170.0,53.0,200.0,83.0,True
5388,2,170.0,131.0,200.0,161.0,True
5389,2,92.0,58.0,122.0,88.0,True
5389,2,92.0,175.0,122.0,205.0,True
5389,2,131.0,58.0,161.0,88.0,True
5389,2,131.0,175.0,161.0,205.0,True
5390,2,93.0,61.0,123.0,91.0,True
5390,2,93.0,178.0,123.0,208.0,True
5390,2,132.0,61.0,162.0,91.0,True
5390,2,171.0,22.0,201.0,52.0,True
5391,2,94.0,91.0,124.0,121.0,True
5391,2,94.0,130.0,124.0,160.0,True
5391,2,133.0,91.0,163.0,121.0,True
5391,2,133.0,130.0,163.0,160.0,True
5392,2,96.0,97.0,126.0,127.0,True
5392,2,135.0,19.0,165.0,49.0,True
5392,2,135.0,175.0,165.0,205.0,True
5392,2,174.0,58.0,204.0,88.0,True
5393,2,96.0,102.0,126.0,132.0,True
5393,2,135.0,102.0,165.0,132.0,True
5393,2,174.0,24.0,204.0,54.0,True
5393,2,174.0,102.0,204.0,132.0,True
5394,2,99.0,136.0,129.0,166.0,True
5394,2,138.0,19.0,168.0,49.0,True
5394,2,138.0,58.0,168.0,88.0,True
5394,2,177.0,19.0,207.0,49.0,True
5395,2,96.0,134.0,126.0,164.0,True
5395,2,174.0,17.0,204.0,47.0,True
5395,2,174.0,56.0,204.0,86.0,True
5395,2,174.0,95.0,204.0,125.0,True
5396,2,131.0,14.0,161.0,44.0,True
5396,2,131.0,53.0,161.0,83.0,True
5396,2,131.0,131.0,161.0,161.0,True
5396,2,170.0,14.0,200.0,44.0,True
5397,2,133.0,15.0,163.0,45.0,True
5397,2,133.0,54.0,163.0,84.0,True
5397,2,133.0,171.0,163.0,201.0,True
5397,2,172.0,93.0,202.0,123.0,True
5398,2,132.0,61.0,162.0,91.0,True
5398,2,171.0,61.0,201.0,91.0,True
5398,2,171.0,100.0,201.0,130.0,True
5398,2,171.0,178.0,201.0,208.0,True
5399,2,133.0,98.0,163.0,128.0,True
5399,2,133.0,137.0,163.0,167.0,True
5399,2,172.0,20.0,202.0,50.0,True
5399,2,172.0,98.0,202.0,128.0,True
5400,2,24.0,141.0,54.0,171.0,True
5400,2,63.0,63.0,93.0,93.0,True
5400,2,102.0,24.0,132.0,54.0,True
5400,2,102.0,141.0,132.0,171.0,True
5400,2,141.0,63.0,171.0,93.0,True
5400,2,141.0,141.0,171.0,171.0,True
5400,2,180.0,180.0,210.0,210.0,True
5401,2,25.0,61.0,55.0,91.0,True
5401,2,64.0,139.0,94.0,169.0,True
5401,2,64.0,178.0,94.0,208.0,True
5401,2,103.0,100.0,133.0,130.0,True
5401,2,142.0,100.0,172.0,130.0,True
5401,2,142.0,139.0,172.0,169.0,True
5401,2,181.0,61.0,211.0,91.0,True
5402,2,60.0,24.0,90.0,54.0,True
5402,2,60.0,63.0,90.0,93.0,True
5402,2,60.0,141.0,90.0,171.0,True
5402,2,138.0,24.0,168.0,54.0,True
5402,2,138.0,102.0,168.0,132.0,True
5402,2,177.0,24.0,207.0,54.0,True
5402,2,177.0,102.0,207.0,132.0,True
5403,2,15.0,18.0,45.0,48.0,True
5403,2,15.0,135.0,45.0,165.0,True
5403,2,93.0,96.0,123.0,126.0,True
5403,2,93.0,135.0,123.0,165.0,True
5403,2,132.0,96.0,162.0,126.0,True
5403,2,132.0,135.0,162.0,165.0,True
5403,2,171.0,18.0,201.0,48.0,True
5404,2,56.0,20.0,86.0,50.0,True
5404,2,56.0,98.0,86.0,128.0,True
5404,2,56.0,176.0,86.0,206.0,True
5404,2,95.0,137.0,125.0,167.0,True
5404,2,134.0,137.0,164.0,167.0,True
5404,2,173.0,59.0,203.0,89.0,True
5404,2,173.0,176.0,203.0,206.0,True
5405,2,25.0,64.0,55.0,94.0,True
5405,2,64.0,25.0,94.0,55.0,True
5405,2,64.0,103.0,94.0,133.0,True
5405,2,64.0,181.0,94.0,211.0,True
5405,2,142.0,25.0,172.0,55.0,True
5405,2,142.0,103.0,172.0,133.0,True
5405,2,142.0,142.0,172.0,172.0,True
5406,2,18.0,14.0,48.0,44.0,True
5406,2,57.0,53.0,87.0,83.0,True
5406,2,57.0,92.0,87.0,122.0,True
5406,2,57.0,170.0,87.0,200.0,True
5406,2,96.0,53.0,126.0,83.0,True
5406,2,96.0,170.0,126.0,200.0,True
5406,2,135.0,92.0,165.0,122.0,True
5407,2,99.0,19.0,129.0,49.0,True
5407,2,99.0,58.0,129.0,88.0,True
5407,2,138.0,58.0,168.0,88.0,True
5407,2,138.0,97.0,168.0,127.0,True
5407,2,138.0,136.0,168.0,166.0,True
5407,2,177.0,19.0,207.0,49.0,True
5407,2,177.0,175.0,207.0,205.0,True
5408,2,25.0,103.0,55.0,133.0,True
5408,2,25.0,181.0,55.0,211.0,True
5408,2,64.0,103.0,94.0,133.0,True
5408,2,103.0,25.0,133.0,55.0,True
5408,2,142.0,25.0,172.0,55.0,True
5408,2,142.0,142.0,172.0,172.0,True
5408,2,181.0,142.0,211.0,172.0,True
5409,2,16.0,19.0,46.0,49.0,True
5409,2,16.0,58.0,46.0,88.0,True
5409,2,16.0,136.0,46.0,166.0,True
5409,2,16.0,175.0,46.0,205.0,True
5409,2,94.0,19.0,124.0,49.0,True
5409,2,94.0,175.0,124.0,205.0,True
5409,2,172.0,19.0,202.0,49.0,True
5410,2,24.0,58.0,54.0,88.0,True
5410,2,24.0,97.0,54.0,127.0,True
5410,2,63.0,58.0,93.0,88.0,True
5410,2,102.0,19.0,132.0,49.0,True
5410,2,102.0,97.0,132.0,127.0,True
5410,2,102.0,175.0,132.0,205.0,True
5410,2,180.0,175.0,210.0,205.0,True
5411,2,25.0,64.0,55.0,94.0,True
5411,2,25.0,142.0,55.0,172.0,True
5411,2,64.0,64.0,94.0,94.0,True
5411,2,64.0,142.0,94.0,172.0,True
5411,2,142.0,142.0,172.0,172.0,True
5411,2,181.0,25.0,211.0,55.0,True
5411,2,181.0,142.0,211.0,172.0,True
5412,2,23.0,93.0,53.0,123.0,True
5412,2,23.0,132.0,53.0,162.0,True
5412,2,23.0,171.0,53.0,201.0,True
5412,2,62.0,132.0,92.0,162.0,True
5412,2,140.0,54.0,170.0,84.0,True
5412,2,140.0,93.0,170.0,123.0,True
5412,2,179.0,132.0,209.0,162.0,True
5413,2,24.0,21.0,54.0,51.0,True
5413,2,24.0,138.0,54.0,168.0,True
5413,2,63.0,99.0,93.0,129.0,True
5413,2,63.0,138.0,93.0,168.0,True
5413,2,102.0,177.0,132.0,207.0,True
5413,2,180.0,60.0,210.0,90.0,True
5413,2,180.0,99.0,210.0,129.0,True
5414,2,19.0,177.0,49.0,207.0,True
5414,2,58.0,60.0,88.0,90.0,True
5414,2,58.0,177.0,88.0,207.0,True
5414,2,97.0,21.0,127.0,51.0,True
5414,2,97.0,138.0,127.0,168.0,True
5414,2,136.0,60.0,166.0,90.0,True
5414,2,175.0,138.0,205.0,168.0,True
5415,2,14.0,53.0,44.0,83.0,True
5415,2,14.0,170.0,44.0,200.0,True
5415,2,53.0,131.0,83.0,161.0,True
5415,2,131.0,53.0,161.0,83.0,True
5415,2,131.0,92.0,161.0,122.0,True
5415,2,131.0,131.0,161.0,161.0,True
5415,2,170.0,14.0,200.0,44.0,True
5416,2,20.0,103.0,50.0,133.0,True
5416,2,59.0,64.0,89.0,94.0,True
5416,2,59.0,142.0,89.0,172.0,True
5416,2,98.0,142.0,128.0,172.0,True
5416,2,137.0,25.0,167.0,55.0,True
5416,2,137.0,103.0,167.0,133.0,True
5416,2,176.0,25.0,206.0,55.0,True
5417,2,16.0,133.0,46.0,163.0,True
5417,2,55.0,133.0,85.0,163.0,True
5417,2,94.0,55.0,124.0,85.0,True
5417,2,94.0,94.0,124.0,124.0,True
5417,2,94.0,133.0,124.0,163.0,True
5417,2,172.0,55.0,202.0,85.0,True
5417,2,172.0,133.0,202.0,163.0,True
5418,2,16.0,19.0,46.0,49.0,True
5418,2,16.0,136.0,46.0,166.0,True
5418,2,16.0,175.0,46.0,205.0,True
5418,2,55.0,58.0,85.0,88.0,True
5418,2,133.0,175.0,163.0,205.0,True
5418,2,172.0,58.0,202.0,88.0,True
5418,2,172.0,97.0,202.0,127.0,True
5419,2,19.0,58.0,49.0,88.0,True
5419,2,58.0,19.0,88.0,49.0,True
5419,2,58.0,58.0,88.0,88.0,True
5419,2,58.0,136.0,88.0,166.0,True
5419,2,97.0,19.0,127.0,49.0,True
5419,2,97.0,175.0,127.0,205.0,True
5419,2,175.0,58.0,205.0,88.0,True
5420,2,25.0,173.0,55.0,203.0,True
5420,2,64.0,173.0,94.0,203.0,True
5420,2,103.0,95.0,133.0,125.0,True
5420,2,142.0,95.0,172.0,125.0,True
5420,2,181.0,17.0,211.0,47.0,True
5420,2,181.0,95.0,211.0,125.0,True
5420,2,181.0,173.0,211.0,203.0,True
5421,2,22.0,135.0,52.0,165.0,True
5421,2,61.0,96.0,91.0,126.0,True
5421,2,100.0,96.0,130.0,126.0,True
5421,2,139.0,57.0,169.0,87.0,True
5421,2,139.0,174.0,169.0,204.0,True
5421,2,178.0,18.0,208.0,48.0,True
5421,2,178.0,135.0,208.0,165.0,True
5422,2,14.0,131.0,44.0,161.0,True
5422,2,53.0,53.0,83.0,83.0,True
5422,2,92.0,14.0,122.0,44.0,True
5422,2,131.0,14.0,161.0,44.0,True
5422,2,131.0,53.0,161.0,83.0,True
5422,2,131.0,170.0,161.0,200.0,True
5422,2,170.0,170.0,200.0,200.0,True
5423,2,22.0,61.0,52.0,91.0,True
5423,2,22.0,100.0,52.0,130.0,True
5423,2,22.0,139.0,52.0,169.0,True
5423,2,61.0,61.0,91.0,91.0,True
5423,2,61.0,100.0,91.0,130.0,True
5423,2,100.0,178.0,130.0,208.0,True
5423,2,139.0,139.0,169.0,169.0,True
5424,2,58.0,18.0,88.0,48.0,True
5424,2,58.0,96.0,88.0,126.0,True
5424,2,97.0,96.0,127.0,126.0,True
5424,2,97.0,135.0,127.0,165.0,True
5424,2,136.0,135.0,166.0,165.0,True
5424,2,175.0,57.0,205.0,87.0,True
5424,2,175.0,174.0,205.0,204.0,True
5425,2,14.0,25.0,44.0,55.0,True
5425,2,14.0,103.0,44.0,133.0,True
5425,2,53.0,103.0,83.0,133.0,True
5425,2,92.0,25.0,122.0,55.0,True
5425,2,92.0,103.0,122.0,133.0,True
5425,2,131.0,25.0,161.0,55.0,True
5425,2,131.0,64.0,161.0,94.0,True
5426,2,21.0,64.0,51.0,94.0,True
5426,2,21.0,103.0,51.0,133.0,True
5426,2,21.0,142.0,51.0,172.0,True
5426,2,99.0,142.0,129.0,172.0,True
5426,2,138.0,64.0,168.0,94.0,True
5426,2,138.0,142.0,168.0,172.0,True
5426,2,138.0,181.0,168.0,211.0,True
5427,2,24.0,101.0,54.0,131.0,True
5427,2,24.0,140.0,54.0,170.0,True
5427,2,24.0,179.0,54.0,209.0,True
5427,2,63.0,23.0,93.0,53.0,True
5427,2,63.0,62.0,93.0,92.0,True
5427,2,141.0,62.0,171.0,92.0,True
5427,2,180.0,179.0,210.0,209.0,True
5428,2,16.0,178.0,46.0,208.0,True
5428,2,55.0,100.0,85.0,130.0,True
5428,2,94.0,139.0,124.0,169.0,True
5428,2,133.0,139.0,163.0,169.0,True
5428,2,172.0,22.0,202.0,52.0,True
5428,2,172.0,61.0,202.0,91.0,True
5428,2,172.0,139.0,202.0,169.0,True
5429,2,61.0,17.0,91.0,47.0,True
5429,2,100.0,17.0,130.0,47.0,True
5429,2,100.0,56.0,130.0,86.0,True
5429,2,100.0,134.0,130.0,164.0,True
5429,2,100.0,173.0,130.0,203.0,True
5429,2,139.0,134.0,169.0,164.0,True
5429,2,139.0,173.0,169.0,203.0,True
5430,2,25.0,175.0,55.0,205.0,True
5430,2,64.0,19.0,94.0,49.0,True
5430,2,64.0,136.0,94.0,166.0,True
5430,2,103.0,175.0,133.0,205.0,True
5430,2,142.0,97.0,172.0,127.0,True
5430,2,181.0,58.0,211.0,88.0,True
5430,2,181.0,136.0,211.0,166.0,True
5431,2,21.0,21.0,51.0,51.0,True
5431,2,60.0,21.0,90.0,51.0,True
5431,2,60.0,177.0,90.0,207.0,True
5431,2,99.0,21.0,129.0,51.0,True
5431,2,99.0,138.0,129.0,168.0,True
5431,2,99.0,177.0,129.0,207.0,True
5431,2,138.0,21.0,168.0,51.0,True
5432,2,18.0,59.0,48.0,89.0,True
5432,2,18.0,176.0,48.0,206.0,True
5432,2,57.0,59.0,87.0,89.0,True
5432,2,96.0,176.0,126.0,206.0,True
5432,2,135.0,59.0,165.0,89.0,True
5432,2,135.0,176.0,165.0,206.0,True
5432,2,174.0,59.0,204.0,89.0,True
5433,2,17.0,95.0,47.0,125.0,True
5433,2,17.0,134.0,47.0,164.0,True
5433,2,56.0,95.0,86.0,125.0,True
5433,2,95.0,56.0,125.0,86.0,True
5433,2,95.0,95.0,125.0,125.0,True
5433,2,95.0,134.0,125.0,164.0,True
5433,2,173.0,17.0,203.0,47.0,True
5434,2,21.0,22.0,51.0,52.0,True
5434,2,21.0,100.0,51.0,130.0,True
5434,2,21.0,139.0,51.0,169.0,True
5434,2,21.0,178.0,51.0,208.0,True
5434,2,138.0,100.0,168.0,130.0,True
5434,2,138.0,178.0,168.0,208.0,True
5434,2,177.0,139.0,207.0,169.0,True
5435,2,60.0,62.0,90.0,92.0,True
5435,2,60.0,101.0,90.0,131.0,True
5435,2,60.0,179.0,90.0,209.0,True
5435,2,99.0,62.0,129.0,92.0,True
5435,2,138.0,101.0,168.0,131.0,True
5435,2,177.0,23.0,207.0,53.0,True
5435,2,177.0,62.0,207.0,92.0,True
5436,2,15.0,60.0,45.0,90.0,True
5436,2,15.0,138.0,45.0,168.0,True
5436,2,54.0,21.0,84.0,51.0,True
5436,2,54.0,60.0,84.0,90.0,True
5436,2,93.0,60.0,123.0,90.0,True
5436,2,93.0,99.0,123.0,129.0,True
5436,2,171.0,99.0,201.0,129.0,True
5437,2,17.0,94.0,47.0,124.0,True
5437,2,56.0,16.0,86.0,46.0,True
5437,2,95.0,133.0,125.0,163.0,True
5437,2,134.0,16.0,164.0,46.0,True
5437,2,173.0,16.0,203.0,46.0,True
5437,2,173.0,94.0,203.0,124.0,True
5437,2,173.0,172.0,203.0,202.0,True
5438,2,14.0,57.0,44.0,87.0,True
5438,2,53.0,96.0,83.0,126.0,True
5438,2,53.0,174.0,83.0,204.0,True
5438,2,92.0,135.0,122.0,165.0,True
5438,2,92.0,174.0,122.0,204.0,True
5438,2,131.0,135.0,161.0,165.0,True
5438,2,131.0,174.0,161.0,204.0,True
5439,2,20.0,137.0,50.0,167.0,True
5439,2,20.0,176.0,50.0,206.0,True
5439,2,59.0,137.0,89.0,167.0,True
5439,2,98.0,176.0,128.0,206.0,True
5439,2,137.0,20.0,167.0,50.0,True
5439,2,137.0,59.0,167.0,89.0,True
5439,2,137.0,176.0,167.0,206.0,True
5440,2,24.0,18.0,54.0,48.0,True
5440,2,24.0,135.0,54.0,165.0,True
5440,2,63.0,57.0,93.0,87.0,True
5440,2,102.0,96.0,132.0,126.0,True
5440,2,102.0,135.0,132.0,165.0,True
5440,2,180.0,18.0,210.0,48.0,True
5440,2,180.0,174.0,210.0,204.0,True
5441,2,24.0,176.0,54.0,206.0,True
5441,2,63.0,20.0,93.0,50.0,True
5441,2,102.0,20.0,132.0,50.0,True
5441,2,102.0,98.0,132.0,128.0,True
5441,2,102.0,176.0,132.0,206.0,True
5441,2,141.0,20.0,171.0,50.0,True
5441,2,180.0,176.0,210.0,206.0,True
5442,2,21.0,21.0,51.0,51.0,True
5442,2,21.0,60.0,51.0,90.0,True
5442,2,99.0,99.0,129.0,129.0,True
5442,2,138.0,60.0,168.0,90.0,True
5442,2,138.0,138.0,168.0,168.0,True
5442,2,138.0,177.0,168.0,207.0,True
5442,2,177.0,60.0,207.0,90.0,True
5443,2,14.0,59.0,44.0,89.0,True
5443,2,14.0,98.0,44.0,128.0,True
5443,2,92.0,20.0,122.0,50.0,True
5443,2,92.0,59.0,122.0,89.0,True
5443,2,92.0,137.0,122.0,167.0,True
5443,2,131.0,98.0,161.0,128.0,True
5443,2,131.0,137.0,161.0,167.0,True
5444,2,20.0,24.0,50.0,54.0,True
5444,2,59.0,63.0,89.0,93.0,True
5444,2,59.0,141.0,89.0,171.0,True
5444,2,98.0,24.0,128.0,54.0,True
5444,2,98.0,141.0,128.0,171.0,True
5444,2,176.0,24.0,206.0,54.0,True
5444,2,176.0,102.0,206.0,132.0,True
5445,2,62.0,97.0,92.0,127.0,True
5445,2,101.0,19.0,131.0,49.0,True
5445,2,101.0,97.0,131.0,127.0,True
5445,2,101.0,175.0,131.0,205.0,True
5445,2,179.0,19.0,209.0,49.0,True
5445,2,179.0,136.0,209.0,166.0,True
5445,2,179.0,175.0,209.0,205.0,True
5446,2,23.0,21.0,53.0,51.0,True
5446,2,62.0,177.0,92.0,207.0,True
5446,2,101.0,21.0,131.0,51.0,True
5446,2,101.0,60.0,131.0,90.0,True
5446,2,140.0,60.0,170.0,90.0,True
5446,2,179.0,21.0,209.0,51.0,True
5446,2,179.0,99.0,209.0,129.0,True
5447,2,22.0,21.0,52.0,51.0,True
5447,2,22.0,138.0,52.0,168.0,True
5447,2,61.0,21.0,91.0,51.0,True
5447,2,61.0,60.0,91.0,90.0,True
5447,2,61.0,99.0,91.0,129.0,True
5447,2,100.0,21.0,130.0,51.0,True
5447,2,178.0,21.0,208.0,51.0,True
5448,2,15.0,135.0,45.0,165.0,True
5448,2,54.0,18.0,84.0,48.0,True
5448,2,54.0,57.0,84.0,87.0,True
5448,2,54.0,174.0,84.0,204.0,True
5448,2,132.0,18.0,162.0,48.0,True
5448,2,132.0,135.0,162.0,165.0,True
5448,2,171.0,96.0,201.0,126.0,True
5449,2,21.0,18.0,51.0,48.0,True
5449,2,21.0,135.0,51.0,165.0,True
5449,2,60.0,135.0,90.0,165.0,True
5449,2,60.0,174.0,90.0,204.0,True
5449,2,99.0,135.0,129.0,165.0,True
5449,2,177.0,18.0,207.0,48.0,True
5449,2,177.0,135.0,207.0,165.0,True
5450,2,22.0,15.0,52.0,45.0,True
5450,2,22.0,93.0,52.0,123.0,True
5450,2,61.0,15.0,91.0,45.0,True
5450,2,61.0,54.0,91.0,84.0,True
5450,2,139.0,132.0,169.0,162.0,True
5450,2,178.0,93.0,208.0,123.0,True
5450,2,178.0,171.0,208.0,201.0,True
5451,2,59.0,24.0,89.0,54.0,True
5451,2,59.0,141.0,89.0,171.0,True
5451,2,98.0,24.0,128.0,54.0,True
5451,2,98.0,102.0,128.0,132.0,True
5451,2,98.0,180.0,128.0,210.0,True
5451,2,176.0,63.0,206.0,93.0,True
5451,2,176.0,102.0,206.0,132.0,True
5452,2,17.0,55.0,47.0,85.0,True
5452,2,17.0,172.0,47.0,202.0,True
5452,2,56.0,16.0,86.0,46.0,True
5452,2,95.0,16.0,125.0,46.0,True
5452,2,95.0,94.0,125.0,124.0,True
5452,2,134.0,133.0,164.0,163.0,True
5452,2,173.0,94.0,203.0,124.0,True
5453,2,18.0,14.0,48.0,44.0,True
5453,2,18.0,92.0,48.0,122.0,True
5453,2,57.0,53.0,87.0,83.0,True
5453,2,57.0,92.0,87.0,122.0,True
5453,2,96.0,170.0,126.0,200.0,True
5453,2,174.0,14.0,204.0,44.0,True
5453,2,174.0,170.0,204.0,200.0,True
5454,2,23.0,64.0,53.0,94.0,True
5454,2,62.0,103.0,92.0,133.0,True
5454,2,140.0,25.0,170.0,55.0,True
5454,2,140.0,64.0,170.0,94.0,True
5454,2,140.0,103.0,170.0,133.0,True
5454,2,179.0,25.0,209.0,55.0,True
5454,2,179.0,64.0,209.0,94.0,True
5455,2,22.0,17.0,52.0,47.0,True
5455,2,22.0,56.0,52.0,86.0,True
5455,2,22.0,173.0,52.0,203.0,True
5455,2,61.0,17.0,91.0,47.0,True
5455,2,139.0,95.0,169.0,125.0,True
5455,2,139.0,134.0,169.0,164.0,True
5455,2,139.0,173.0,169.0,203.0,True
5456,2,25.0,18.0,55.0,48.0,True
5456,2,25.0,96.0,55.0,126.0,True
5456,2,64.0,18.0,94.0,48.0,True
5456,2,64.0,135.0,94.0,165.0,True
5456,2,103.0,96.0,133.0,126.0,True
5456,2,142.0,96.0,172.0,126.0,True
5456,2,142.0,135.0,172.0,165.0,True
5457,2,16.0,54.0,46.0,84.0,True
5457,2,16.0,171.0,46.0,201.0,True
5457,2,55.0,15.0,85.0,45.0,True
5457,2,94.0,15.0,124.0,45.0,True
5457,2,94.0,93.0,124.0,123.0,True
5457,2,94.0,171.0,124.0,201.0,True
5457,2,172.0,132.0,202.0,162.0,True
5458,2,16.0,103.0,46.0,133.0,True
5458,2,55.0,64.0,85.0,94.0,True
5458,2,55.0,103.0,85.0,133.0,True
5458,2,55.0,142.0,85.0,172.0,True
5458,2,94.0,25.0,124.0,55.0,True
5458,2,94.0,64.0,124.0,94.0,True
5458,2,94.0,103.0,124.0,133.0,True
5459,2,58.0,24.0,88.0,54.0,True
5459,2,58.0,63.0,88.0,93.0,True
5459,2,58.0,180.0,88.0,210.0,True
5459,2,97.0,102.0,127.0,132.0,True
5459,2,136.0,141.0,166.0,171.0,True
5459,2,136.0,180.0,166.0,210.0,True
5459,2,175.0,24.0,205.0,54.0,True
5460,2,22.0,174.0,52.0,204.0,True
5460,2,100.0,18.0,130.0,48.0,True
5460,2,100.0,96.0,130.0,126.0,True
5460,2,139.0,96.0,169.0,126.0,True
5460,2,139.0,135.0,169.0,165.0,True
5460,2,139.0,174.0,169.0,204.0,True
5460,2,178.0,174.0,208.0,204.0,True
5461,2,21.0,103.0,51.0,133.0,True
5461,2,21.0,142.0,51.0,172.0,True
5461,2,60.0,64.0,90.0,94.0,True
5461,2,99.0,181.0,129.0,211.0,True
5461,2,138.0,103.0,168.0,133.0,True
5461,2,138.0,142.0,168.0,172.0,True
5461,2,138.0,181.0,168.0,211.0,True
5462,2,19.0,17.0,49.0,47.0,True
5462,2,58.0,17.0,88.0,47.0,True
5462,2,97.0,134.0,127.0,164.0,True
5462,2,136.0,17.0,166.0,47.0,True
5462,2,136.0,95.0,166.0,125.0,True
5462,2,136.0,173.0,166.0,203.0,True
5462,2,175.0,173.0,205.0,203.0,True
5463,2,20.0,60.0,50.0,90.0,True
5463,2,59.0,138.0,89.0,168.0,True
5463,2,59.0,177.0,89.0,207.0,True
5463,2,98.0,21.0,128.0,51.0,True
5463,2,98.0,99.0,128.0,129.0,True
5463,2,137.0,177.0,167.0,207.0,True
5463,2,176.0,21.0,206.0,51.0,True
5464,2,19.0,177.0,49.0,207.0,True
5464,2,58.0,60.0,88.0,90.0,True
5464,2,97.0,21.0,127.0,51.0,True
5464,2,97.0,177.0,127.0,207.0,True
5464,2,136.0,99.0,166.0,129.0,True
5464,2,175.0,21.0,205.0,51.0,True
5464,2,175.0,60.0,205.0,90.0,True
5465,2,15.0,55.0,45.0,85.0,True
5465,2,15.0,172.0,45.0,202.0,True
5465,2,54.0,55.0,84.0,85.0,True
5465,2,93.0,55.0,123.0,85.0,True
5465,2,132.0,16.0,162.0,46.0,True
5465,2,132.0,55.0,162.0,85.0,True
5465,2,171.0,172.0,201.0,202.0,True
5466,2,16.0,131.0,46.0,161.0,True
5466,2,94.0,92.0,124.0,122.0,True
5466,2,133.0,53.0,163.0,83.0,True
5466,2,133.0,131.0,163.0,161.0,True
5466,2,172.0,14.0,202.0,44.0,True
5466,2,172.0,53.0,202.0,83.0,True
5466,2,172.0,170.0,202.0,200.0,True
5467,2,25.0,25.0,55.0,55.0,True
5467,2,64.0,103.0,94.0,133.0,True
5467,2,64.0,181.0,94.0,211.0,True
5467,2,103.0,25.0,133.0,55.0,True
5467,2,103.0,103.0,133.0,133.0,True
5467,2,142.0,25.0,172.0,55.0,True
5467,2,181.0,25.0,211.0,55.0,True
5468,2,22.0,133.0,52.0,163.0,True
5468,2,61.0,16.0,91.0,46.0,True
5468,2,61.0,133.0,91.0,163.0,True
5468,2,100.0,55.0,130.0,85.0,True
5468,2,139.0,133.0,169.0,163.0,True
5468,2,178.0,55.0,208.0,85.0,True
5468,2,178.0,133.0,208.0,163.0,True
5469,2,20.0,64.0,50.0,94.0,True
5469,2,20.0,103.0,50.0,133.0,True
5469,2,20.0,181.0,50.0,211.0,True
5469,2,98.0,64.0,128.0,94.0,True
5469,2,137.0,103.0,167.0,133.0,True
5469,2,176.0,103.0,206.0,133.0,True
5469,2,176.0,181.0,206.0,211.0,True
5470,2,21.0,17.0,51.0,47.0,True
5470,2,21.0,134.0,51.0,164.0,True
5470,2,60.0,134.0,90.0,164.0,True
5470,2,99.0,95.0,129.0,125.0,True
5470,2,99.0,173.0,129.0,203.0,True
5470,2,138.0,56.0,168.0,86.0,True
5470,2,177.0,173.0,207.0,203.0,True
5471,2,20.0,54.0,50.0,84.0,True
5471,2,59.0,15.0,89.0,45.0,True
5471,2,59.0,54.0,89.0,84.0,True
5471,2,59.0,132.0,89.0,162.0,True
5471,2,98.0,132.0,128.0,162.0,True
5471,2,176.0,15.0,206.0,45.0,True
5471,2,176.0,132.0,206.0,162.0,True
5472,2,21.0,16.0,51.0,46.0,True
5472,2,60.0,172.0,90.0,202.0,True
5472,2,99.0,16.0,129.0,46.0,True
5472,2,99.0,172.0,129.0,202.0,True
5472,2,138.0,55.0,168.0,85.0,True
5472,2,177.0,55.0,207.0,85.0,True
5472,2,177.0,94.0,207.0,124.0,True
5473,2,15.0,99.0,45.0,129.0,True
5473,2,15.0,177.0,45.0,207.0,True
5473,2,54.0,60.0,84.0,90.0,True
5473,2,54.0,138.0,84.0,168.0,True
5473,2,132.0,21.0,162.0,51.0,True
5473,2,132.0,60.0,162.0,90.0,True
5473,2,132.0,138.0,162.0,168.0,True
5474,2,21.0,137.0,51.0,167.0,True
5474,2,60.0,98.0,90.0,128.0,True
5474,2,99.0,20.0,129.0,50.0,True
5474,2,99.0,98.0,129.0,128.0,True
5474,2,99.0,176.0,129.0,206.0,True
5474,2,177.0,59.0,207.0,89.0,True
5474,2,177.0,176.0,207.0,206.0,True
5475,2,21.0,63.0,51.0,93.0,True
5475,2,21.0,141.0,51.0,171.0,True
5475,2,60.0,24.0,90.0,54.0,True
5475,2,99.0,24.0,129.0,54.0,True
5475,2,99.0,141.0,129.0,171.0,True
5475,2,177.0,24.0,207.0,54.0,True
5475,2,177.0,141.0,207.0,171.0,True
5476,2,22.0,54.0,52.0,84.0,True
5476,2,22.0,93.0,52.0,123.0,True
5476,2,22.0,171.0,52.0,201.0,True
5476,2,100.0,93.0,130.0,123.0,True
5476,2,100.0,132.0,130.0,162.0,True
5476,2,139.0,54.0,169.0,84.0,True
5476,2,139.0,132.0,169.0,162.0,True
5477,2,54.0,24.0,84.0,54.0,True
5477,2,54.0,63.0,84.0,93.0,True
5477,2,54.0,141.0,84.0,171.0,True
5477,2,93.0,24.0,123.0,54.0,True
5477,2,93.0,180.0,123.0,210.0,True
5477,2,171.0,102.0,201.0,132.0,True
5477,2,171.0,180.0,201.0,210.0,True
5478,2,22.0,59.0,52.0,89.0,True
5478,2,22.0,176.0,52.0,206.0,True
5478,2,61.0,137.0,91.0,167.0,True
5478,2,100.0,59.0,130.0,89.0,True
5478,2,139.0,59.0,169.0,89.0,True
5478,2,178.0,20.0,208.0,50.0,True
5478,2,178.0,98.0,208.0,128.0,True
5479,2,16.0,178.0,46.0,208.0,True
5479,2,55.0,139.0,85.0,169.0,True
5479,2,94.0,22.0,124.0,52.0,True
5479,2,94.0,139.0,124.0,169.0,True
5479,2,94.0,178.0,124.0,208.0,True
5479,2,133.0,61.0,163.0,91.0,True
5479,2,172.0,178.0,202.0,208.0,True
5480,2,22.0,23.0,52.0,53.0,True
5480,2,22.0,62.0,52.0,92.0,True
5480,2,22.0,179.0,52.0,209.0,True
5480,2,100.0,179.0,130.0,209.0,True
5480,2,139.0,62.0,169.0,92.0,True
5480,2,139.0,179.0,169.0,209.0,True
5480,2,178.0,140.0,208.0,170.0,True
5481,2,16.0,54.0,46.0,84.0,True
5481,2,55.0,93.0,85.0,123.0,True
5481,2,55.0,132.0,85.0,162.0,True
5481,2,133.0,15.0,163.0,45.0,True
5481,2,133.0,132.0,163.0,162.0,True
5481,2,172.0,54.0,202.0,84.0,True
5481,2,172.0,132.0,202.0,162.0,True
5482,2,62.0,16.0,92.0,46.0,True
5482,2,62.0,94.0,92.0,124.0,True
5482,2,101.0,16.0,131.0,46.0,True
5482,2,101.0,133.0,131.0,163.0,True
5482,2,179.0,16.0,209.0,46.0,True
5482,2,179.0,133.0,209.0,163.0,True
5482,2,179.0,172.0,209.0,202.0,True
5483,2,20.0,14.0,50.0,44.0,True
5483,2,59.0,53.0,89.0,83.0,True
5483,2,59.0,170.0,89.0,200.0,True
5483,2,98.0,131.0,128.0,161.0,True
5483,2,137.0,14.0,167.0,44.0,True
5483,2,176.0,92.0,206.0,122.0,True
5483,2,176.0,131.0,206.0,161.0,True
5484,2,16.0,20.0,46.0,50.0,True
5484,2,16.0,59.0,46.0,89.0,True
5484,2,16.0,176.0,46.0,206.0,True
5484,2,55.0,98.0,85.0,128.0,True
5484,2,94.0,59.0,124.0,89.0,True
5484,2,133.0,20.0,163.0,50.0,True
5484,2,172.0,98.0,202.0,128.0,True
5485,2,21.0,25.0,51.0,55.0,True
5485,2,21.0,181.0,51.0,211.0,True
5485,2,138.0,25.0,168.0,55.0,True
5485,2,138.0,142.0,168.0,172.0,True
5485,2,138.0,181.0,168.0,211.0,True
5485,2,177.0,25.0,207.0,55.0,True
5485,2,177.0,103.0,207.0,133.0,True
5486,2,22.0,15.0,52.0,45.0,True
5486,2,22.0,54.0,52.0,84.0,True
5486,2,22.0,171.0,52.0,201.0,True
5486,2,61.0,132.0,91.0,162.0,True
5486,2,100.0,15.0,130.0,45.0,True
5486,2,100.0,132.0,130.0,162.0,True
5486,2,139.0,93.0,169.0,123.0,True
5487,2,62.0,176.0,92.0,206.0,True
5487,2,140.0,137.0,170.0,167.0,True
5487,2,140.0,176.0,170.0,206.0,True
5487,2,179.0,20.0,209.0,50.0,True
5487,2,179.0,98.0,209.0,128.0,True
5487,2,179.0,137.0,209.0,167.0,True
5487,2,179.0,176.0,209.0,206.0,True
5488,2,60.0,18.0,90.0,48.0,True
5488,2,99.0,174.0,129.0,204.0,True
5488,2,138.0,18.0,168.0,48.0,True
5488,2,138.0,57.0,168.0,87.0,True
5488,2,138.0,135.0,168.0,165.0,True
5488,2,177.0,96.0,207.0,126.0,True
5488,2,177.0,135.0,207.0,165.0,True
5489,2,56.0,92.0,86.0,122.0,True
5489,2,56.0,170.0,86.0,200.0,True
5489,2,95.0,131.0,125.0,161.0,True
5489,2,134.0,131.0,164.0,161.0,True
5489,2,134.0,170.0,164.0,200.0,True
5489,2,173.0,53.0,203.0,83.0,True
5489,2,173.0,170.0,203.0,200.0,True
5490,2,23.0,142.0,53.0,172.0,True
5490,2,62.0,103.0,92.0,133.0,True
5490,2,101.0,142.0,131.0,172.0,True
5490,2,140.0,142.0,170.0,172.0,True
5490,2,140.0,181.0,170.0,211.0,True
5490,2,179.0,25.0,209.0,55.0,True
5490,2,179.0,103.0,209.0,133.0,True
5491,2,17.0,59.0,47.0,89.0,True
5491,2,95.0,98.0,125.0,128.0,True
5491,2,95.0,176.0,125.0,206.0,True
5491,2,134.0,98.0,164.0,128.0,True
5491,2,134.0,137.0,164.0,167.0,True
5491,2,173.0,59.0,203.0,89.0,True
5491,2,173.0,176.0,203.0,206.0,True
5492,2,15.0,96.0,45.0,126.0,True
5492,2,15.0,135.0,45.0,165.0,True
5492,2,54.0,57.0,84.0,87.0,True
5492,2,93.0,135.0,123.0,165.0,True
5492,2,132.0,18.0,162.0,48.0,True
5492,2,132.0,174.0,162.0,204.0,True
5492,2,171.0,174.0,201.0,204.0,True
5493,2,18.0,64.0,48.0,94.0,True
5493,2,18.0,103.0,48.0,133.0,True
5493,2,96.0,25.0,126.0,55.0,True
5493,2,96.0,64.0,126.0,94.0,True
5493,2,96.0,103.0,126.0,133.0,True
5493,2,96.0,181.0,126.0,211.0,True
5493,2,135.0,181.0,165.0,211.0,True
5494,2,14.0,15.0,44.0,45.0,True
5494,2,14.0,93.0,44.0,123.0,True
5494,2,53.0,54.0,83.0,84.0,True
5494,2,92.0,93.0,122.0,123.0,True
5494,2,131.0,15.0,161.0,45.0,True
5494,2,131.0,54.0,161.0,84.0,True
5494,2,170.0,15.0,200.0,45.0,True
5495,2,53.0,137.0,83.0,167.0,True
5495,2,92.0,98.0,122.0,128.0,True
5495,2,131.0,20.0,161.0,50.0,True
5495,2,131.0,176.0,161.0,206.0,True
5495,2,170.0,20.0,200.0,50.0,True
5495,2,170.0,59.0,200.0,89.0,True
5495,2,170.0,176.0,200.0,206.0,True
5496,2,19.0,58.0,49.0,88.0,True
5496,2,58.0,97.0,88.0,127.0,True
5496,2,58.0,136.0,88.0,166.0,True
5496,2,97.0,175.0,127.0,205.0,True
5496,2,136.0,136.0,166.0,166.0,True
5496,2,136.0,175.0,166.0,205.0,True
5496,2,175.0,136.0,205.0,166.0,True
5497,2,15.0,142.0,45.0,172.0,True
5497,2,15.0,181.0,45.0,211.0,True
5497,2,54.0,142.0,84.0,172.0,True
5497,2,54.0,181.0,84.0,211.0,True
5497,2,132.0,25.0,162.0,55.0,True
5497,2,132.0,142.0,162.0,172.0,True
5497,2,171.0,25.0,201.0,55.0,True
5498,2,17.0,59.0,47.0,89.0,True
5498,2,56.0,176.0,86.0,206.0,True
5498,2,95.0,59.0,125.0,89.0,True
5498,2,95.0,176.0,125.0,206.0,True
5498,2,173.0,59.0,203.0,89.0,True
5498,2,173.0,98.0,203.0,128.0,True
5498,2,173.0,137.0,203.0,167.0,True
5499,2,15.0,19.0,45.0,49.0,True
5499,2,15.0,136.0,45.0,166.0,True
5499,2,15.0,175.0,45.0,205.0,True
5499,2,54.0,175.0,84.0,205.0,True
5499,2,171.0,58.0,201.0,88.0,True
5499,2,171.0,97.0,201.0,127.0,True
5499,2,171.0,175.0,201.0,205.0,True
5500,2,23.0,134.0,53.0,164.0,True
5500,2,62.0,17.0,92.0,47.0,True
5500,2,101.0,17.0,131.0,47.0,True
5500,2,101.0,134.0,131.0,164.0,True
5500,2,101.0,173.0,131.0,203.0,True
5500,2,140.0,56.0,170.0,86.0,True
5500,2,140.0,134.0,170.0,164.0,True
5500,2,179.0,173.0,209.0,203.0,True
5501,2,25.0,54.0,55.0,84.0,True
5501,2,25.0,93.0,55.0,123.0,True
5501,2,25.0,171.0,55.0,201.0,True
5501,2,64.0,132.0,94.0,162.0,True
5501,2,103.0,132.0,133.0,162.0,True
5501,2,142.0,93.0,172.0,123.0,True
5501,2,181.0,132.0,211.0,162.0,True
5501,2,181.0,171.0,211.0,201.0,True
5502,2,19.0,17.0,49.0,47.0,True
5502,2,58.0,17.0,88.0,47.0,True
5502,2,58.0,56.0,88.0,86.0,True
5502,2,97.0,56.0,127.0,86.0,True
5502,2,136.0,17.0,166.0,47.0,True
5502,2,136.0,95.0,166.0,125.0,True
5502,2,175.0,17.0,205.0,47.0,True
5502,2,175.0,95.0,205.0,125.0,True
5503,2,14.0,19.0,44.0,49.0,True
5503,2,14.0,97.0,44.0,127.0,True
5503,2,14.0,175.0,44.0,205.0,True
5503,2,53.0,58.0,83.0,88.0,True
5503,2,131.0,19.0,161.0,49.0,True
5503,2,131.0,58.0,161.0,88.0,True
5503,2,131.0,136.0,161.0,166.0,True
5503,2,170.0,175.0,200.0,205.0,True
5504,2,16.0,175.0,46.0,205.0,True
5504,2,55.0,58.0,85.0,88.0,True
5504,2,55.0,97.0,85.0,127.0,True
5504,2,94.0,175.0,124.0,205.0,True
5504,2,133.0,19.0,163.0,49.0,True
5504,2,133.0,97.0,163.0,127.0,True
5504,2,172.0,97.0,202.0,127.0,True
5504,2,172.0,136.0,202.0,166.0,True
5505,2,63.0,59.0,93.0,89.0,True
5505,2,63.0,98.0,93.0,128.0,True
5505,2,102.0,98.0,132.0,128.0,True
5505,2,102.0,137.0,132.0,167.0,True
5505,2,102.0,176.0,132.0,206.0,True
5505,2,141.0,59.0,171.0,89.0,True
5505,2,180.0,20.0,210.0,50.0,True
5505,2,180.0,59.0,210.0,89.0,True
5506,2,24.0,140.0,54.0,170.0,True
5506,2,63.0,101.0,93.0,131.0,True
5506,2,102.0,179.0,132.0,209.0,True
5506,2,141.0,23.0,171.0,53.0,True
5506,2,141.0,140.0,171.0,170.0,True
5506,2,180.0,62.0,210.0,92.0,True
5506,2,180.0,101.0,210.0,131.0,True
5506,2,180.0,179.0,210.0,209.0,True
5507,2,17.0,22.0,47.0,52.0,True
5507,2,17.0,139.0,47.0,169.0,True
5507,2,56.0,22.0,86.0,52.0,True
5507,2,56.0,178.0,86.0,208.0,True
5507,2,95.0,178.0,125.0,208.0,True
5507,2,134.0,61.0,164.0,91.0,True
5507,2,134.0,178.0,164.0,208.0,True
5507,2,173.0,100.0,203.0,130.0,True
5508,2,25.0,181.0,55.0,211.0,True
5508,2,64.0,142.0,94.0,172.0,True
5508,2,64.0,181.0,94.0,211.0,True
5508,2,103.0,64.0,133.0,94.0,True
5508,2,103.0,103.0,133.0,133.0,True
5508,2,142.0,142.0,172.0,172.0,True
5508,2,142.0,181.0,172.0,211.0,True
5508,2,181.0,142.0,211.0,172.0,True
5509,2,18.0,63.0,48.0,93.0,True
5509,2,18.0,102.0,48.0,132.0,True
5509,2,57.0,63.0,87.0,93.0,True
5509,2,57.0,102.0,87.0,132.0,True
5509,2,96.0,24.0,126.0,54.0,True
5509,2,96.0,63.0,126.0,93.0,True
5509,2,96.0,141.0,126.0,171.0,True
5509,2,96.0,180.0,126.0,210.0,True
5510,2,25.0,17.0,55.0,47.0,True
5510,2,25.0,134.0,55.0,164.0,True
5510,2,25.0,173.0,55.0,203.0,True
5510,2,64.0,56.0,94.0,86.0,True
5510,2,103.0,134.0,133.0,164.0,True
5510,2,142.0,17.0,172.0,47.0,True
5510,2,142.0,173.0,172.0,203.0,True
5510,2,181.0,56.0,211.0,86.0,True
5511,2,22.0,103.0,52.0,133.0,True
5511,2,22.0,142.0,52.0,172.0,True
5511,2,100.0,25.0,130.0,55.0,True
5511,2,100.0,181.0,130.0,211.0,True
5511,2,139.0,103.0,169.0,133.0,True
5511,2,178.0,25.0,208.0,55.0,True
5511,2,178.0,64.0,208.0,94.0,True
5511,2,178.0,142.0,208.0,172.0,True
5512,2,18.0,61.0,48.0,91.0,True
5512,2,18.0,139.0,48.0,169.0,True
5512,2,57.0,22.0,87.0,52.0,True
5512,2,57.0,61.0,87.0,91.0,True
5512,2,135.0,100.0,165.0,130.0,True
5512,2,135.0,139.0,165.0,169.0,True
5512,2,174.0,22.0,204.0,52.0,True
5512,2,174.0,100.0,204.0,130.0,True
5513,2,22.0,136.0,52.0,166.0,True
5513,2,22.0,175.0,52.0,205.0,True
5513,2,61.0,19.0,91.0,49.0,True
5513,2,61.0,136.0,91.0,166.0,True
5513,2,100.0,58.0,130.0,88.0,True
5513,2,139.0,58.0,169.0,88.0,True
5513,2,178.0,19.0,208.0,49.0,True
5513,2,178.0,175.0,208.0,205.0,True
5514,2,14.0,53.0,44.0,83.0,True
5514,2,14.0,131.0,44.0,161.0,True
5514,2,53.0,53.0,83.0,83.0,True
5514,2,53.0,92.0,83.0,122.0,True
5514,2,92.0,170.0,122.0,200.0,True
5514,2,131.0,92.0,161.0,122.0,True
5514,2,170.0,53.0,200.0,83.0,True
5514,2,170.0,92.0,200.0,122.0,True
5515,2,19.0,133.0,49.0,163.0,True
5515,2,58.0,16.0,88.0,46.0,True
5515,2,58.0,55.0,88.0,85.0,True
5515,2,97.0,16.0,127.0,46.0,True
5515,2,97.0,133.0,127.0,163.0,True
5515,2,136.0,133.0,166.0,163.0,True
5515,2,136.0,172.0,166.0,202.0,True
5515,2,175.0,55.0,205.0,85.0,True
5516,2,18.0,179.0,48.0,209.0,True
5516,2,57.0,23.0,87.0,53.0,True
5516,2,96.0,140.0,126.0,170.0,True
5516,2,96.0,179.0,126.0,209.0,True
5516,2,135.0,101.0,165.0,131.0,True
5516,2,135.0,140.0,165.0,170.0,True
5516,2,174.0,62.0,204.0,92.0,True
5516,2,174.0,101.0,204.0,131.0,True
5517,2,20.0,134.0,50.0,164.0,True
5517,2,59.0,17.0,89.0,47.0,True
5517,2,98.0,17.0,128.0,47.0,True
5517,2,98.0,56.0,128.0,86.0,True
5517,2,137.0,134.0,167.0,164.0,True
5517,2,176.0,56.0,206.0,86.0,True
5517,2,176.0,95.0,206.0,125.0,True
5517,2,176.0,134.0,206.0,164.0,True
5518,2,23.0,18.0,53.0,48.0,True
5518,2,23.0,57.0,53.0,87.0,True
5518,2,23.0,174.0,53.0,204.0,True
5518,2,62.0,135.0,92.0,165.0,True
5518,2,101.0,174.0,131.0,204.0,True
5518,2,179.0,18.0,209.0,48.0,True
5518,2,179.0,96.0,209.0,126.0,True
5518,2,179.0,135.0,209.0,165.0,True
5519,2,24.0,63.0,54.0,93.0,True
5519,2,24.0,102.0,54.0,132.0,True
5519,2,24.0,141.0,54.0,171.0,True
5519,2,63.0,63.0,93.0,93.0,True
5519,2,102.0,24.0,132.0,54.0,True
5519,2,102.0,63.0,132.0,93.0,True
5519,2,102.0,180.0,132.0,210.0,True
5519,2,180.0,24.0,210.0,54.0,True
5520,2,17.0,55.0,47.0,85.0,True
5520,2,17.0,94.0,47.0,124.0,True
5520,2,17.0,133.0,47.0,163.0,True
5520,2,56.0,133.0,86.0,163.0,True
5520,2,56.0,172.0,86.0,202.0,True
5520,2,95.0,55.0,125.0,85.0,True
5520,2,134.0,16.0,164.0,46.0,True
5520,2,134.0,55.0,164.0,85.0,True
5521,2,19.0,23.0,49.0,53.0,True
5521,2,19.0,140.0,49.0,170.0,True
5521,2,58.0,101.0,88.0,131.0,True
5521,2,58.0,179.0,88.0,209.0,True
5521,2,97.0,23.0,127.0,53.0,True
5521,2,97.0,62.0,127.0,92.0,True
5521,2,136.0,62.0,166.0,92.0,True
5521,2,175.0,140.0,205.0,170.0,True
5522,2,14.0,24.0,44.0,54.0,True
5522,2,14.0,180.0,44.0,210.0,True
5522,2,53.0,63.0,83.0,93.0,True
5522,2,92.0,63.0,122.0,93.0,True
5522,2,92.0,102.0,122.0,132.0,True
5522,2,131.0,24.0,161.0,54.0,True
5522,2,131.0,180.0,161.0,210.0,True
5522,2,170.0,180.0,200.0,210.0,True
5523,2,16.0,15.0,46.0,45.0,True
5523,2,16.0,93.0,46.0,123.0,True
5523,2,16.0,132.0,46.0,162.0,True
5523,2,55.0,15.0,85.0,45.0,True
5523,2,55.0,54.0,85.0,84.0,True
5523,2,55.0,93.0,85.0,123.0,True
5523,2,133.0,15.0,163.0,45.0,True
5523,2,172.0,15.0,202.0,45.0,True
5524,2,20.0,62.0,50.0,92.0,True
5524,2,59.0,23.0,89.0,53.0,True
5524,2,98.0,62.0,128.0,92.0,True
5524,2,98.0,101.0,128.0,131.0,True
5524,2,137.0,23.0,167.0,53.0,True
5524,2,137.0,62.0,167.0,92.0,True
5524,2,176.0,62.0,206.0,92.0,True
5524,2,176.0,140.0,206.0,170.0,True
5525,2,20.0,94.0,50.0,124.0,True
5525,2,59.0,94.0,89.0,124.0,True
5525,2,98.0,94.0,128.0,124.0,True
5525,2,137.0,16.0,167.0,46.0,True
5525,2,137.0,133.0,167.0,163.0,True
5525,2,176.0,16.0,206.0,46.0,True
5525,2,176.0,55.0,206.0,85.0,True
5525,2,176.0,172.0,206.0,202.0,True
5526,2,18.0,55.0,48.0,85.0,True
5526,2,18.0,133.0,48.0,163.0,True
5526,2,57.0,16.0,87.0,46.0,True
5526,2,57.0,133.0,87.0,163.0,True
5526,2,96.0,16.0,126.0,46.0,True
5526,2,135.0,55.0,165.0,85.0,True
5526,2,174.0,94.0,204.0,124.0,True
5526,2,174.0,172.0,204.0,202.0,True
5527,2,20.0,55.0,50.0,85.0,True
5527,2,59.0,133.0,89.0,163.0,True
5527,2,98.0,133.0,128.0,163.0,True
5527,2,137.0,55.0,167.0,85.0,True
5527,2,137.0,172.0,167.0,202.0,True
5527,2,176.0,55.0,206.0,85.0,True
5527,2,176.0,133.0,206.0,163.0,True
5527,2,176.0,172.0,206.0,202.0,True
5528,2,17.0,92.0,47.0,122.0,True
5528,2,17.0,131.0,47.0,161.0,True
5528,2,56.0,14.0,86.0,44.0,True
5528,2,56.0,131.0,86.0,161.0,True
5528,2,95.0,92.0,125.0,122.0,True
5528,2,134.0,53.0,164.0,83.0,True
5528,2,173.0,14.0,203.0,44.0,True
5528,2,173.0,53.0,203.0,83.0,True
5529,2,20.0,56.0,50.0,86.0,True
5529,2,20.0,173.0,50.0,203.0,True
5529,2,59.0,17.0,89.0,47.0,True
5529,2,59.0,56.0,89.0,86.0,True
5529,2,59.0,134.0,89.0,164.0,True
5529,2,59.0,173.0,89.0,203.0,True
5529,2,137.0,95.0,167.0,125.0,True
5529,2,176.0,95.0,206.0,125.0,True
5530,2,17.0,53.0,47.0,83.0,True
5530,2,17.0,170.0,47.0,200.0,True
5530,2,56.0,14.0,86.0,44.0,True
5530,2,56.0,92.0,86.0,122.0,True
5530,2,95.0,131.0,125.0,161.0,True
5530,2,134.0,53.0,164.0,83.0,True
5530,2,134.0,92.0,164.0,122.0,True
5530,2,134.0,131.0,164.0,161.0,True
5531,2,25.0,64.0,55.0,94.0,True
5531,2,25.0,142.0,55.0,172.0,True
5531,2,25.0,181.0,55.0,211.0,True
5531,2,103.0,142.0,133.0,172.0,True
5531,2,103.0,181.0,133.0,211.0,True
5531,2,142.0,25.0,172.0,55.0,True
5531,2,142.0,103.0,172.0,133.0,True
5531,2,181.0,103.0,211.0,133.0,True
5532,2,17.0,175.0,47.0,205.0,True
5532,2,56.0,175.0,86.0,205.0,True
5532,2,95.0,97.0,125.0,127.0,True
5532,2,95.0,175.0,125.0,205.0,True
5532,2,134.0,136.0,164.0,166.0,True
5532,2,173.0,58.0,203.0,88.0,True
5532,2,173.0,136.0,203.0,166.0,True
5532,2,173.0,175.0,203.0,205.0,True
5533,2,23.0,14.0,53.0,44.0,True
5533,2,23.0,92.0,53.0,122.0,True
5533,2,62.0,14.0,92.0,44.0,True
5533,2,62.0,53.0,92.0,83.0,True
5533,2,101.0,14.0,131.0,44.0,True
5533,2,140.0,14.0,170.0,44.0,True
5533,2,140.0,131.0,170.0,161.0,True
5533,2,179.0,92.0,209.0,122.0,True
5534,2,23.0,55.0,53.0,85.0,True
5534,2,23.0,172.0,53.0,202.0,True
5534,2,62.0,16.0,92.0,46.0,True
5534,2,62.0,172.0,92.0,202.0,True
5534,2,101.0,16.0,131.0,46.0,True
5534,2,140.0,55.0,170.0,85.0,True
5534,2,140.0,94.0,170.0,124.0,True
5534,2,179.0,172.0,209.0,202.0,True
5535,2,21.0,14.0,51.0,44.0,True
5535,2,21.0,53.0,51.0,83.0,True
5535,2,21.0,170.0,51.0,200.0,True
5535,2,60.0,14.0,90.0,44.0,True
5535,2,60.0,131.0,90.0,161.0,True
5535,2,99.0,92.0,129.0,122.0,True
5535,2,177.0,14.0,207.0,44.0,True
5535,2,177.0,92.0,207.0,122.0,True
5536,2,14.0,94.0,44.0,124.0,True
5536,2,14.0,133.0,44.0,163.0,True
5536,2,53.0,55.0,83.0,85.0,True
5536,2,92.0,16.0,122.0,46.0,True
5536,2,170.0,55.0,200.0,85.0,True
5536,2,170.0,94.0,200.0,124.0,True
5536,2,170.0,133.0,200.0,163.0,True
5536,2,170.0,172.0,200.0,202.0,True
5537,2,22.0,54.0,52.0,84.0,True
5537,2,22.0,171.0,52.0,201.0,True
5537,2,61.0,93.0,91.0,123.0,True
5537,2,100.0,15.0,130.0,45.0,True
5537,2,100.0,93.0,130.0,123.0,True
5537,2,100.0,171.0,130.0,201.0,True
5537,2,139.0,15.0,169.0,45.0,True
5537,2,139.0,171.0,169.0,201.0,True
5538,2,19.0,20.0,49.0,50.0,True
5538,2,19.0,59.0,49.0,89.0,True
5538,2,19.0,137.0,49.0,167.0,True
5538,2,58.0,137.0,88.0,167.0,True
5538,2,97.0,20.0,127.0,50.0,True
5538,2,97.0,98.0,127.0,128.0,True
5538,2,175.0,98.0,205.0,128.0,True
5538,2,175.0,176.0,205.0,206.0,True
5539,2,18.0,135.0,48.0,165.0,True
5539,2,57.0,18.0,87.0,48.0,True
5539,2,57.0,135.0,87.0,165.0,True
5539,2,96.0,18.0,126.0,48.0,True
5539,2,135.0,18.0,165.0,48.0,True
5539,2,174.0,18.0,204.0,48.0,True
5539,2,174.0,96.0,204.0,126.0,True
5539,2,174.0,174.0,204.0,204.0,True
5540,2,25.0,53.0,55.0,83.0,True
5540,2,25.0,170.0,55.0,200.0,True
5540,2,64.0,92.0,94.0,122.0,True
5540,2,103.0,53.0,133.0,83.0,True
5540,2,142.0,14.0,172.0,44.0,True
5540,2,142.0,170.0,172.0,200.0,True
5540,2,181.0,14.0,211.0,44.0,True
5540,2,181.0,53.0,211.0,83.0,True
5541,2,95.0,21.0,125.0,51.0,True
5541,2,95.0,177.0,125.0,207.0,True
5541,2,134.0,60.0,164.0,90.0,True
5541,2,134.0,99.0,164.0,129.0,True
5541,2,173.0,21.0,203.0,51.0,True
5541,2,173.0,60.0,203.0,90.0,True
5541,2,173.0,138.0,203.0,168.0,True
5541,2,173.0,177.0,203.0,207.0,True
5542,2,16.0,62.0,46.0,92.0,True
5542,2,55.0,23.0,85.0,53.0,True
5542,2,94.0,62.0,124.0,92.0,True
5542,2,94.0,101.0,124.0,131.0,True
5542,2,133.0,23.0,163.0,53.0,True
5542,2,133.0,62.0,163.0,92.0,True
5542,2,172.0,101.0,202.0,131.0,True
5542,2,172.0,179.0,202.0,209.0,True
5543,2,17.0,58.0,47.0,88.0,True
5543,2,17.0,97.0,47.0,127.0,True
5543,2,56.0,97.0,86.0,127.0,True
5543,2,95.0,19.0,125.0,49.0,True
5543,2,95.0,58.0,125.0,88.0,True
5543,2,134.0,19.0,164.0,49.0,True
5543,2,173.0,136.0,203.0,166.0,True
5543,2,173.0,175.0,203.0,205.0,True
5544,2,17.0,21.0,47.0,51.0,True
5544,2,17.0,60.0,47.0,90.0,True
5544,2,56.0,21.0,86.0,51.0,True
5544,2,56.0,60.0,86.0,90.0,True
5544,2,134.0,21.0,164.0,51.0,True
5544,2,134.0,138.0,164.0,168.0,True
5544,2,173.0,21.0,203.0,51.0,True
5544,2,173.0,177.0,203.0,207.0,True
5545,2,19.0,132.0,49.0,162.0,True
5545,2,58.0,15.0,88.0,45.0,True
5545,2,97.0,15.0,127.0,45.0,True
5545,2,97.0,93.0,127.0,123.0,True
5545,2,136.0,54.0,166.0,84.0,True
5545,2,175.0,15.0,205.0,45.0,True
5545,2,175.0,93.0,205.0,123.0,True
5545,2,175.0,171.0,205.0,201.0,True
5546,2,23.0,62.0,53.0,92.0,True
5546,2,62.0,23.0,92.0,53.0,True
5546,2,62.0,179.0,92.0,209.0,True
5546,2,101.0,179.0,131.0,209.0,True
5546,2,140.0,23.0,170.0,53.0,True
5546,2,140.0,62.0,170.0,92.0,True
5546,2,140.0,101.0,170.0,131.0,True
5546,2,179.0,179.0,209.0,209.0,True
5547,2,22.0,102.0,52.0,132.0,True
5547,2,61.0,141.0,91.0,171.0,True
5547,2,61.0,180.0,91.0,210.0,True
5547,2,139.0,24.0,169.0,54.0,True
5547,2,139.0,141.0,169.0,171.0,True
5547,2,178.0,102.0,208.0,132.0,True
5547,2,178.0,141.0,208.0,171.0,True
5547,2,178.0,180.0,208.0,210.0,True
5548,2,53.0,17.0,83.0,47.0,True
5548,2,92.0,56.0,122.0,86.0,True
5548,2,92.0,95.0,122.0,125.0,True
5548,2,92.0,134.0,122.0,164.0,True
5548,2,131.0,56.0,161.0,86.0,True
5548,2,131.0,95.0,161.0,125.0,True
5548,2,131.0,173.0,161.0,203.0,True
5548,2,170.0,17.0,200.0,47.0,True
5549,2,24.0,25.0,54.0,55.0,True
5549,2,24.0,103.0,54.0,133.0,True
5549,2,24.0,181.0,54.0,211.0,True
5549,2,63.0,103.0,93.0,133.0,True
5549,2,63.0,142.0,93.0,172.0,True
5549,2,63.0,181.0,93.0,211.0,True
5549,2,180.0,142.0,210.0,172.0,True
5549,2,180.0,181.0,210.0,211.0,True
5550,2,63.0,99.0,93.0,129.0,True
5550,2,63.0,138.0,93.0,168.0,True
5550,2,102.0,21.0,132.0,51.0,True
5550,2,102.0,60.0,132.0,90.0,True
5550,2,102.0,99.0,132.0,129.0,True
5550,2,141.0,21.0,171.0,51.0,True
5550,2,180.0,21.0,210.0,51.0,True
5550,2,180.0,138.0,210.0,168.0,True
5551,2,18.0,55.0,48.0,85.0,True
5551,2,57.0,55.0,87.0,85.0,True
5551,2,57.0,94.0,87.0,124.0,True
5551,2,57.0,133.0,87.0,163.0,True
5551,2,57.0,172.0,87.0,202.0,True
5551,2,96.0,55.0,126.0,85.0,True
5551,2,96.0,133.0,126.0,163.0,True
5551,2,174.0,172.0,204.0,202.0,True
5552,2,14.0,17.0,44.0,47.0,True
5552,2,14.0,56.0,44.0,86.0,True
5552,2,53.0,17.0,83.0,47.0,True
5552,2,53.0,134.0,83.0,164.0,True
5552,2,92.0,17.0,122.0,47.0,True
5552,2,92.0,173.0,122.0,203.0,True
5552,2,170.0,17.0,200.0,47.0,True
5552,2,170.0,134.0,200.0,164.0,True
5553,2,21.0,100.0,51.0,130.0,True
5553,2,60.0,61.0,90.0,91.0,True
5553,2,60.0,100.0,90.0,130.0,True
5553,2,60.0,139.0,90.0,169.0,True
5553,2,60.0,178.0,90.0,208.0,True
5553,2,99.0,178.0,129.0,208.0,True
5553,2,138.0,61.0,168.0,91.0,True
5553,2,138.0,100.0,168.0,130.0,True
5554,2,14.0,100.0,44.0,130.0,True
5554,2,14.0,178.0,44.0,208.0,True
5554,2,53.0,22.0,83.0,52.0,True
5554,2,92.0,178.0,122.0,208.0,True
5554,2,131.0,22.0,161.0,52.0,True
5554,2,131.0,178.0,161.0,208.0,True
5554,2,170.0,139.0,200.0,169.0,True
5554,2,170.0,178.0,200.0,208.0,True
5555,2,20.0,17.0,50.0,47.0,True
5555,2,59.0,134.0,89.0,164.0,True
5555,2,98.0,56.0,128.0,86.0,True
5555,2,98.0,173.0,128.0,203.0,True
5555,2,137.0,56.0,167.0,86.0,True
5555,2,137.0,173.0,167.0,203.0,True
5555,2,176.0,17.0,206.0,47.0,True
5555,2,176.0,173.0,206.0,203.0,True
5556,2,18.0,99.0,48.0,129.0,True
5556,2,96.0,21.0,126.0,51.0,True
5556,2,96.0,99.0,126.0,129.0,True
5556,2,96.0,177.0,126.0,207.0,True
5556,2,135.0,60.0,165.0,90.0,True
5556,2,135.0,99.0,165.0,129.0,True
5556,2,135.0,177.0,165.0,207.0,True
5556,2,174.0,138.0,204.0,168.0,True
5557,2,23.0,180.0,53.0,210.0,True
5557,2,62.0,180.0,92.0,210.0,True
5557,2,101.0,63.0,131.0,93.0,True
5557,2,140.0,63.0,170.0,93.0,True
5557,2,140.0,141.0,170.0,171.0,True
5557,2,140.0,180.0,170.0,210.0,True
5557,2,179.0,63.0,209.0,93.0,True
5557,2,179.0,141.0,209.0,171.0,True
5558,2,19.0,95.0,49.0,125.0,True
5558,2,58.0,17.0,88.0,47.0,True
5558,2,97.0,95.0,127.0,125.0,True
5558,2,136.0,95.0,166.0,125.0,True
5558,2,136.0,134.0,166.0,164.0,True
5558,2,136.0,173.0,166.0,203.0,True
5558,2,175.0,17.0,205.0,47.0,True
5558,2,175.0,56.0,205.0,86.0,True
5559,2,19.0,174.0,49.0,204.0,True
5559,2,58.0,57.0,88.0,87.0,True
5559,2,97.0,57.0,127.0,87.0,True
5559,2,97.0,174.0,127.0,204.0,True
5559,2,136.0,135.0,166.0,165.0,True
5559,2,175.0,18.0,205.0,48.0,True
5559,2,175.0,57.0,205.0,87.0,True
5559,2,175.0,135.0,205.0,165.0,True
5560,2,92.0,103.0,122.0,133.0,True
5560,2,92.0,142.0,122.0,172.0,True
5560,2,92.0,181.0,122.0,211.0,True
5560,2,131.0,25.0,161.0,55.0,True
5560,2,131.0,64.0,161.0,94.0,True
5560,2,131.0,103.0,161.0,133.0,True
5560,2,131.0,181.0,161.0,211.0,True
5560,2,170.0,64.0,200.0,94.0,True
5561,2,24.0,180.0,54.0,210.0,True
5561,2,63.0,63.0,93.0,93.0,True
5561,2,102.0,24.0,132.0,54.0,True
5561,2,102.0,63.0,132.0,93.0,True
5561,2,102.0,102.0,132.0,132.0,True
5561,2,102.0,141.0,132.0,171.0,True
5561,2,141.0,63.0,171.0,93.0,True
5561,2,180.0,63.0,210.0,93.0,True
5562,2,59.0,22.0,89.0,52.0,True
5562,2,59.0,61.0,89.0,91.0,True
5562,2,98.0,61.0,128.0,91.0,True
5562,2,98.0,139.0,128.0,169.0,True
5562,2,137.0,61.0,167.0,91.0,True
5562,2,137.0,100.0,167.0,130.0,True
5562,2,137.0,139.0,167.0,169.0,True
5562,2,176.0,22.0,206.0,52.0,True
5563,2,25.0,58.0,55.0,88.0,True
5563,2,25.0,136.0,55.0,166.0,True
5563,2,64.0,58.0,94.0,88.0,True
5563,2,103.0,97.0,133.0,127.0,True
5563,2,103.0,175.0,133.0,205.0,True
5563,2,142.0,19.0,172.0,49.0,True
5563,2,181.0,19.0,211.0,49.0,True
5563,2,181.0,175.0,211.0,205.0,True
5564,2,16.0,171.0,46.0,201.0,True
5564,2,55.0,15.0,85.0,45.0,True
5564,2,55.0,54.0,85.0,84.0,True
5564,2,55.0,132.0,85.0,162.0,True
5564,2,94.0,93.0,124.0,123.0,True
5564,2,94.0,171.0,124.0,201.0,True
5564,2,133.0,54.0,163.0,84.0,True
5564,2,133.0,132.0,163.0,162.0,True
5565,2,16.0,14.0,46.0,44.0,True
5565,2,16.0,131.0,46.0,161.0,True
5565,2,16.0,170.0,46.0,200.0,True
5565,2,55.0,53.0,85.0,83.0,True
5565,2,55.0,170.0,85.0,200.0,True
5565,2,133.0,170.0,163.0,200.0,True
5565,2,172.0,92.0,202.0,122.0,True
5565,2,172.0,131.0,202.0,161.0,True
5566,2,18.0,16.0,48.0,46.0,True
5566,2,18.0,133.0,48.0,163.0,True
5566,2,96.0,55.0,126.0,85.0,True
5566,2,96.0,94.0,126.0,124.0,True
5566,2,96.0,133.0,126.0,163.0,True
5566,2,135.0,16.0,165.0,46.0,True
5566,2,174.0,55.0,204.0,85.0,True
5566,2,174.0,172.0,204.0,202.0,True
5567,2,20.0,62.0,50.0,92.0,True
5567,2,20.0,140.0,50.0,170.0,True
5567,2,59.0,23.0,89.0,53.0,True
5567,2,59.0,179.0,89.0,209.0,True
5567,2,98.0,101.0,128.0,131.0,True
5567,2,137.0,101.0,167.0,131.0,True
5567,2,137.0,140.0,167.0,170.0,True
5567,2,137.0,179.0,167.0,209.0,True
5568,2,24.0,21.0,54.0,51.0,True
5568,2,24.0,138.0,54.0,168.0,True
5568,2,63.0,60.0,93.0,90.0,True
5568,2,63.0,138.0,93.0,168.0,True
5568,2,102.0,21.0,132.0,51.0,True
5568,2,102.0,177.0,132.0,207.0,True
5568,2,141.0,99.0,171.0,129.0,True
5568,2,180.0,21.0,210.0,51.0,True
5569,2,21.0,23.0,51.0,53.0,True
5569,2,21.0,101.0,51.0,131.0,True
5569,2,99.0,179.0,129.0,209.0,True
5569,2,138.0,23.0,168.0,53.0,True
5569,2,138.0,101.0,168.0,131.0,True
5569,2,177.0,62.0,207.0,92.0,True
5569,2,177.0,101.0,207.0,131.0,True
5569,2,177.0,140.0,207.0,170.0,True
5570,2,53.0,15.0,83.0,45.0,True
5570,2,53.0,54.0,83.0,84.0,True
5570,2,92.0,93.0,122.0,123.0,True
5570,2,92.0,132.0,122.0,162.0,True
5570,2,131.0,15.0,161.0,45.0,True
5570,2,131.0,93.0,161.0,123.0,True
5570,2,170.0,15.0,200.0,45.0,True
5570,2,170.0,93.0,200.0,123.0,True
5571,2,24.0,136.0,54.0,166.0,True
5571,2,63.0,136.0,93.0,166.0,True
5571,2,63.0,175.0,93.0,205.0,True
5571,2,102.0,19.0,132.0,49.0,True
5571,2,102.0,58.0,132.0,88.0,True
5571,2,141.0,58.0,171.0,88.0,True
5571,2,180.0,19.0,210.0,49.0,True
5571,2,180.0,136.0,210.0,166.0,True
5572,2,15.0,96.0,45.0,126.0,True
5572,2,15.0,174.0,45.0,204.0,True
5572,2,54.0,18.0,84.0,48.0,True
5572,2,54.0,96.0,84.0,126.0,True
5572,2,54.0,135.0,84.0,165.0,True
5572,2,54.0,174.0,84.0,204.0,True
5572,2,132.0,18.0,162.0,48.0,True
5572,2,171.0,174.0,201.0,204.0,True
5573,2,20.0,17.0,50.0,47.0,True
5573,2,20.0,173.0,50.0,203.0,True
5573,2,59.0,17.0,89.0,47.0,True
5573,2,59.0,95.0,89.0,125.0,True
5573,2,98.0,17.0,128.0,47.0,True
5573,2,137.0,173.0,167.0,203.0,True
5573,2,176.0,56.0,206.0,86.0,True
5573,2,176.0,173.0,206.0,203.0,True
5574,2,21.0,179.0,51.0,209.0,True
5574,2,60.0,23.0,90.0,53.0,True
5574,2,60.0,101.0,90.0,131.0,True
5574,2,99.0,101.0,129.0,131.0,True
5574,2,99.0,179.0,129.0,209.0,True
5574,2,138.0,140.0,168.0,170.0,True
5574,2,177.0,101.0,207.0,131.0,True
5574,2,177.0,179.0,207.0,209.0,True
5575,2,22.0,95.0,52.0,125.0,True
5575,2,61.0,56.0,91.0,86.0,True
5575,2,61.0,134.0,91.0,164.0,True
5575,2,61.0,173.0,91.0,203.0,True
5575,2,100.0,56.0,130.0,86.0,True
5575,2,100.0,173.0,130.0,203.0,True
5575,2,139.0,134.0,169.0,164.0,True
5575,2,139.0,173.0,169.0,203.0,True
5576,2,21.0,133.0,51.0,163.0,True
5576,2,60.0,172.0,90.0,202.0,True
5576,2,99.0,55.0,129.0,85.0,True
5576,2,99.0,172.0,129.0,202.0,True
5576,2,138.0,16.0,168.0,46.0,True
5576,2,138.0,94.0,168.0,124.0,True
5576,2,138.0,133.0,168.0,163.0,True
5576,2,177.0,55.0,207.0,85.0,True
5577,2,22.0,17.0,52.0,47.0,True
5577,2,22.0,134.0,52.0,164.0,True
5577,2,61.0,17.0,91.0,47.0,True
5577,2,61.0,56.0,91.0,86.0,True
5577,2,100.0,17.0,130.0,47.0,True
5577,2,100.0,173.0,130.0,203.0,True
5577,2,139.0,134.0,169.0,164.0,True
5577,2,178.0,134.0,208.0,164.0,True
5578,2,64.0,23.0,94.0,53.0,True
5578,2,64.0,101.0,94.0,131.0,True
5578,2,64.0,140.0,94.0,170.0,True
5578,2,142.0,23.0,172.0,53.0,True
5578,2,142.0,101.0,172.0,131.0,True
5578,2,181.0,62.0,211.0,92.0,True
5578,2,181.0,101.0,211.0,131.0,True
5578,2,181.0,140.0,211.0,170.0,True
5579,2,22.0,21.0,52.0,51.0,True
5579,2,61.0,21.0,91.0,51.0,True
5579,2,61.0,60.0,91.0,90.0,True
5579,2,61.0,99.0,91.0,129.0,True
5579,2,100.0,177.0,130.0,207.0,True
5579,2,139.0,60.0,169.0,90.0,True
5579,2,139.0,177.0,169.0,207.0,True
5579,2,178.0,177.0,208.0,207.0,True
5580,2,14.0,98.0,44.0,128.0,True
5580,2,14.0,137.0,44.0,167.0,True
5580,2,14.0,176.0,44.0,206.0,True
5580,2,53.0,20.0,83.0,50.0,True
5580,2,53.0,137.0,83.0,167.0,True
5580,2,92.0,176.0,122.0,206.0,True
5580,2,131.0,98.0,161.0,128.0,True
5580,2,170.0,98.0,200.0,128.0,True
5581,2,18.0,135.0,48.0,165.0,True
5581,2,57.0,96.0,87.0,126.0,True
5581,2,57.0,174.0,87.0,204.0,True
5581,2,96.0,96.0,126.0,126.0,True
5581,2,96.0,135.0,126.0,165.0,True
5581,2,135.0,18.0,165.0,48.0,True
5581,2,135.0,57.0,165.0,87.0,True
5581,2,174.0,18.0,204.0,48.0,True
5582,2,24.0,61.0,54.0,91.0,True
5582,2,63.0,22.0,93.0,52.0,True
5582,2,63.0,139.0,93.0,169.0,True
5582,2,63.0,178.0,93.0,208.0,True
5582,2,141.0,61.0,171.0,91.0,True
5582,2,141.0,100.0,171.0,130.0,True
5582,2,141.0,178.0,171.0,208.0,True
5582,2,180.0,178.0,210.0,208.0,True
5583,2,14.0,18.0,44.0,48.0,True
5583,2,14.0,135.0,44.0,165.0,True
5583,2,53.0,96.0,83.0,126.0,True
5583,2,92.0,135.0,122.0,165.0,True
5583,2,131.0,135.0,161.0,165.0,True
5583,2,131.0,174.0,161.0,204.0,True
5583,2,170.0,18.0,200.0,48.0,True
5583,2,170.0,96.0,200.0,126.0,True
5584,2,20.0,138.0,50.0,168.0,True
5584,2,59.0,60.0,89.0,90.0,True
5584,2,98.0,21.0,128.0,51.0,True
5584,2,98.0,60.0,128.0,90.0,True
5584,2,98.0,99.0,128.0,129.0,True
5584,2,137.0,21.0,167.0,51.0,True
5584,2,176.0,99.0,206.0,129.0,True
5584,2,176.0,177.0,206.0,207.0,True
5585,2,22.0,61.0,52.0,91.0,True
5585,2,61.0,22.0,91.0,52.0,True
5585,2,61.0,61.0,91.0,91.0,True
5585,2,100.0,61.0,130.0,91.0,True
5585,2,139.0,139.0,169.0,169.0,True
5585,2,178.0,61.0,208.0,91.0,True
5585,2,178.0,100.0,208.0,130.0,True
5585,2,178.0,139.0,208.0,169.0,True
5586,2,16.0,139.0,46.0,169.0,True
5586,2,16.0,178.0,46.0,208.0,True
5586,2,55.0,61.0,85.0,91.0,True
5586,2,55.0,100.0,85.0,130.0,True
5586,2,94.0,22.0,124.0,52.0,True
5586,2,133.0,178.0,163.0,208.0,True
5586,2,172.0,139.0,202.0,169.0,True
5586,2,172.0,178.0,202.0,208.0,True
5587,2,20.0,142.0,50.0,172.0,True
5587,2,59.0,103.0,89.0,133.0,True
5587,2,59.0,181.0,89.0,211.0,True
5587,2,98.0,25.0,128.0,55.0,True
5587,2,98.0,64.0,128.0,94.0,True
5587,2,98.0,142.0,128.0,172.0,True
5587,2,137.0,25.0,167.0,55.0,True
5587,2,176.0,181.0,206.0,211.0,True
5588,2,53.0,54.0,83.0,84.0,True
5588,2,53.0,132.0,83.0,162.0,True
5588,2,53.0,171.0,83.0,201.0,True
5588,2,92.0,93.0,122.0,123.0,True
5588,2,131.0,171.0,161.0,201.0,True
5588,2,170.0,15.0,200.0,45.0,True
5588,2,170.0,132.0,200.0,162.0,True
5588,2,170.0,171.0,200.0,201.0,True
5589,2,21.0,16.0,51.0,46.0,True
5589,2,21.0,94.0,51.0,124.0,True
5589,2,60.0,16.0,90.0,46.0,True
5589,2,60.0,94.0,90.0,124.0,True
5589,2,99.0,55.0,129.0,85.0,True
5589,2,138.0,16.0,168.0,46.0,True
5589,2,138.0,172.0,168.0,202.0,True
5589,2,177.0,172.0,207.0,202.0,True
5590,2,22.0,134.0,52.0,164.0,True
5590,2,61.0,134.0,91.0,164.0,True
5590,2,61.0,173.0,91.0,203.0,True
5590,2,100.0,56.0,130.0,86.0,True
5590,2,100.0,95.0,130.0,125.0,True
5590,2,139.0,56.0,169.0,86.0,True
5590,2,139.0,134.0,169.0,164.0,True
5590,2,178.0,173.0,208.0,203.0,True
5591,2,21.0,16.0,51.0,46.0,True
5591,2,21.0,172.0,51.0,202.0,True
5591,2,60.0,16.0,90.0,46.0,True
5591,2,60.0,94.0,90.0,124.0,True
5591,2,99.0,172.0,129.0,202.0,True
5591,2,138.0,94.0,168.0,124.0,True
5591,2,138.0,133.0,168.0,163.0,True
5591,2,177.0,55.0,207.0,85.0,True
5592,2,16.0,55.0,46.0,85.0,True
5592,2,16.0,94.0,46.0,124.0,True
5592,2,55.0,55.0,85.0,85.0,True
5592,2,94.0,16.0,124.0,46.0,True
5592,2,94.0,55.0,124.0,85.0,True
5592,2,172.0,16.0,202.0,46.0,True
5592,2,172.0,94.0,202.0,124.0,True
5592,2,172.0,172.0,202.0,202.0,True
5593,2,17.0,59.0,47.0,89.0,True
5593,2,17.0,176.0,47.0,206.0,True
5593,2,56.0,59.0,86.0,89.0,True
5593,2,95.0,137.0,125.0,167.0,True
5593,2,134.0,59.0,164.0,89.0,True
5593,2,173.0,20.0,203.0,50.0,True
5593,2,173.0,98.0,203.0,128.0,True
5593,2,173.0,137.0,203.0,167.0,True
5594,2,61.0,60.0,91.0,90.0,True
5594,2,61.0,99.0,91.0,129.0,True
5594,2,61.0,177.0,91.0,207.0,True
5594,2,100.0,60.0,130.0,90.0,True
5594,2,139.0,21.0,169.0,51.0,True
5594,2,139.0,60.0,169.0,90.0,True
5594,2,139.0,177.0,169.0,207.0,True
5594,2,178.0,99.0,208.0,129.0,True
5595,2,23.0,53.0,53.0,83.0,True
5595,2,23.0,170.0,53.0,200.0,True
5595,2,62.0,131.0,92.0,161.0,True
5595,2,101.0,53.0,131.0,83.0,True
5595,2,101.0,131.0,131.0,161.0,True
5595,2,140.0,131.0,170.0,161.0,True
5595,2,140.0,170.0,170.0,200.0,True
5595,2,179.0,170.0,209.0,200.0,True
5596,2,18.0,133.0,48.0,163.0,True
5596,2,57.0,133.0,87.0,163.0,True
5596,2,96.0,55.0,126.0,85.0,True
5596,2,96.0,172.0,126.0,202.0,True
5596,2,135.0,172.0,165.0,202.0,True
5596,2,174.0,16.0,204.0,46.0,True
5596,2,174.0,94.0,204.0,124.0,True
5596,2,174.0,172.0,204.0,202.0,True
5597,2,18.0,21.0,48.0,51.0,True
5597,2,18.0,177.0,48.0,207.0,True
5597,2,57.0,99.0,87.0,129.0,True
5597,2,57.0,177.0,87.0,207.0,True
5597,2,135.0,60.0,165.0,90.0,True
5597,2,135.0,177.0,165.0,207.0,True
5597,2,174.0,21.0,204.0,51.0,True
5597,2,174.0,177.0,204.0,207.0,True
5598,2,23.0,131.0,53.0,161.0,True
5598,2,62.0,14.0,92.0,44.0,True
5598,2,62.0,92.0,92.0,122.0,True
5598,2,62.0,131.0,92.0,161.0,True
5598,2,101.0,131.0,131.0,161.0,True
5598,2,101.0,170.0,131.0,200.0,True
5598,2,179.0,53.0,209.0,83.0,True
5598,2,179.0,92.0,209.0,122.0,True
5599,2,16.0,64.0,46.0,94.0,True
5599,2,55.0,25.0,85.0,55.0,True
5599,2,55.0,64.0,85.0,94.0,True
5599,2,94.0,25.0,124.0,55.0,True
5599,2,94.0,142.0,124.0,172.0,True
5599,2,133.0,142.0,163.0,172.0,True
5599,2,172.0,25.0,202.0,55.0,True
5599,2,172.0,142.0,202.0,172.0,True
5700,2,21.0,23.0,51.0,53.0,True
5701,2,21.0,18.0,51.0,48.0,True
5702,2,23.0,15.0,53.0,45.0,True
5703,2,22.0,14.0,52.0,44.0,True
5704,2,21.0,24.0,51.0,54.0,True
5705,2,24.0,53.0,54.0,83.0,True
5706,2,16.0,53.0,46.0,83.0,True
5707,2,22.0,92.0,52.0,122.0,True
5708,2,22.0,102.0,52.0,132.0,True
5709,2,16.0,92.0,46.0,122.0,True
5710,2,19.0,179.0,49.0,209.0,True
5711,2,21.0,176.0,51.0,206.0,True
5712,2,20.0,177.0,50.0,207.0,True
5713,2,56.0,16.0,86.0,46.0,True
5714,2,60.0,20.0,90.0,50.0,True
5715,2,60.0,14.0,90.0,44.0,True
5716,2,58.0,18.0,88.0,48.0,True
5717,2,58.0,22.0,88.0,52.0,True
5718,2,57.0,56.0,87.0,86.0,True
5719,2,62.0,59.0,92.0,89.0,True
5720,2,58.0,53.0,88.0,83.0,True
5721,2,58.0,94.0,88.0,124.0,True
5722,2,61.0,100.0,91.0,130.0,True
5723,2,60.0,98.0,90.0,128.0,True
5724,2,54.0,94.0,84.0,124.0,True
5725,2,52.0,99.0,82.0,129.0,True
5726,2,60.0,102.0,90.0,132.0,True
5727,2,54.0,101.0,84.0,131.0,True
5728,2,54.0,92.0,84.0,122.0,True
5729,2,56.0,131.0,86.0,161.0,True
5730,2,58.0,138.0,88.0,168.0,True
5731,2,61.0,138.0,91.0,168.0,True
5732,2,52.0,173.0,82.0,203.0,True
5733,2,57.0,174.0,87.0,204.0,True
5734,2,58.0,176.0,88.0,206.0,True
5735,2,56.0,175.0,86.0,205.0,True
5736,2,62.0,179.0,92.0,209.0,True
5737,2,100.0,17.0,130.0,47.0,True
5738,2,92.0,18.0,122.0,48.0,True
5739,2,94.0,24.0,124.0,54.0,True
5740,2,96.0,21.0,126.0,51.0,True
5741,2,93.0,16.0,123.0,46.0,True
5742,2,101.0,20.0,131.0,50.0,True
5743,2,98.0,55.0,128.0,85.0,True
5744,2,92.0,52.0,122.0,82.0,True
5745,2,102.0,58.0,132.0,88.0,True
5746,2,92.0,59.0,122.0,89.0,True
5747,2,93.0,52.0,123.0,82.0,True
5748,2,98.0,59.0,128.0,89.0,True
5749,2,102.0,92.0,132.0,122.0,True
5750,2,99.0,96.0,129.0,126.0,True
5751,2,102.0,141.0,132.0,171.0,True
5752,2,100.0,136.0,130.0,166.0,True
5753,2,101.0,138.0,131.0,168.0,True
5754,2,97.0,131.0,127.0,161.0,True
5755,2,102.0,140.0,132.0,170.0,True
5756,2,95.0,170.0,125.0,200.0,True
5757,2,96.0,170.0,126.0,200.0,True
5758,2,91.0,178.0,121.0,208.0,True
5759,2,132.0,23.0,162.0,53.0,True
5760,2,138.0,55.0,168.0,85.0,True
5761,2,132.0,63.0,162.0,93.0,True
5762,2,135.0,56.0,165.0,86.0,True
5763,2,130.0,56.0,160.0,86.0,True
5764,2,132.0,93.0,162.0,123.0,True
5765,2,132.0,91.0,162.0,121.0,True
5766,2,140.0,99.0,170.0,129.0,True
5767,2,140.0,94.0,170.0,124.0,True
5768,2,141.0,99.0,171.0,129.0,True
5769,2,135.0,134.0,165.0,164.0,True
5770,2,133.0,175.0,163.0,205.0,True
5771,2,130.0,178.0,160.0,208.0,True
5772,2,136.0,180.0,166.0,210.0,True
5773,2,177.0,13.0,207.0,43.0,True
5774,2,175.0,18.0,205.0,48.0,True
5775,2,170.0,23.0,200.0,53.0,True
5776,2,169.0,18.0,199.0,48.0,True
5777,2,179.0,21.0,209.0,51.0,True
5778,2,173.0,20.0,203.0,50.0,True
5779,2,174.0,21.0,204.0,51.0,True
5780,2,176.0,21.0,206.0,51.0,True
5781,2,170.0,19.0,200.0,49.0,True
5782,2,178.0,56.0,208.0,86.0,True
5783,2,175.0,61.0,205.0,91.0,True
5784,2,180.0,55.0,210.0,85.0,True
5785,2,176.0,56.0,206.0,86.0,True
5786,2,174.0,62.0,204.0,92.0,True
5787,2,180.0,58.0,210.0,88.0,True
5788,2,172.0,53.0,202.0,83.0,True
5789,2,174.0,55.0,204.0,85.0,True
5790,2,180.0,94.0,210.0,124.0,True
5791,2,170.0,92.0,200.0,122.0,True
5792,2,169.0,96.0,199.0,126.0,True
5793,2,177.0,141.0,207.0,171.0,True
5794,2,180.0,131.0,210.0,161.0,True
5795,2,171.0,138.0,201.0,168.0,True
5796,2,175.0,137.0,205.0,167.0,True
5797,2,172.0,132.0,202.0,162.0,True
5798,2,178.0,169.0,208.0,199.0,True
5799,2,179.0,172.0,209.0,202.0,True
5800,2,18.0,24.0,48.0,54.0,True
5801,2,64.0,134.0,94.0,164.0,True
5802,2,23.0,21.0,53.0,51.0,True
5803,2,21.0,17.0,51.0,47.0,True
5804,2,23.0,17.0,53.0,47.0,True
5805,2,176.0,14.0,206.0,44.0,True
5806,2,170.0,14.0,200.0,44.0,True
5807,2,176.0,132.0,206.0,162.0,True
5808,2,23.0,19.0,53.0,49.0,True
5809,2,180.0,171.0,210.0,201.0,True
5810,2,14.0,57.0,44.0,87.0,True
5811,2,98.0,55.0,128.0,85.0,True
5812,2,19.0,62.0,49.0,92.0,True
5813,2,102.0,95.0,132.0,125.0,True
5814,2,133.0,174.0,163.0,204.0,True
5815,2,20.0,61.0,50.0,91.0,True
5816,2,172.0,58.0,202.0,88.0,True
5817,2,14.0,101.0,44.0,131.0,True
5818,2,59.0,18.0,89.0,48.0,True
5819,2,15.0,96.0,45.0,126.0,True
5820,2,54.0,99.0,84.0,129.0,True
5821,2,100.0,135.0,130.0,165.0,True
5822,2,15.0,100.0,45.0,130.0,True
5823,2,132.0,98.0,162.0,128.0,True
5824,2,180.0,24.0,210.0,54.0,True
5825,2,21.0,180.0,51.0,210.0,True
5826,2,55.0,142.0,85.0,172.0,True
5827,2,96.0,23.0,126.0,53.0,True
5828,2,142.0,14.0,172.0,44.0,True
5829,2,178.0,62.0,208.0,92.0,True
5830,2,138.0,173.0,168.0,203.0,True
5831,2,173.0,95.0,203.0,125.0,True
5832,2,18.0,179.0,48.0,209.0,True
5833,2,178.0,139.0,208.0,169.0,True
5834,2,172.0,134.0,202.0,164.0,True
5835,2,57.0,19.0,87.0,49.0,True
5836,2,61.0,25.0,91.0,55.0,True
5837,2,63.0,139.0,93.0,169.0,True
5838,2,62.0,134.0,92.0,164.0,True
5839,2,102.0,92.0,132.0,122.0,True
5840,2,59.0,16.0,89.0,46.0,True
5841,2,60.0,19.0,90.0,49.0,True
5842,2,63.0,18.0,93.0,48.0,True
5843,2,58.0,17.0,88.0,47.0,True
5844,2,177.0,179.0,207.0,209.0,True
5845,2,62.0,96.0,92.0,126.0,True
5846,2,133.0,15.0,163.0,45.0,True
5847,2,63.0,55.0,93.0,85.0,True
5848,2,53.0,56.0,83.0,86.0,True
5849,2,56.0,95.0,86.0,125.0,True
5850,2,59.0,94.0,89.0,124.0,True
5851,2,55.0,93.0,85.0,123.0,True
5852,2,180.0,58.0,210.0,88.0,True
5853,2,178.0,100.0,208.0,130.0,True
5854,2,60.0,92.0,90.0,122.0,True
5855,2,176.0,176.0,206.0,206.0,True
5856,2,173.0,24.0,203.0,54.0,True
5857,2,173.0,92.0,203.0,122.0,True
5858,2,53.0,181.0,83.0,211.0,True
5859,2,179.0,18.0,209.0,48.0,True
5860,2,55.0,176.0,85.0,206.0,True
5861,2,97.0,179.0,127.0,209.0,True
5862,2,95.0,21.0,125.0,51.0,True
5863,2,92.0,140.0,122.0,170.0,True
5864,2,181.0,64.0,211.0,94.0,True
5865,2,136.0,101.0,166.0,131.0,True
5866,2,172.0,53.0,202.0,83.0,True
5867,2,102.0,102.0,132.0,132.0,True
5868,2,140.0,94.0,170.0,124.0,True
5869,2,102.0,139.0,132.0,169.0,True
5870,2,93.0,134.0,123.0,164.0,True
5871,2,175.0,23.0,205.0,53.0,True
5872,2,173.0,97.0,203.0,127.0,True
5873,2,98.0,137.0,128.0,167.0,True
5874,2,92.0,172.0,122.0,202.0,True
5875,2,96.0,181.0,126.0,211.0,True
5876,2,180.0,20.0,210.0,50.0,True
5877,2,180.0,170.0,210.0,200.0,True
5878,2,132.0,22.0,162.0,52.0,True
5879,2,172.0,64.0,202.0,94.0,True
5880,2,141.0,61.0,171.0,91.0,True
5881,2,131.0,64.0,161.0,94.0,True
5882,2,141.0,171.0,171.0,201.0,True
5883,2,138.0,61.0,168.0,91.0,True
5884,2,170.0,131.0,200.0,161.0,True
5885,2,133.0,98.0,163.0,128.0,True
5886,2,181.0,22.0,211.0,52.0,True
5887,2,173.0,180.0,203.0,210.0,True
5888,2,173.0,171.0,203.0,201.0,True
5889,2,178.0,15.0,208.0,45.0,True
5890,2,133.0,178.0,163.0,208.0,True
5891,2,139.0,170.0,169.0,200.0,True
5892,2,132.0,181.0,162.0,211.0,True
5893,2,171.0,21.0,201.0,51.0,True
5894,2,181.0,20.0,211.0,50.0,True
5895,2,171.0,177.0,201.0,207.0,True
5896,2,180.0,175.0,210.0,205.0,True
5897,2,176.0,59.0,206.0,89.0,True
5898,2,176.0,175.0,206.0,205.0,True
5899,2,175.0,139.0,205.0,169.0,True
5900,2,20.0,15.0,50.0,45.0,True
5900,2,59.0,15.0,89.0,45.0,True
5901,2,23.0,21.0,53.0,51.0,True
5901,2,62.0,138.0,92.0,168.0,True
5902,2,19.0,21.0,49.0,51.0,True
5902,2,58.0,177.0,88.0,207.0,True
5903,2,23.0,19.0,53.0,49.0,True
5903,2,101.0,19.0,131.0,49.0,True
5904,2,18.0,18.0,48.0,48.0,True
5904,2,96.0,57.0,126.0,87.0,True
5905,2,22.0,22.0,52.0,52.0,True
5905,2,100.0,139.0,130.0,169.0,True
5906,2,20.0,20.0,50.0,50.0,True
5906,2,137.0,59.0,167.0,89.0,True
5907,2,22.0,23.0,52.0,53.0,True
5907,2,139.0,179.0,169.0,209.0,True
5908,2,21.0,60.0,51.0,90.0,True
5908,2,60.0,21.0,90.0,51.0,True
5909,2,22.0,61.0,52.0,91.0,True
5909,2,61.0,61.0,91.0,91.0,True
5910,2,20.0,58.0,50.0,88.0,True
5910,2,59.0,97.0,89.0,127.0,True
5911,2,24.0,59.0,54.0,89.0,True
5911,2,180.0,176.0,210.0,206.0,True
5912,2,18.0,100.0,48.0,130.0,True
5912,2,18.0,139.0,48.0,169.0,True
5913,2,25.0,97.0,55.0,127.0,True
5913,2,64.0,97.0,94.0,127.0,True
5914,2,21.0,92.0,51.0,122.0,True
5914,2,99.0,170.0,129.0,200.0,True
5915,2,22.0,102.0,52.0,132.0,True
5915,2,139.0,24.0,169.0,54.0,True
5916,2,19.0,96.0,49.0,126.0,True
5916,2,136.0,135.0,166.0,165.0,True
5917,2,17.0,103.0,47.0,133.0,True
5917,2,173.0,64.0,203.0,94.0,True
5918,2,19.0,133.0,49.0,163.0,True
5918,2,97.0,16.0,127.0,46.0,True
5919,2,22.0,134.0,52.0,164.0,True
5919,2,139.0,56.0,169.0,86.0,True
5920,2,14.0,135.0,44.0,165.0,True
5920,2,131.0,174.0,161.0,204.0,True
5921,2,21.0,175.0,51.0,205.0,True
5921,2,60.0,58.0,90.0,88.0,True
5922,2,15.0,173.0,45.0,203.0,True
5922,2,54.0,173.0,84.0,203.0,True
5923,2,19.0,174.0,49.0,204.0,True
5923,2,175.0,96.0,205.0,126.0,True
5924,2,56.0,14.0,86.0,44.0,True
5924,2,95.0,53.0,125.0,83.0,True
5925,2,58.0,14.0,88.0,44.0,True
5925,2,136.0,53.0,166.0,83.0,True
5926,2,64.0,14.0,94.0,44.0,True
5926,2,142.0,92.0,172.0,122.0,True
5927,2,56.0,21.0,86.0,51.0,True
5927,2,134.0,99.0,164.0,129.0,True
5928,2,60.0,14.0,90.0,44.0,True
5928,2,177.0,14.0,207.0,44.0,True
5929,2,59.0,17.0,89.0,47.0,True
5929,2,176.0,17.0,206.0,47.0,True
5930,2,62.0,19.0,92.0,49.0,True
5930,2,179.0,58.0,209.0,88.0,True
5931,2,64.0,19.0,94.0,49.0,True
5931,2,181.0,175.0,211.0,205.0,True
5932,2,54.0,54.0,84.0,84.0,True
5932,2,54.0,171.0,84.0,201.0,True
5933,2,57.0,57.0,87.0,87.0,True
5933,2,96.0,18.0,126.0,48.0,True
5934,2,58.0,63.0,88.0,93.0,True
5934,2,97.0,63.0,127.0,93.0,True
5935,2,62.0,59.0,92.0,89.0,True
5935,2,101.0,176.0,131.0,206.0,True
5936,2,56.0,55.0,86.0,85.0,True
5936,2,134.0,16.0,164.0,46.0,True
5937,2,62.0,55.0,92.0,85.0,True
5937,2,140.0,16.0,170.0,46.0,True
5938,2,53.0,62.0,83.0,92.0,True
5938,2,170.0,179.0,200.0,209.0,True
5939,2,53.0,95.0,83.0,125.0,True
5939,2,53.0,134.0,83.0,164.0,True
5940,2,62.0,98.0,92.0,128.0,True
5940,2,101.0,59.0,131.0,89.0,True
5941,2,57.0,96.0,87.0,126.0,True
5941,2,135.0,57.0,165.0,87.0,True
5942,2,59.0,100.0,89.0,130.0,True
5942,2,137.0,100.0,167.0,130.0,True
5943,2,59.0,100.0,89.0,130.0,True
5943,2,176.0,178.0,206.0,208.0,True
5944,2,55.0,140.0,85.0,170.0,True
5944,2,94.0,101.0,124.0,131.0,True
5945,2,64.0,134.0,94.0,164.0,True
5945,2,103.0,134.0,133.0,164.0,True
5946,2,64.0,134.0,94.0,164.0,True
5946,2,142.0,56.0,172.0,86.0,True
5947,2,58.0,175.0,88.0,205.0,True
5947,2,97.0,97.0,127.0,127.0,True
5948,2,57.0,179.0,87.0,209.0,True
5948,2,96.0,101.0,126.0,131.0,True
5949,2,59.0,170.0,89.0,200.0,True
5949,2,98.0,92.0,128.0,122.0,True
5950,2,62.0,172.0,92.0,202.0,True
5950,2,140.0,16.0,170.0,46.0,True
5951,2,60.0,175.0,90.0,205.0,True
5951,2,138.0,19.0,168.0,49.0,True
5952,2,56.0,176.0,86.0,206.0,True
5952,2,134.0,59.0,164.0,89.0,True
5953,2,61.0,170.0,91.0,200.0,True
5953,2,139.0,131.0,169.0,161.0,True
5954,2,57.0,171.0,87.0,201.0,True
5954,2,135.0,171.0,165.0,201.0,True
5955,2,63.0,172.0,93.0,202.0,True
5955,2,180.0,172.0,210.0,202.0,True
5956,2,93.0,17.0,123.0,47.0,True
5956,2,132.0,173.0,162.0,203.0,True
5957,2,99.0,21.0,129.0,51.0,True
5957,2,177.0,99.0,207.0,129.0,True
5958,2,97.0,21.0,127.0,51.0,True
5958,2,175.0,177.0,205.0,207.0,True
5959,2,95.0,20.0,125.0,50.0,True
5959,2,173.0,176.0,203.0,206.0,True
5960,2,98.0,55.0,128.0,85.0,True
5960,2,98.0,94.0,128.0,124.0,True
5961,2,98.0,57.0,128.0,87.0,True
5961,2,137.0,135.0,167.0,165.0,True
5962,2,95.0,64.0,125.0,94.0,True
5962,2,134.0,142.0,164.0,172.0,True
5963,2,102.0,99.0,132.0,129.0,True
5963,2,102.0,138.0,132.0,168.0,True
5964,2,103.0,92.0,133.0,122.0,True
5964,2,103.0,170.0,133.0,200.0,True
5965,2,101.0,93.0,131.0,123.0,True
5965,2,101.0,171.0,131.0,201.0,True
5966,2,96.0,98.0,126.0,128.0,True
5966,2,174.0,176.0,204.0,206.0,True
5967,2,100.0,134.0,130.0,164.0,True
5967,2,100.0,173.0,130.0,203.0,True
5968,2,100.0,134.0,130.0,164.0,True
5968,2,139.0,17.0,169.0,47.0,True
5969,2,101.0,132.0,131.0,162.0,True
5969,2,140.0,54.0,170.0,84.0,True
5970,2,103.0,139.0,133.0,169.0,True
5970,2,142.0,178.0,172.0,208.0,True
5971,2,97.0,140.0,127.0,170.0,True
5971,2,175.0,101.0,205.0,131.0,True
5972,2,93.0,133.0,123.0,163.0,True
5972,2,171.0,94.0,201.0,124.0,True
5973,2,99.0,141.0,129.0,171.0,True
5973,2,177.0,141.0,207.0,171.0,True
5974,2,95.0,139.0,125.0,169.0,True
5974,2,173.0,178.0,203.0,208.0,True
5975,2,92.0,140.0,122.0,170.0,True
5975,2,170.0,179.0,200.0,209.0,True
5976,2,95.0,176.0,125.0,206.0,True
5976,2,134.0,98.0,164.0,128.0,True
5977,2,93.0,176.0,123.0,206.0,True
5977,2,132.0,137.0,162.0,167.0,True
5978,2,92.0,181.0,122.0,211.0,True
5978,2,170.0,25.0,200.0,55.0,True
5979,2,98.0,181.0,128.0,211.0,True
5979,2,176.0,25.0,206.0,55.0,True
5980,2,99.0,174.0,129.0,204.0,True
5980,2,177.0,57.0,207.0,87.0,True
5981,2,101.0,173.0,131.0,203.0,True
5981,2,179.0,95.0,209.0,125.0,True
5982,2,98.0,177.0,128.0,207.0,True
5982,2,176.0,138.0,206.0,168.0,True
5983,2,100.0,178.0,130.0,208.0,True
5983,2,178.0,139.0,208.0,169.0,True
5984,2,134.0,22.0,164.0,52.0,True
5984,2,173.0,61.0,203.0,91.0,True
5985,2,137.0,15.0,167.0,45.0,True
5985,2,176.0,171.0,206.0,201.0,True
5986,2,137.0,61.0,167.0,91.0,True
5986,2,137.0,139.0,167.0,169.0,True
5987,2,139.0,61.0,169.0,91.0,True
5987,2,178.0,139.0,208.0,169.0,True
5988,2,136.0,101.0,166.0,131.0,True
5988,2,175.0,140.0,205.0,170.0,True
5989,2,141.0,98.0,171.0,128.0,True
5989,2,180.0,176.0,210.0,206.0,True
5990,2,131.0,101.0,161.0,131.0,True
5990,2,170.0,179.0,200.0,209.0,True
5991,2,134.0,133.0,164.0,163.0,True
5991,2,173.0,16.0,203.0,46.0,True
5992,2,131.0,140.0,161.0,170.0,True
5992,2,170.0,179.0,200.0,209.0,True
5993,2,136.0,176.0,166.0,206.0,True
5993,2,175.0,98.0,205.0,128.0,True
5994,2,175.0,20.0,205.0,50.0,True
5994,2,175.0,59.0,205.0,89.0,True
5995,2,173.0,56.0,203.0,86.0,True
5995,2,173.0,95.0,203.0,125.0,True
5996,2,179.0,62.0,209.0,92.0,True
5996,2,179.0,179.0,209.0,209.0,True
5997,2,176.0,64.0,206.0,94.0,True
5997,2,176.0,181.0,206.0,211.0,True
5998,2,179.0,94.0,209.0,124.0,True
5998,2,179.0,133.0,209.0,163.0,True
5999,2,178.0,97.0,208.0,127.0,True
5999,2,178.0,136.0,208.0,166.0,True
6000,2,21.0,18.0,51.0,48.0,True
6000,2,21.0,57.0,51.0,87.0,True
6000,2,21.0,135.0,51.0,165.0,True
6001,2,21.0,23.0,51.0,53.0,True
6001,2,21.0,62.0,51.0,92.0,True
6001,2,99.0,23.0,129.0,53.0,True
6002,2,19.0,53.0,49.0,83.0,True
6002,2,97.0,53.0,127.0,83.0,True
6002,2,136.0,170.0,166.0,200.0,True
6003,2,25.0,18.0,55.0,48.0,True
6003,2,25.0,57.0,55.0,87.0,True
6003,2,142.0,18.0,172.0,48.0,True
6004,2,14.0,23.0,44.0,53.0,True
6004,2,14.0,62.0,44.0,92.0,True
6004,2,170.0,23.0,200.0,53.0,True
6005,2,21.0,103.0,51.0,133.0,True
6005,2,60.0,103.0,90.0,133.0,True
6005,2,138.0,64.0,168.0,94.0,True
6006,2,23.0,131.0,53.0,161.0,True
6006,2,62.0,14.0,92.0,44.0,True
6006,2,140.0,53.0,170.0,83.0,True
6007,2,23.0,171.0,53.0,201.0,True
6007,2,62.0,54.0,92.0,84.0,True
6007,2,101.0,132.0,131.0,162.0,True
6008,2,20.0,21.0,50.0,51.0,True
6008,2,98.0,99.0,128.0,129.0,True
6008,2,137.0,60.0,167.0,90.0,True
6009,2,96.0,62.0,126.0,92.0,True
6009,2,96.0,140.0,126.0,170.0,True
6009,2,135.0,140.0,165.0,170.0,True
6010,2,24.0,64.0,54.0,94.0,True
6010,2,24.0,103.0,54.0,133.0,True
6010,2,141.0,103.0,171.0,133.0,True
6011,2,15.0,59.0,45.0,89.0,True
6011,2,15.0,98.0,45.0,128.0,True
6011,2,132.0,176.0,162.0,206.0,True
6012,2,17.0,133.0,47.0,163.0,True
6012,2,56.0,16.0,86.0,46.0,True
6012,2,173.0,172.0,203.0,202.0,True
6013,2,22.0,64.0,52.0,94.0,True
6013,2,100.0,64.0,130.0,94.0,True
6013,2,178.0,25.0,208.0,55.0,True
6014,2,23.0,131.0,53.0,161.0,True
6014,2,140.0,53.0,170.0,83.0,True
6014,2,140.0,170.0,170.0,200.0,True
6015,2,22.0,174.0,52.0,204.0,True
6015,2,61.0,18.0,91.0,48.0,True
6015,2,178.0,96.0,208.0,126.0,True
6016,2,16.0,173.0,46.0,203.0,True
6016,2,55.0,173.0,85.0,203.0,True
6016,2,133.0,134.0,163.0,164.0,True
6017,2,60.0,18.0,90.0,48.0,True
6017,2,60.0,174.0,90.0,204.0,True
6017,2,99.0,18.0,129.0,48.0,True
6018,2,54.0,25.0,84.0,55.0,True
6018,2,93.0,142.0,123.0,172.0,True
6018,2,132.0,142.0,162.0,172.0,True
6019,2,53.0,61.0,83.0,91.0,True
6019,2,53.0,139.0,83.0,169.0,True
6019,2,131.0,22.0,161.0,52.0,True
6020,2,60.0,60.0,90.0,90.0,True
6020,2,60.0,177.0,90.0,207.0,True
6020,2,99.0,99.0,129.0,129.0,True
6021,2,21.0,54.0,51.0,84.0,True
6021,2,60.0,132.0,90.0,162.0,True
6021,2,99.0,132.0,129.0,162.0,True
6022,2,56.0,102.0,86.0,132.0,True
6022,2,134.0,63.0,164.0,93.0,True
6022,2,173.0,141.0,203.0,171.0,True
6023,2,17.0,58.0,47.0,88.0,True
6023,2,56.0,97.0,86.0,127.0,True
6023,2,134.0,175.0,164.0,205.0,True
6024,2,16.0,62.0,46.0,92.0,True
6024,2,55.0,140.0,85.0,170.0,True
6024,2,133.0,101.0,163.0,131.0,True
6025,2,15.0,59.0,45.0,89.0,True
6025,2,93.0,59.0,123.0,89.0,True
6025,2,132.0,20.0,162.0,50.0,True
6026,2,54.0,142.0,84.0,172.0,True
6026,2,93.0,181.0,123.0,211.0,True
6026,2,171.0,25.0,201.0,55.0,True
6027,2,14.0,63.0,44.0,93.0,True
6027,2,53.0,141.0,83.0,171.0,True
6027,2,170.0,63.0,200.0,93.0,True
6028,2,59.0,178.0,89.0,208.0,True
6028,2,137.0,61.0,167.0,91.0,True
6028,2,176.0,61.0,206.0,91.0,True
6029,2,96.0,18.0,126.0,48.0,True
6029,2,135.0,57.0,165.0,87.0,True
6029,2,174.0,174.0,204.0,204.0,True
6030,2,18.0,100.0,48.0,130.0,True
6030,2,18.0,139.0,48.0,169.0,True
6030,2,57.0,100.0,87.0,130.0,True
6031,2,22.0,99.0,52.0,129.0,True
6031,2,139.0,21.0,169.0,51.0,True
6031,2,178.0,177.0,208.0,207.0,True
6032,2,25.0,98.0,55.0,128.0,True
6032,2,64.0,20.0,94.0,50.0,True
6032,2,64.0,176.0,94.0,206.0,True
6033,2,25.0,99.0,55.0,129.0,True
6033,2,64.0,21.0,94.0,51.0,True
6033,2,103.0,99.0,133.0,129.0,True
6034,2,62.0,14.0,92.0,44.0,True
6034,2,140.0,53.0,170.0,83.0,True
6034,2,179.0,92.0,209.0,122.0,True
6035,2,22.0,103.0,52.0,133.0,True
6035,2,61.0,181.0,91.0,211.0,True
6035,2,100.0,64.0,130.0,94.0,True
6036,2,17.0,100.0,47.0,130.0,True
6036,2,173.0,22.0,203.0,52.0,True
6036,2,173.0,139.0,203.0,169.0,True
6037,2,14.0,141.0,44.0,171.0,True
6037,2,92.0,63.0,122.0,93.0,True
6037,2,131.0,180.0,161.0,210.0,True
6038,2,55.0,62.0,85.0,92.0,True
6038,2,133.0,62.0,163.0,92.0,True
6038,2,172.0,101.0,202.0,131.0,True
6039,2,61.0,101.0,91.0,131.0,True
6039,2,61.0,179.0,91.0,209.0,True
6039,2,139.0,62.0,169.0,92.0,True
6040,2,24.0,135.0,54.0,165.0,True
6040,2,102.0,57.0,132.0,87.0,True
6040,2,180.0,18.0,210.0,48.0,True
6041,2,23.0,133.0,53.0,163.0,True
6041,2,101.0,16.0,131.0,46.0,True
6041,2,140.0,16.0,170.0,46.0,True
6042,2,17.0,133.0,47.0,163.0,True
6042,2,95.0,16.0,125.0,46.0,True
6042,2,95.0,94.0,125.0,124.0,True
6043,2,21.0,132.0,51.0,162.0,True
6043,2,138.0,54.0,168.0,84.0,True
6043,2,177.0,171.0,207.0,201.0,True
6044,2,25.0,134.0,55.0,164.0,True
6044,2,103.0,56.0,133.0,86.0,True
6044,2,181.0,17.0,211.0,47.0,True
6045,2,20.0,134.0,50.0,164.0,True
6045,2,98.0,95.0,128.0,125.0,True
6045,2,98.0,134.0,128.0,164.0,True
6046,2,17.0,135.0,47.0,165.0,True
6046,2,95.0,135.0,125.0,165.0,True
6046,2,173.0,174.0,203.0,204.0,True
6047,2,14.0,131.0,44.0,161.0,True
6047,2,131.0,92.0,161.0,122.0,True
6047,2,131.0,131.0,161.0,161.0,True
6048,2,24.0,170.0,54.0,200.0,True
6048,2,63.0,53.0,93.0,83.0,True
6048,2,63.0,170.0,93.0,200.0,True
6049,2,54.0,59.0,84.0,89.0,True
6049,2,132.0,20.0,162.0,50.0,True
6049,2,171.0,20.0,201.0,50.0,True
6050,2,61.0,62.0,91.0,92.0,True
6050,2,139.0,179.0,169.0,209.0,True
6050,2,178.0,23.0,208.0,53.0,True
6051,2,16.0,180.0,46.0,210.0,True
6051,2,55.0,102.0,85.0,132.0,True
6051,2,55.0,180.0,85.0,210.0,True
6052,2,55.0,172.0,85.0,202.0,True
6052,2,94.0,94.0,124.0,124.0,True
6052,2,94.0,172.0,124.0,202.0,True
6053,2,64.0,174.0,94.0,204.0,True
6053,2,181.0,57.0,211.0,87.0,True
6053,2,181.0,174.0,211.0,204.0,True
6054,2,20.0,172.0,50.0,202.0,True
6054,2,98.0,55.0,128.0,85.0,True
6054,2,137.0,55.0,167.0,85.0,True
6055,2,18.0,180.0,48.0,210.0,True
6055,2,96.0,141.0,126.0,171.0,True
6055,2,174.0,180.0,204.0,210.0,True
6056,2,14.0,178.0,44.0,208.0,True
6056,2,92.0,178.0,122.0,208.0,True
6056,2,131.0,22.0,161.0,52.0,True
6057,2,23.0,181.0,53.0,211.0,True
6057,2,140.0,142.0,170.0,172.0,True
6057,2,179.0,142.0,209.0,172.0,True
6058,2,59.0,22.0,89.0,52.0,True
6058,2,98.0,61.0,128.0,91.0,True
6058,2,137.0,22.0,167.0,52.0,True
6059,2,54.0,23.0,84.0,53.0,True
6059,2,171.0,23.0,201.0,53.0,True
6059,2,171.0,62.0,201.0,92.0,True
6060,2,54.0,18.0,84.0,48.0,True
6060,2,132.0,174.0,162.0,204.0,True
6060,2,171.0,135.0,201.0,165.0,True
6061,2,140.0,180.0,170.0,210.0,True
6061,2,179.0,102.0,209.0,132.0,True
6061,2,179.0,141.0,209.0,171.0,True
6062,2,59.0,60.0,89.0,90.0,True
6062,2,59.0,138.0,89.0,168.0,True
6062,2,98.0,99.0,128.0,129.0,True
6063,2,64.0,135.0,94.0,165.0,True
6063,2,103.0,57.0,133.0,87.0,True
6063,2,142.0,135.0,172.0,165.0,True
6064,2,59.0,58.0,89.0,88.0,True
6064,2,59.0,175.0,89.0,205.0,True
6064,2,98.0,97.0,128.0,127.0,True
6065,2,54.0,173.0,84.0,203.0,True
6065,2,132.0,56.0,162.0,86.0,True
6065,2,171.0,173.0,201.0,203.0,True
6066,2,63.0,54.0,93.0,84.0,True
6066,2,102.0,132.0,132.0,162.0,True
6066,2,180.0,171.0,210.0,201.0,True
6067,2,54.0,55.0,84.0,85.0,True
6067,2,132.0,16.0,162.0,46.0,True
6067,2,132.0,133.0,162.0,163.0,True
6068,2,103.0,142.0,133.0,172.0,True
6068,2,142.0,64.0,172.0,94.0,True
6068,2,142.0,142.0,172.0,172.0,True
6069,2,54.0,58.0,84.0,88.0,True
6069,2,132.0,19.0,162.0,49.0,True
6069,2,132.0,136.0,162.0,166.0,True
6070,2,61.0,64.0,91.0,94.0,True
6070,2,178.0,25.0,208.0,55.0,True
6070,2,178.0,103.0,208.0,133.0,True
6071,2,59.0,54.0,89.0,84.0,True
6071,2,137.0,15.0,167.0,45.0,True
6071,2,176.0,54.0,206.0,84.0,True
6072,2,142.0,97.0,172.0,127.0,True
6072,2,142.0,175.0,172.0,205.0,True
6072,2,181.0,175.0,211.0,205.0,True
6073,2,54.0,93.0,84.0,123.0,True
6073,2,171.0,93.0,201.0,123.0,True
6073,2,171.0,171.0,201.0,201.0,True
6074,2,61.0,94.0,91.0,124.0,True
6074,2,100.0,55.0,130.0,85.0,True
6074,2,139.0,55.0,169.0,85.0,True
6075,2,53.0,100.0,83.0,130.0,True
6075,2,92.0,100.0,122.0,130.0,True
6075,2,131.0,22.0,161.0,52.0,True
6076,2,54.0,102.0,84.0,132.0,True
6076,2,171.0,102.0,201.0,132.0,True
6076,2,171.0,180.0,201.0,210.0,True
6077,2,59.0,137.0,89.0,167.0,True
6077,2,98.0,20.0,128.0,50.0,True
6077,2,176.0,59.0,206.0,89.0,True
6078,2,63.0,142.0,93.0,172.0,True
6078,2,102.0,64.0,132.0,94.0,True
6078,2,141.0,142.0,171.0,172.0,True
6079,2,61.0,138.0,91.0,168.0,True
6079,2,139.0,21.0,169.0,51.0,True
6079,2,139.0,99.0,169.0,129.0,True
6080,2,137.0,22.0,167.0,52.0,True
6080,2,176.0,61.0,206.0,91.0,True
6080,2,176.0,178.0,206.0,208.0,True
6081,2,64.0,140.0,94.0,170.0,True
6081,2,181.0,23.0,211.0,53.0,True
6081,2,181.0,140.0,211.0,170.0,True
6082,2,57.0,178.0,87.0,208.0,True
6082,2,96.0,22.0,126.0,52.0,True
6082,2,135.0,100.0,165.0,130.0,True
6083,2,55.0,170.0,85.0,200.0,True
6083,2,94.0,14.0,124.0,44.0,True
6083,2,172.0,14.0,202.0,44.0,True
6084,2,60.0,171.0,90.0,201.0,True
6084,2,99.0,15.0,129.0,45.0,True
6084,2,177.0,93.0,207.0,123.0,True
6085,2,53.0,173.0,83.0,203.0,True
6085,2,92.0,173.0,122.0,203.0,True
6085,2,170.0,17.0,200.0,47.0,True
6086,2,58.0,177.0,88.0,207.0,True
6086,2,136.0,21.0,166.0,51.0,True
6086,2,136.0,99.0,166.0,129.0,True
6087,2,59.0,171.0,89.0,201.0,True
6087,2,137.0,93.0,167.0,123.0,True
6087,2,176.0,171.0,206.0,201.0,True
6088,2,97.0,20.0,127.0,50.0,True
6088,2,97.0,59.0,127.0,89.0,True
6088,2,97.0,176.0,127.0,206.0,True
6089,2,103.0,14.0,133.0,44.0,True
6089,2,103.0,131.0,133.0,161.0,True
6089,2,142.0,170.0,172.0,200.0,True
6090,2,93.0,58.0,123.0,88.0,True
6090,2,132.0,175.0,162.0,205.0,True
6090,2,171.0,136.0,201.0,166.0,True
6091,2,96.0,55.0,126.0,85.0,True
6091,2,96.0,133.0,126.0,163.0,True
6091,2,174.0,16.0,204.0,46.0,True
6092,2,103.0,61.0,133.0,91.0,True
6092,2,103.0,178.0,133.0,208.0,True
6092,2,181.0,139.0,211.0,169.0,True
6093,2,96.0,61.0,126.0,91.0,True
6093,2,135.0,22.0,165.0,52.0,True
6093,2,135.0,139.0,165.0,169.0,True
6094,2,92.0,174.0,122.0,204.0,True
6094,2,131.0,174.0,161.0,204.0,True
6094,2,170.0,96.0,200.0,126.0,True
6095,2,93.0,134.0,123.0,164.0,True
6095,2,132.0,173.0,162.0,203.0,True
6095,2,171.0,134.0,201.0,164.0,True
6096,2,103.0,135.0,133.0,165.0,True
6096,2,181.0,57.0,211.0,87.0,True
6096,2,181.0,135.0,211.0,165.0,True
6097,2,99.0,171.0,129.0,201.0,True
6097,2,138.0,132.0,168.0,162.0,True
6097,2,177.0,54.0,207.0,84.0,True
6098,2,131.0,58.0,161.0,88.0,True
6098,2,170.0,19.0,200.0,49.0,True
6098,2,170.0,175.0,200.0,205.0,True
6099,2,135.0,95.0,165.0,125.0,True
6099,2,174.0,17.0,204.0,47.0,True
6099,2,174.0,173.0,204.0,203.0,True
6100,2,24.0,17.0,54.0,47.0,True
6100,2,24.0,95.0,54.0,125.0,True
6100,2,24.0,134.0,54.0,164.0,True
6100,2,102.0,95.0,132.0,125.0,True
6101,2,20.0,19.0,50.0,49.0,True
6101,2,20.0,97.0,50.0,127.0,True
6101,2,20.0,175.0,50.0,205.0,True
6101,2,176.0,58.0,206.0,88.0,True
6102,2,15.0,23.0,45.0,53.0,True
6102,2,15.0,140.0,45.0,170.0,True
6102,2,54.0,23.0,84.0,53.0,True
6102,2,132.0,179.0,162.0,209.0,True
6103,2,17.0,19.0,47.0,49.0,True
6103,2,17.0,136.0,47.0,166.0,True
6103,2,56.0,136.0,86.0,166.0,True
6103,2,134.0,97.0,164.0,127.0,True
6104,2,20.0,21.0,50.0,51.0,True
6104,2,20.0,177.0,50.0,207.0,True
6104,2,59.0,99.0,89.0,129.0,True
6104,2,59.0,177.0,89.0,207.0,True
6105,2,18.0,23.0,48.0,53.0,True
6105,2,18.0,179.0,48.0,209.0,True
6105,2,174.0,62.0,204.0,92.0,True
6105,2,174.0,140.0,204.0,170.0,True
6106,2,22.0,24.0,52.0,54.0,True
6106,2,61.0,63.0,91.0,93.0,True
6106,2,61.0,102.0,91.0,132.0,True
6106,2,100.0,63.0,130.0,93.0,True
6107,2,18.0,20.0,48.0,50.0,True
6107,2,57.0,59.0,87.0,89.0,True
6107,2,57.0,137.0,87.0,167.0,True
6107,2,96.0,176.0,126.0,206.0,True
6108,2,24.0,18.0,54.0,48.0,True
6108,2,63.0,57.0,93.0,87.0,True
6108,2,102.0,135.0,132.0,165.0,True
6108,2,141.0,135.0,171.0,165.0,True
6109,2,18.0,17.0,48.0,47.0,True
6109,2,57.0,95.0,87.0,125.0,True
6109,2,96.0,56.0,126.0,86.0,True
6109,2,174.0,173.0,204.0,203.0,True
6110,2,16.0,16.0,46.0,46.0,True
6110,2,55.0,94.0,85.0,124.0,True
6110,2,94.0,94.0,124.0,124.0,True
6110,2,133.0,94.0,163.0,124.0,True
6111,2,19.0,21.0,49.0,51.0,True
6111,2,58.0,99.0,88.0,129.0,True
6111,2,97.0,177.0,127.0,207.0,True
6111,2,175.0,21.0,205.0,51.0,True
6112,2,19.0,15.0,49.0,45.0,True
6112,2,58.0,93.0,88.0,123.0,True
6112,2,136.0,132.0,166.0,162.0,True
6112,2,175.0,93.0,205.0,123.0,True
6113,2,16.0,20.0,46.0,50.0,True
6113,2,55.0,137.0,85.0,167.0,True
6113,2,94.0,20.0,124.0,50.0,True
6113,2,133.0,176.0,163.0,206.0,True
6114,2,16.0,13.0,46.0,43.0,True
6114,2,55.0,130.0,85.0,160.0,True
6114,2,133.0,91.0,163.0,121.0,True
6114,2,172.0,169.0,202.0,199.0,True
6115,2,18.0,17.0,48.0,47.0,True
6115,2,57.0,173.0,87.0,203.0,True
6115,2,135.0,173.0,165.0,203.0,True
6115,2,174.0,17.0,204.0,47.0,True
6116,2,16.0,18.0,46.0,48.0,True
6116,2,94.0,18.0,124.0,48.0,True
6116,2,133.0,57.0,163.0,87.0,True
6116,2,133.0,135.0,163.0,165.0,True
6117,2,21.0,22.0,51.0,52.0,True
6117,2,99.0,139.0,129.0,169.0,True
6117,2,99.0,178.0,129.0,208.0,True
6117,2,177.0,139.0,207.0,169.0,True
6118,2,13.0,17.0,43.0,47.0,True
6118,2,91.0,173.0,121.0,203.0,True
6118,2,130.0,17.0,160.0,47.0,True
6118,2,169.0,173.0,199.0,203.0,True
6119,2,22.0,14.0,52.0,44.0,True
6119,2,139.0,14.0,169.0,44.0,True
6119,2,139.0,131.0,169.0,161.0,True
6119,2,178.0,14.0,208.0,44.0,True
6120,2,22.0,23.0,52.0,53.0,True
6120,2,139.0,23.0,169.0,53.0,True
6120,2,139.0,140.0,169.0,170.0,True
6120,2,178.0,179.0,208.0,209.0,True
6121,2,17.0,16.0,47.0,46.0,True
6121,2,134.0,55.0,164.0,85.0,True
6121,2,173.0,55.0,203.0,85.0,True
6121,2,173.0,94.0,203.0,124.0,True
6122,2,16.0,58.0,46.0,88.0,True
6122,2,16.0,97.0,46.0,127.0,True
6122,2,94.0,19.0,124.0,49.0,True
6122,2,133.0,19.0,163.0,49.0,True
6123,2,17.0,61.0,47.0,91.0,True
6123,2,17.0,139.0,47.0,169.0,True
6123,2,95.0,100.0,125.0,130.0,True
6123,2,173.0,139.0,203.0,169.0,True
6124,2,19.0,53.0,49.0,83.0,True
6124,2,19.0,170.0,49.0,200.0,True
6124,2,58.0,131.0,88.0,161.0,True
6124,2,136.0,53.0,166.0,83.0,True
6125,2,24.0,61.0,54.0,91.0,True
6125,2,63.0,61.0,93.0,91.0,True
6125,2,102.0,61.0,132.0,91.0,True
6125,2,180.0,178.0,210.0,208.0,True
6126,2,17.0,63.0,47.0,93.0,True
6126,2,56.0,141.0,86.0,171.0,True
6126,2,134.0,102.0,164.0,132.0,True
6126,2,134.0,180.0,164.0,210.0,True
6127,2,15.0,57.0,45.0,87.0,True
6127,2,93.0,18.0,123.0,48.0,True
6127,2,93.0,57.0,123.0,87.0,True
6127,2,171.0,57.0,201.0,87.0,True
6128,2,21.0,55.0,51.0,85.0,True
6128,2,99.0,94.0,129.0,124.0,True
6128,2,99.0,172.0,129.0,202.0,True
6128,2,138.0,16.0,168.0,46.0,True
6129,2,24.0,59.0,54.0,89.0,True
6129,2,102.0,176.0,132.0,206.0,True
6129,2,141.0,59.0,171.0,89.0,True
6129,2,180.0,59.0,210.0,89.0,True
6130,2,20.0,58.0,50.0,88.0,True
6130,2,98.0,175.0,128.0,205.0,True
6130,2,137.0,97.0,167.0,127.0,True
6130,2,176.0,97.0,206.0,127.0,True
6131,2,17.0,62.0,47.0,92.0,True
6131,2,134.0,62.0,164.0,92.0,True
6131,2,173.0,62.0,203.0,92.0,True
6131,2,173.0,140.0,203.0,170.0,True
6132,2,19.0,92.0,49.0,122.0,True
6132,2,19.0,131.0,49.0,161.0,True
6132,2,58.0,92.0,88.0,122.0,True
6132,2,175.0,170.0,205.0,200.0,True
6133,2,18.0,95.0,48.0,125.0,True
6133,2,18.0,134.0,48.0,164.0,True
6133,2,96.0,173.0,126.0,203.0,True
6133,2,174.0,56.0,204.0,86.0,True
6134,2,13.0,94.0,43.0,124.0,True
6134,2,13.0,172.0,43.0,202.0,True
6134,2,52.0,94.0,82.0,124.0,True
6134,2,52.0,172.0,82.0,202.0,True
6135,2,18.0,100.0,48.0,130.0,True
6135,2,57.0,61.0,87.0,91.0,True
6135,2,96.0,139.0,126.0,169.0,True
6135,2,174.0,61.0,204.0,91.0,True
6136,2,24.0,93.0,54.0,123.0,True
6136,2,63.0,93.0,93.0,123.0,True
6136,2,141.0,132.0,171.0,162.0,True
6136,2,141.0,171.0,171.0,201.0,True
6137,2,21.0,92.0,51.0,122.0,True
6137,2,60.0,92.0,90.0,122.0,True
6137,2,138.0,131.0,168.0,161.0,True
6137,2,177.0,14.0,207.0,44.0,True
6138,2,23.0,136.0,53.0,166.0,True
6138,2,23.0,175.0,53.0,205.0,True
6138,2,62.0,19.0,92.0,49.0,True
6138,2,101.0,175.0,131.0,205.0,True
6139,2,23.0,139.0,53.0,169.0,True
6139,2,23.0,178.0,53.0,208.0,True
6139,2,62.0,61.0,92.0,91.0,True
6139,2,140.0,178.0,170.0,208.0,True
6140,2,21.0,139.0,51.0,169.0,True
6140,2,21.0,178.0,51.0,208.0,True
6140,2,99.0,61.0,129.0,91.0,True
6140,2,138.0,61.0,168.0,91.0,True
6141,2,22.0,134.0,52.0,164.0,True
6141,2,22.0,173.0,52.0,203.0,True
6141,2,139.0,134.0,169.0,164.0,True
6141,2,178.0,95.0,208.0,125.0,True
6142,2,20.0,134.0,50.0,164.0,True
6142,2,59.0,17.0,89.0,47.0,True
6142,2,137.0,134.0,167.0,164.0,True
6142,2,137.0,173.0,167.0,203.0,True
6143,2,18.0,140.0,48.0,170.0,True
6143,2,57.0,62.0,87.0,92.0,True
6143,2,96.0,62.0,126.0,92.0,True
6143,2,135.0,62.0,165.0,92.0,True
6144,2,22.0,133.0,52.0,163.0,True
6144,2,61.0,94.0,91.0,124.0,True
6144,2,61.0,133.0,91.0,163.0,True
6144,2,139.0,55.0,169.0,85.0,True
6145,2,20.0,133.0,50.0,163.0,True
6145,2,59.0,133.0,89.0,163.0,True
6145,2,98.0,55.0,128.0,85.0,True
6145,2,98.0,94.0,128.0,124.0,True
6146,2,21.0,136.0,51.0,166.0,True
6146,2,60.0,136.0,90.0,166.0,True
6146,2,138.0,58.0,168.0,88.0,True
6146,2,138.0,136.0,168.0,166.0,True
6147,2,23.0,137.0,53.0,167.0,True
6147,2,101.0,59.0,131.0,89.0,True
6147,2,179.0,20.0,209.0,50.0,True
6147,2,179.0,176.0,209.0,206.0,True
6148,2,16.0,138.0,46.0,168.0,True
6148,2,133.0,60.0,163.0,90.0,True
6148,2,172.0,60.0,202.0,90.0,True
6148,2,172.0,177.0,202.0,207.0,True
6149,2,23.0,177.0,53.0,207.0,True
6149,2,62.0,21.0,92.0,51.0,True
6149,2,62.0,177.0,92.0,207.0,True
6149,2,101.0,99.0,131.0,129.0,True
6150,2,13.0,175.0,43.0,205.0,True
6150,2,91.0,58.0,121.0,88.0,True
6150,2,91.0,136.0,121.0,166.0,True
6150,2,169.0,58.0,199.0,88.0,True
6151,2,24.0,174.0,54.0,204.0,True
6151,2,141.0,135.0,171.0,165.0,True
6151,2,141.0,174.0,171.0,204.0,True
6151,2,180.0,18.0,210.0,48.0,True
6152,2,59.0,17.0,89.0,47.0,True
6152,2,59.0,95.0,89.0,125.0,True
6152,2,98.0,17.0,128.0,47.0,True
6152,2,98.0,56.0,128.0,86.0,True
6153,2,56.0,15.0,86.0,45.0,True
6153,2,56.0,132.0,86.0,162.0,True
6153,2,95.0,171.0,125.0,201.0,True
6153,2,134.0,54.0,164.0,84.0,True
6154,2,55.0,13.0,85.0,43.0,True
6154,2,55.0,169.0,85.0,199.0,True
6154,2,94.0,52.0,124.0,82.0,True
6154,2,94.0,130.0,124.0,160.0,True
6155,2,57.0,22.0,87.0,52.0,True
6155,2,57.0,178.0,87.0,208.0,True
6155,2,96.0,178.0,126.0,208.0,True
6155,2,135.0,139.0,165.0,169.0,True
6156,2,57.0,16.0,87.0,46.0,True
6156,2,96.0,16.0,126.0,46.0,True
6156,2,96.0,94.0,126.0,124.0,True
6156,2,174.0,55.0,204.0,85.0,True
6157,2,58.0,14.0,88.0,44.0,True
6157,2,97.0,53.0,127.0,83.0,True
6157,2,97.0,170.0,127.0,200.0,True
6157,2,136.0,170.0,166.0,200.0,True
6158,2,53.0,20.0,83.0,50.0,True
6158,2,92.0,59.0,122.0,89.0,True
6158,2,131.0,59.0,161.0,89.0,True
6158,2,170.0,59.0,200.0,89.0,True
6159,2,57.0,23.0,87.0,53.0,True
6159,2,96.0,62.0,126.0,92.0,True
6159,2,174.0,101.0,204.0,131.0,True
6159,2,174.0,140.0,204.0,170.0,True
6160,2,56.0,24.0,86.0,54.0,True
6160,2,95.0,102.0,125.0,132.0,True
6160,2,95.0,180.0,125.0,210.0,True
6160,2,173.0,141.0,203.0,171.0,True
6161,2,55.0,22.0,85.0,52.0,True
6161,2,133.0,100.0,163.0,130.0,True
6161,2,133.0,178.0,163.0,208.0,True
6161,2,172.0,100.0,202.0,130.0,True
6162,2,53.0,62.0,83.0,92.0,True
6162,2,53.0,101.0,83.0,131.0,True
6162,2,92.0,101.0,122.0,131.0,True
6162,2,131.0,179.0,161.0,209.0,True
6163,2,62.0,59.0,92.0,89.0,True
6163,2,62.0,176.0,92.0,206.0,True
6163,2,101.0,20.0,131.0,50.0,True
6163,2,101.0,137.0,131.0,167.0,True
6164,2,59.0,56.0,89.0,86.0,True
6164,2,59.0,173.0,89.0,203.0,True
6164,2,98.0,56.0,128.0,86.0,True
6164,2,137.0,56.0,167.0,86.0,True
6165,2,60.0,56.0,90.0,86.0,True
6165,2,60.0,173.0,90.0,203.0,True
6165,2,138.0,56.0,168.0,86.0,True
6165,2,138.0,173.0,168.0,203.0,True
6166,2,61.0,55.0,91.0,85.0,True
6166,2,100.0,16.0,130.0,46.0,True
6166,2,139.0,16.0,169.0,46.0,True
6166,2,178.0,55.0,208.0,85.0,True
6167,2,56.0,61.0,86.0,91.0,True
6167,2,95.0,61.0,125.0,91.0,True
6167,2,95.0,139.0,125.0,169.0,True
6167,2,134.0,139.0,164.0,169.0,True
6168,2,60.0,62.0,90.0,92.0,True
6168,2,99.0,101.0,129.0,131.0,True
6168,2,177.0,23.0,207.0,53.0,True
6168,2,177.0,101.0,207.0,131.0,True
6169,2,53.0,59.0,83.0,89.0,True
6169,2,131.0,20.0,161.0,50.0,True
6169,2,131.0,98.0,161.0,128.0,True
6169,2,170.0,98.0,200.0,128.0,True
6170,2,54.0,59.0,84.0,89.0,True
6170,2,171.0,59.0,201.0,89.0,True
6170,2,171.0,98.0,201.0,128.0,True
6170,2,171.0,137.0,201.0,167.0,True
6171,2,57.0,99.0,87.0,129.0,True
6171,2,96.0,60.0,126.0,90.0,True
6171,2,135.0,138.0,165.0,168.0,True
6171,2,174.0,177.0,204.0,207.0,True
6172,2,59.0,93.0,89.0,123.0,True
6172,2,98.0,93.0,128.0,123.0,True
6172,2,137.0,132.0,167.0,162.0,True
6172,2,176.0,54.0,206.0,84.0,True
6173,2,56.0,132.0,86.0,162.0,True
6173,2,56.0,171.0,86.0,201.0,True
6173,2,95.0,15.0,125.0,45.0,True
6173,2,134.0,132.0,164.0,162.0,True
6174,2,57.0,139.0,87.0,169.0,True
6174,2,96.0,22.0,126.0,52.0,True
6174,2,96.0,100.0,126.0,130.0,True
6174,2,135.0,22.0,165.0,52.0,True
6175,2,62.0,139.0,92.0,169.0,True
6175,2,101.0,22.0,131.0,52.0,True
6175,2,179.0,100.0,209.0,130.0,True
6175,2,179.0,178.0,209.0,208.0,True
6176,2,58.0,132.0,88.0,162.0,True
6176,2,97.0,93.0,127.0,123.0,True
6176,2,136.0,93.0,166.0,123.0,True
6176,2,136.0,171.0,166.0,201.0,True
6177,2,58.0,140.0,88.0,170.0,True
6177,2,97.0,140.0,127.0,170.0,True
6177,2,136.0,140.0,166.0,170.0,True
6177,2,175.0,101.0,205.0,131.0,True
6178,2,54.0,131.0,84.0,161.0,True
6178,2,93.0,131.0,123.0,161.0,True
6178,2,132.0,170.0,162.0,200.0,True
6178,2,171.0,14.0,201.0,44.0,True
6179,2,63.0,132.0,93.0,162.0,True
6179,2,141.0,15.0,171.0,45.0,True
6179,2,141.0,54.0,171.0,84.0,True
6179,2,141.0,93.0,171.0,123.0,True
6180,2,59.0,134.0,89.0,164.0,True
6180,2,137.0,17.0,167.0,47.0,True
6180,2,137.0,173.0,167.0,203.0,True
6180,2,176.0,95.0,206.0,125.0,True
6181,2,54.0,141.0,84.0,171.0,True
6181,2,132.0,24.0,162.0,54.0,True
6181,2,171.0,102.0,201.0,132.0,True
6181,2,171.0,141.0,201.0,171.0,True
6182,2,62.0,179.0,92.0,209.0,True
6182,2,101.0,62.0,131.0,92.0,True
6182,2,179.0,140.0,209.0,170.0,True
6182,2,179.0,179.0,209.0,209.0,True
6183,2,60.0,171.0,90.0,201.0,True
6183,2,99.0,132.0,129.0,162.0,True
6183,2,99.0,171.0,129.0,201.0,True
6183,2,138.0,132.0,168.0,162.0,True
6184,2,59.0,171.0,89.0,201.0,True
6184,2,137.0,54.0,167.0,84.0,True
6184,2,137.0,93.0,167.0,123.0,True
6184,2,176.0,15.0,206.0,45.0,True
6185,2,52.0,179.0,82.0,209.0,True
6185,2,130.0,101.0,160.0,131.0,True
6185,2,169.0,101.0,199.0,131.0,True
6185,2,169.0,179.0,199.0,209.0,True
6186,2,54.0,172.0,84.0,202.0,True
6186,2,132.0,133.0,162.0,163.0,True
6186,2,171.0,16.0,201.0,46.0,True
6186,2,171.0,172.0,201.0,202.0,True
6187,2,102.0,15.0,132.0,45.0,True
6187,2,102.0,54.0,132.0,84.0,True
6187,2,141.0,15.0,171.0,45.0,True
6187,2,141.0,93.0,171.0,123.0,True
6188,2,100.0,19.0,130.0,49.0,True
6188,2,100.0,175.0,130.0,205.0,True
6188,2,139.0,136.0,169.0,166.0,True
6188,2,178.0,19.0,208.0,49.0,True
6189,2,92.0,22.0,122.0,52.0,True
6189,2,131.0,22.0,161.0,52.0,True
6189,2,131.0,139.0,161.0,169.0,True
6189,2,170.0,139.0,200.0,169.0,True
6190,2,100.0,24.0,130.0,54.0,True
6190,2,139.0,63.0,169.0,93.0,True
6190,2,178.0,63.0,208.0,93.0,True
6190,2,178.0,141.0,208.0,171.0,True
6191,2,97.0,57.0,127.0,87.0,True
6191,2,97.0,96.0,127.0,126.0,True
6191,2,97.0,174.0,127.0,204.0,True
6191,2,136.0,96.0,166.0,126.0,True
6192,2,97.0,62.0,127.0,92.0,True
6192,2,175.0,62.0,205.0,92.0,True
6192,2,175.0,140.0,205.0,170.0,True
6192,2,175.0,179.0,205.0,209.0,True
6193,2,102.0,93.0,132.0,123.0,True
6193,2,102.0,132.0,132.0,162.0,True
6193,2,141.0,54.0,171.0,84.0,True
6193,2,141.0,171.0,171.0,201.0,True
6194,2,100.0,93.0,130.0,123.0,True
6194,2,139.0,54.0,169.0,84.0,True
6194,2,139.0,171.0,169.0,201.0,True
6194,2,178.0,171.0,208.0,201.0,True
6195,2,99.0,93.0,129.0,123.0,True
6195,2,138.0,93.0,168.0,123.0,True
6195,2,138.0,132.0,168.0,162.0,True
6195,2,177.0,54.0,207.0,84.0,True
6196,2,102.0,97.0,132.0,127.0,True
6196,2,141.0,97.0,171.0,127.0,True
6196,2,141.0,175.0,171.0,205.0,True
6196,2,180.0,19.0,210.0,49.0,True
6197,2,141.0,23.0,171.0,53.0,True
6197,2,141.0,140.0,171.0,170.0,True
6197,2,180.0,23.0,210.0,53.0,True
6197,2,180.0,140.0,210.0,170.0,True
6198,2,131.0,58.0,161.0,88.0,True
6198,2,131.0,175.0,161.0,205.0,True
6198,2,170.0,19.0,200.0,49.0,True
6198,2,170.0,136.0,200.0,166.0,True
6199,2,139.0,100.0,169.0,130.0,True
6199,2,178.0,22.0,208.0,52.0,True
6199,2,178.0,61.0,208.0,91.0,True
6199,2,178.0,139.0,208.0,169.0,True
6200,2,16.0,20.0,46.0,50.0,True
6200,2,16.0,98.0,46.0,128.0,True
6200,2,16.0,137.0,46.0,167.0,True
6200,2,16.0,176.0,46.0,206.0,True
6200,2,133.0,176.0,163.0,206.0,True
6200,2,172.0,59.0,202.0,89.0,True
6200,2,172.0,176.0,202.0,206.0,True
6201,2,22.0,178.0,52.0,208.0,True
6201,2,61.0,22.0,91.0,52.0,True
6201,2,61.0,139.0,91.0,169.0,True
6201,2,100.0,22.0,130.0,52.0,True
6201,2,100.0,61.0,130.0,91.0,True
6201,2,178.0,139.0,208.0,169.0,True
6201,2,178.0,178.0,208.0,208.0,True
6202,2,19.0,60.0,49.0,90.0,True
6202,2,19.0,99.0,49.0,129.0,True
6202,2,58.0,177.0,88.0,207.0,True
6202,2,97.0,99.0,127.0,129.0,True
6202,2,97.0,177.0,127.0,207.0,True
6202,2,175.0,21.0,205.0,51.0,True
6202,2,175.0,60.0,205.0,90.0,True
6203,2,64.0,137.0,94.0,167.0,True
6203,2,103.0,20.0,133.0,50.0,True
6203,2,103.0,59.0,133.0,89.0,True
6203,2,142.0,20.0,172.0,50.0,True
6203,2,142.0,137.0,172.0,167.0,True
6203,2,181.0,20.0,211.0,50.0,True
6203,2,181.0,59.0,211.0,89.0,True
6204,2,21.0,56.0,51.0,86.0,True
6204,2,21.0,95.0,51.0,125.0,True
6204,2,60.0,17.0,90.0,47.0,True
6204,2,99.0,173.0,129.0,203.0,True
6204,2,138.0,134.0,168.0,164.0,True
6204,2,138.0,173.0,168.0,203.0,True
6204,2,177.0,134.0,207.0,164.0,True
6205,2,14.0,134.0,44.0,164.0,True
6205,2,53.0,56.0,83.0,86.0,True
6205,2,92.0,56.0,122.0,86.0,True
6205,2,92.0,134.0,122.0,164.0,True
6205,2,92.0,173.0,122.0,203.0,True
6205,2,131.0,173.0,161.0,203.0,True
6205,2,170.0,173.0,200.0,203.0,True
6206,2,23.0,24.0,53.0,54.0,True
6206,2,62.0,141.0,92.0,171.0,True
6206,2,101.0,141.0,131.0,171.0,True
6206,2,101.0,180.0,131.0,210.0,True
6206,2,140.0,24.0,170.0,54.0,True
6206,2,179.0,102.0,209.0,132.0,True
6206,2,179.0,141.0,209.0,171.0,True
6207,2,25.0,173.0,55.0,203.0,True
6207,2,64.0,173.0,94.0,203.0,True
6207,2,103.0,17.0,133.0,47.0,True
6207,2,103.0,95.0,133.0,125.0,True
6207,2,103.0,134.0,133.0,164.0,True
6207,2,103.0,173.0,133.0,203.0,True
6207,2,142.0,173.0,172.0,203.0,True
6208,2,53.0,62.0,83.0,92.0,True
6208,2,53.0,101.0,83.0,131.0,True
6208,2,53.0,179.0,83.0,209.0,True
6208,2,92.0,62.0,122.0,92.0,True
6208,2,92.0,179.0,122.0,209.0,True
6208,2,131.0,140.0,161.0,170.0,True
6208,2,170.0,179.0,200.0,209.0,True
6209,2,55.0,15.0,85.0,45.0,True
6209,2,55.0,132.0,85.0,162.0,True
6209,2,94.0,54.0,124.0,84.0,True
6209,2,133.0,54.0,163.0,84.0,True
6209,2,133.0,171.0,163.0,201.0,True
6209,2,172.0,54.0,202.0,84.0,True
6209,2,172.0,171.0,202.0,201.0,True
6210,2,17.0,140.0,47.0,170.0,True
6210,2,17.0,179.0,47.0,209.0,True
6210,2,56.0,23.0,86.0,53.0,True
6210,2,95.0,140.0,125.0,170.0,True
6210,2,95.0,179.0,125.0,209.0,True
6210,2,134.0,179.0,164.0,209.0,True
6210,2,173.0,23.0,203.0,53.0,True
6211,2,14.0,56.0,44.0,86.0,True
6211,2,53.0,95.0,83.0,125.0,True
6211,2,92.0,56.0,122.0,86.0,True
6211,2,92.0,134.0,122.0,164.0,True
6211,2,92.0,173.0,122.0,203.0,True
6211,2,131.0,173.0,161.0,203.0,True
6211,2,170.0,95.0,200.0,125.0,True
6212,2,23.0,97.0,53.0,127.0,True
6212,2,23.0,136.0,53.0,166.0,True
6212,2,62.0,19.0,92.0,49.0,True
6212,2,62.0,97.0,92.0,127.0,True
6212,2,140.0,19.0,170.0,49.0,True
6212,2,140.0,136.0,170.0,166.0,True
6212,2,179.0,136.0,209.0,166.0,True
6213,2,14.0,100.0,44.0,130.0,True
6213,2,14.0,139.0,44.0,169.0,True
6213,2,14.0,178.0,44.0,208.0,True
6213,2,92.0,61.0,122.0,91.0,True
6213,2,92.0,139.0,122.0,169.0,True
6213,2,131.0,22.0,161.0,52.0,True
6213,2,170.0,178.0,200.0,208.0,True
6214,2,14.0,22.0,44.0,52.0,True
6214,2,14.0,178.0,44.0,208.0,True
6214,2,53.0,100.0,83.0,130.0,True
6214,2,92.0,100.0,122.0,130.0,True
6214,2,131.0,139.0,161.0,169.0,True
6214,2,170.0,22.0,200.0,52.0,True
6214,2,170.0,139.0,200.0,169.0,True
6215,2,22.0,15.0,52.0,45.0,True
6215,2,61.0,54.0,91.0,84.0,True
6215,2,61.0,132.0,91.0,162.0,True
6215,2,139.0,15.0,169.0,45.0,True
6215,2,139.0,54.0,169.0,84.0,True
6215,2,139.0,171.0,169.0,201.0,True
6215,2,178.0,93.0,208.0,123.0,True
6216,2,18.0,23.0,48.0,53.0,True
6216,2,18.0,101.0,48.0,131.0,True
6216,2,57.0,179.0,87.0,209.0,True
6216,2,96.0,62.0,126.0,92.0,True
6216,2,135.0,23.0,165.0,53.0,True
6216,2,135.0,101.0,165.0,131.0,True
6216,2,174.0,179.0,204.0,209.0,True
6217,2,16.0,96.0,46.0,126.0,True
6217,2,16.0,135.0,46.0,165.0,True
6217,2,16.0,174.0,46.0,204.0,True
6217,2,55.0,96.0,85.0,126.0,True
6217,2,94.0,57.0,124.0,87.0,True
6217,2,133.0,18.0,163.0,48.0,True
6217,2,133.0,174.0,163.0,204.0,True
6218,2,21.0,17.0,51.0,47.0,True
6218,2,21.0,95.0,51.0,125.0,True
6218,2,99.0,173.0,129.0,203.0,True
6218,2,138.0,56.0,168.0,86.0,True
6218,2,138.0,95.0,168.0,125.0,True
6218,2,177.0,56.0,207.0,86.0,True
6218,2,177.0,173.0,207.0,203.0,True
6219,2,15.0,15.0,45.0,45.0,True
6219,2,15.0,54.0,45.0,84.0,True
6219,2,54.0,15.0,84.0,45.0,True
6219,2,54.0,54.0,84.0,84.0,True
6219,2,54.0,171.0,84.0,201.0,True
6219,2,132.0,93.0,162.0,123.0,True
6219,2,171.0,54.0,201.0,84.0,True
6220,2,20.0,171.0,50.0,201.0,True
6220,2,59.0,54.0,89.0,84.0,True
6220,2,59.0,171.0,89.0,201.0,True
6220,2,98.0,171.0,128.0,201.0,True
6220,2,137.0,171.0,167.0,201.0,True
6220,2,176.0,15.0,206.0,45.0,True
6220,2,176.0,54.0,206.0,84.0,True
6221,2,22.0,98.0,52.0,128.0,True
6221,2,61.0,20.0,91.0,50.0,True
6221,2,61.0,98.0,91.0,128.0,True
6221,2,139.0,59.0,169.0,89.0,True
6221,2,139.0,137.0,169.0,167.0,True
6221,2,139.0,176.0,169.0,206.0,True
6221,2,178.0,59.0,208.0,89.0,True
6222,2,17.0,99.0,47.0,129.0,True
6222,2,17.0,138.0,47.0,168.0,True
6222,2,56.0,99.0,86.0,129.0,True
6222,2,56.0,177.0,86.0,207.0,True
6222,2,134.0,99.0,164.0,129.0,True
6222,2,134.0,177.0,164.0,207.0,True
6222,2,173.0,138.0,203.0,168.0,True
6223,2,20.0,59.0,50.0,89.0,True
6223,2,20.0,98.0,50.0,128.0,True
6223,2,59.0,20.0,89.0,50.0,True
6223,2,59.0,59.0,89.0,89.0,True
6223,2,98.0,137.0,128.0,167.0,True
6223,2,137.0,59.0,167.0,89.0,True
6223,2,176.0,20.0,206.0,50.0,True
6224,2,25.0,61.0,55.0,91.0,True
6224,2,64.0,178.0,94.0,208.0,True
6224,2,103.0,100.0,133.0,130.0,True
6224,2,142.0,22.0,172.0,52.0,True
6224,2,142.0,100.0,172.0,130.0,True
6224,2,142.0,139.0,172.0,169.0,True
6224,2,181.0,22.0,211.0,52.0,True
6225,2,25.0,131.0,55.0,161.0,True
6225,2,64.0,14.0,94.0,44.0,True
6225,2,64.0,131.0,94.0,161.0,True
6225,2,103.0,53.0,133.0,83.0,True
6225,2,103.0,170.0,133.0,200.0,True
6225,2,142.0,14.0,172.0,44.0,True
6225,2,181.0,131.0,211.0,161.0,True
6226,2,23.0,55.0,53.0,85.0,True
6226,2,23.0,94.0,53.0,124.0,True
6226,2,62.0,133.0,92.0,163.0,True
6226,2,101.0,16.0,131.0,46.0,True
6226,2,179.0,16.0,209.0,46.0,True
6226,2,179.0,55.0,209.0,85.0,True
6226,2,179.0,133.0,209.0,163.0,True
6227,2,15.0,53.0,45.0,83.0,True
6227,2,15.0,170.0,45.0,200.0,True
6227,2,54.0,14.0,84.0,44.0,True
6227,2,54.0,170.0,84.0,200.0,True
6227,2,93.0,131.0,123.0,161.0,True
6227,2,132.0,92.0,162.0,122.0,True
6227,2,171.0,92.0,201.0,122.0,True
6228,2,22.0,25.0,52.0,55.0,True
6228,2,22.0,103.0,52.0,133.0,True
6228,2,22.0,142.0,52.0,172.0,True
6228,2,61.0,142.0,91.0,172.0,True
6228,2,139.0,64.0,169.0,94.0,True
6228,2,139.0,103.0,169.0,133.0,True
6228,2,178.0,142.0,208.0,172.0,True
6229,2,18.0,22.0,48.0,52.0,True
6229,2,18.0,61.0,48.0,91.0,True
6229,2,18.0,100.0,48.0,130.0,True
6229,2,57.0,61.0,87.0,91.0,True
6229,2,135.0,100.0,165.0,130.0,True
6229,2,174.0,100.0,204.0,130.0,True
6229,2,174.0,139.0,204.0,169.0,True
6230,2,19.0,55.0,49.0,85.0,True
6230,2,19.0,133.0,49.0,163.0,True
6230,2,58.0,172.0,88.0,202.0,True
6230,2,136.0,16.0,166.0,46.0,True
6230,2,136.0,94.0,166.0,124.0,True
6230,2,175.0,133.0,205.0,163.0,True
6230,2,175.0,172.0,205.0,202.0,True
6231,2,53.0,61.0,83.0,91.0,True
6231,2,92.0,22.0,122.0,52.0,True
6231,2,92.0,100.0,122.0,130.0,True
6231,2,92.0,139.0,122.0,169.0,True
6231,2,131.0,100.0,161.0,130.0,True
6231,2,170.0,100.0,200.0,130.0,True
6231,2,170.0,139.0,200.0,169.0,True
6232,2,16.0,16.0,46.0,46.0,True
6232,2,55.0,94.0,85.0,124.0,True
6232,2,55.0,133.0,85.0,163.0,True
6232,2,133.0,55.0,163.0,85.0,True
6232,2,133.0,94.0,163.0,124.0,True
6232,2,172.0,16.0,202.0,46.0,True
6232,2,172.0,172.0,202.0,202.0,True
6233,2,21.0,17.0,51.0,47.0,True
6233,2,60.0,56.0,90.0,86.0,True
6233,2,60.0,173.0,90.0,203.0,True
6233,2,99.0,17.0,129.0,47.0,True
6233,2,99.0,56.0,129.0,86.0,True
6233,2,138.0,173.0,168.0,203.0,True
6233,2,177.0,17.0,207.0,47.0,True
6234,2,56.0,101.0,86.0,131.0,True
6234,2,56.0,179.0,86.0,209.0,True
6234,2,95.0,101.0,125.0,131.0,True
6234,2,95.0,179.0,125.0,209.0,True
6234,2,134.0,179.0,164.0,209.0,True
6234,2,173.0,62.0,203.0,92.0,True
6234,2,173.0,140.0,203.0,170.0,True
6235,2,23.0,59.0,53.0,89.0,True
6235,2,23.0,137.0,53.0,167.0,True
6235,2,62.0,20.0,92.0,50.0,True
6235,2,101.0,20.0,131.0,50.0,True
6235,2,140.0,59.0,170.0,89.0,True
6235,2,140.0,137.0,170.0,167.0,True
6235,2,179.0,176.0,209.0,206.0,True
6236,2,17.0,62.0,47.0,92.0,True
6236,2,56.0,62.0,86.0,92.0,True
6236,2,56.0,101.0,86.0,131.0,True
6236,2,56.0,140.0,86.0,170.0,True
6236,2,95.0,62.0,125.0,92.0,True
6236,2,173.0,23.0,203.0,53.0,True
6236,2,173.0,179.0,203.0,209.0,True
6237,2,22.0,20.0,52.0,50.0,True
6237,2,22.0,59.0,52.0,89.0,True
6237,2,61.0,98.0,91.0,128.0,True
6237,2,100.0,176.0,130.0,206.0,True
6237,2,139.0,98.0,169.0,128.0,True
6237,2,139.0,176.0,169.0,206.0,True
6237,2,178.0,20.0,208.0,50.0,True
6238,2,24.0,23.0,54.0,53.0,True
6238,2,24.0,101.0,54.0,131.0,True
6238,2,63.0,23.0,93.0,53.0,True
6238,2,63.0,179.0,93.0,209.0,True
6238,2,102.0,23.0,132.0,53.0,True
6238,2,180.0,62.0,210.0,92.0,True
6238,2,180.0,179.0,210.0,209.0,True
6239,2,16.0,94.0,46.0,124.0,True
6239,2,16.0,172.0,46.0,202.0,True
6239,2,55.0,16.0,85.0,46.0,True
6239,2,94.0,16.0,124.0,46.0,True
6239,2,94.0,133.0,124.0,163.0,True
6239,2,133.0,55.0,163.0,85.0,True
6239,2,133.0,172.0,163.0,202.0,True
6240,2,14.0,181.0,44.0,211.0,True
6240,2,53.0,142.0,83.0,172.0,True
6240,2,53.0,181.0,83.0,211.0,True
6240,2,92.0,103.0,122.0,133.0,True
6240,2,131.0,64.0,161.0,94.0,True
6240,2,131.0,181.0,161.0,211.0,True
6240,2,170.0,142.0,200.0,172.0,True
6241,2,18.0,19.0,48.0,49.0,True
6241,2,18.0,58.0,48.0,88.0,True
6241,2,57.0,19.0,87.0,49.0,True
6241,2,57.0,136.0,87.0,166.0,True
6241,2,96.0,19.0,126.0,49.0,True
6241,2,174.0,136.0,204.0,166.0,True
6241,2,174.0,175.0,204.0,205.0,True
6242,2,20.0,140.0,50.0,170.0,True
6242,2,59.0,23.0,89.0,53.0,True
6242,2,59.0,62.0,89.0,92.0,True
6242,2,98.0,23.0,128.0,53.0,True
6242,2,98.0,179.0,128.0,209.0,True
6242,2,137.0,62.0,167.0,92.0,True
6242,2,176.0,179.0,206.0,209.0,True
6243,2,14.0,20.0,44.0,50.0,True
6243,2,14.0,59.0,44.0,89.0,True
6243,2,14.0,137.0,44.0,167.0,True
6243,2,14.0,176.0,44.0,206.0,True
6243,2,53.0,20.0,83.0,50.0,True
6243,2,53.0,137.0,83.0,167.0,True
6243,2,131.0,137.0,161.0,167.0,True
6244,2,24.0,99.0,54.0,129.0,True
6244,2,24.0,138.0,54.0,168.0,True
6244,2,63.0,60.0,93.0,90.0,True
6244,2,63.0,99.0,93.0,129.0,True
6244,2,63.0,177.0,93.0,207.0,True
6244,2,102.0,60.0,132.0,90.0,True
6244,2,102.0,138.0,132.0,168.0,True
6245,2,16.0,92.0,46.0,122.0,True
6245,2,55.0,92.0,85.0,122.0,True
6245,2,55.0,131.0,85.0,161.0,True
6245,2,94.0,92.0,124.0,122.0,True
6245,2,133.0,14.0,163.0,44.0,True
6245,2,133.0,92.0,163.0,122.0,True
6245,2,172.0,53.0,202.0,83.0,True
6246,2,20.0,93.0,50.0,123.0,True
6246,2,59.0,54.0,89.0,84.0,True
6246,2,59.0,171.0,89.0,201.0,True
6246,2,98.0,54.0,128.0,84.0,True
6246,2,98.0,132.0,128.0,162.0,True
6246,2,137.0,15.0,167.0,45.0,True
6246,2,137.0,132.0,167.0,162.0,True
6247,2,24.0,94.0,54.0,124.0,True
6247,2,24.0,133.0,54.0,163.0,True
6247,2,141.0,16.0,171.0,46.0,True
6247,2,141.0,55.0,171.0,85.0,True
6247,2,141.0,133.0,171.0,163.0,True
6247,2,141.0,172.0,171.0,202.0,True
6247,2,180.0,172.0,210.0,202.0,True
6248,2,20.0,62.0,50.0,92.0,True
6248,2,59.0,140.0,89.0,170.0,True
6248,2,98.0,101.0,128.0,131.0,True
6248,2,98.0,179.0,128.0,209.0,True
6248,2,137.0,179.0,167.0,209.0,True
6248,2,176.0,101.0,206.0,131.0,True
6248,2,176.0,140.0,206.0,170.0,True
6249,2,17.0,98.0,47.0,128.0,True
6249,2,17.0,137.0,47.0,167.0,True
6249,2,56.0,20.0,86.0,50.0,True
6249,2,95.0,20.0,125.0,50.0,True
6249,2,95.0,59.0,125.0,89.0,True
6249,2,134.0,20.0,164.0,50.0,True
6249,2,173.0,98.0,203.0,128.0,True
6250,2,20.0,18.0,50.0,48.0,True
6250,2,59.0,57.0,89.0,87.0,True
6250,2,59.0,96.0,89.0,126.0,True
6250,2,98.0,135.0,128.0,165.0,True
6250,2,98.0,174.0,128.0,204.0,True
6250,2,176.0,18.0,206.0,48.0,True
6250,2,176.0,96.0,206.0,126.0,True
6251,2,19.0,59.0,49.0,89.0,True
6251,2,58.0,59.0,88.0,89.0,True
6251,2,58.0,137.0,88.0,167.0,True
6251,2,136.0,59.0,166.0,89.0,True
6251,2,175.0,20.0,205.0,50.0,True
6251,2,175.0,59.0,205.0,89.0,True
6251,2,175.0,176.0,205.0,206.0,True
6252,2,22.0,25.0,52.0,55.0,True
6252,2,61.0,25.0,91.0,55.0,True
6252,2,61.0,181.0,91.0,211.0,True
6252,2,100.0,64.0,130.0,94.0,True
6252,2,100.0,142.0,130.0,172.0,True
6252,2,139.0,103.0,169.0,133.0,True
6252,2,139.0,142.0,169.0,172.0,True
6253,2,15.0,19.0,45.0,49.0,True
6253,2,54.0,19.0,84.0,49.0,True
6253,2,54.0,58.0,84.0,88.0,True
6253,2,93.0,58.0,123.0,88.0,True
6253,2,93.0,175.0,123.0,205.0,True
6253,2,132.0,136.0,162.0,166.0,True
6253,2,171.0,58.0,201.0,88.0,True
6254,2,22.0,93.0,52.0,123.0,True
6254,2,22.0,132.0,52.0,162.0,True
6254,2,61.0,171.0,91.0,201.0,True
6254,2,100.0,54.0,130.0,84.0,True
6254,2,100.0,93.0,130.0,123.0,True
6254,2,100.0,132.0,130.0,162.0,True
6254,2,139.0,54.0,169.0,84.0,True
6255,2,55.0,59.0,85.0,89.0,True
6255,2,94.0,20.0,124.0,50.0,True
6255,2,94.0,137.0,124.0,167.0,True
6255,2,133.0,59.0,163.0,89.0,True
6255,2,172.0,20.0,202.0,50.0,True
6255,2,172.0,59.0,202.0,89.0,True
6255,2,172.0,137.0,202.0,167.0,True
6256,2,60.0,63.0,90.0,93.0,True
6256,2,60.0,102.0,90.0,132.0,True
6256,2,60.0,141.0,90.0,171.0,True
6256,2,60.0,180.0,90.0,210.0,True
6256,2,99.0,180.0,129.0,210.0,True
6256,2,177.0,102.0,207.0,132.0,True
6256,2,177.0,141.0,207.0,171.0,True
6257,2,25.0,102.0,55.0,132.0,True
6257,2,25.0,141.0,55.0,171.0,True
6257,2,103.0,24.0,133.0,54.0,True
6257,2,142.0,24.0,172.0,54.0,True
6257,2,142.0,63.0,172.0,93.0,True
6257,2,142.0,102.0,172.0,132.0,True
6257,2,142.0,180.0,172.0,210.0,True
6258,2,24.0,22.0,54.0,52.0,True
6258,2,24.0,61.0,54.0,91.0,True
6258,2,24.0,100.0,54.0,130.0,True
6258,2,102.0,22.0,132.0,52.0,True
6258,2,102.0,61.0,132.0,91.0,True
6258,2,102.0,178.0,132.0,208.0,True
6258,2,180.0,178.0,210.0,208.0,True
6259,2,18.0,57.0,48.0,87.0,True
6259,2,18.0,135.0,48.0,165.0,True
6259,2,96.0,57.0,126.0,87.0,True
6259,2,135.0,96.0,165.0,126.0,True
6259,2,135.0,174.0,165.0,204.0,True
6259,2,174.0,18.0,204.0,48.0,True
6259,2,174.0,96.0,204.0,126.0,True
6260,2,24.0,20.0,54.0,50.0,True
6260,2,24.0,176.0,54.0,206.0,True
6260,2,102.0,59.0,132.0,89.0,True
6260,2,102.0,176.0,132.0,206.0,True
6260,2,141.0,59.0,171.0,89.0,True
6260,2,141.0,137.0,171.0,167.0,True
6260,2,180.0,20.0,210.0,50.0,True
6261,2,21.0,53.0,51.0,83.0,True
6261,2,60.0,92.0,90.0,122.0,True
6261,2,99.0,14.0,129.0,44.0,True
6261,2,99.0,53.0,129.0,83.0,True
6261,2,138.0,53.0,168.0,83.0,True
6261,2,177.0,53.0,207.0,83.0,True
6261,2,177.0,170.0,207.0,200.0,True
6262,2,24.0,96.0,54.0,126.0,True
6262,2,63.0,57.0,93.0,87.0,True
6262,2,102.0,18.0,132.0,48.0,True
6262,2,141.0,57.0,171.0,87.0,True
6262,2,141.0,135.0,171.0,165.0,True
6262,2,180.0,18.0,210.0,48.0,True
6262,2,180.0,135.0,210.0,165.0,True
6263,2,24.0,60.0,54.0,90.0,True
6263,2,63.0,99.0,93.0,129.0,True
6263,2,63.0,138.0,93.0,168.0,True
6263,2,102.0,21.0,132.0,51.0,True
6263,2,102.0,99.0,132.0,129.0,True
6263,2,141.0,138.0,171.0,168.0,True
6263,2,180.0,99.0,210.0,129.0,True
6264,2,18.0,63.0,48.0,93.0,True
6264,2,57.0,63.0,87.0,93.0,True
6264,2,57.0,102.0,87.0,132.0,True
6264,2,135.0,63.0,165.0,93.0,True
6264,2,135.0,102.0,165.0,132.0,True
6264,2,135.0,180.0,165.0,210.0,True
6264,2,174.0,102.0,204.0,132.0,True
6265,2,21.0,21.0,51.0,51.0,True
6265,2,99.0,138.0,129.0,168.0,True
6265,2,99.0,177.0,129.0,207.0,True
6265,2,138.0,60.0,168.0,90.0,True
6265,2,177.0,60.0,207.0,90.0,True
6265,2,177.0,99.0,207.0,129.0,True
6265,2,177.0,177.0,207.0,207.0,True
6266,2,17.0,102.0,47.0,132.0,True
6266,2,17.0,141.0,47.0,171.0,True
6266,2,17.0,180.0,47.0,210.0,True
6266,2,56.0,102.0,86.0,132.0,True
6266,2,95.0,141.0,125.0,171.0,True
6266,2,173.0,63.0,203.0,93.0,True
6266,2,173.0,141.0,203.0,171.0,True
6267,2,20.0,136.0,50.0,166.0,True
6267,2,59.0,58.0,89.0,88.0,True
6267,2,59.0,136.0,89.0,166.0,True
6267,2,98.0,175.0,128.0,205.0,True
6267,2,137.0,58.0,167.0,88.0,True
6267,2,137.0,136.0,167.0,166.0,True
6267,2,176.0,19.0,206.0,49.0,True
6268,2,24.0,24.0,54.0,54.0,True
6268,2,24.0,63.0,54.0,93.0,True
6268,2,24.0,141.0,54.0,171.0,True
6268,2,63.0,24.0,93.0,54.0,True
6268,2,63.0,180.0,93.0,210.0,True
6268,2,102.0,141.0,132.0,171.0,True
6268,2,180.0,63.0,210.0,93.0,True
6269,2,14.0,173.0,44.0,203.0,True
6269,2,53.0,173.0,83.0,203.0,True
6269,2,92.0,95.0,122.0,125.0,True
6269,2,92.0,134.0,122.0,164.0,True
6269,2,131.0,95.0,161.0,125.0,True
6269,2,170.0,17.0,200.0,47.0,True
6269,2,170.0,134.0,200.0,164.0,True
6270,2,53.0,136.0,83.0,166.0,True
6270,2,53.0,175.0,83.0,205.0,True
6270,2,92.0,97.0,122.0,127.0,True
6270,2,92.0,136.0,122.0,166.0,True
6270,2,170.0,58.0,200.0,88.0,True
6270,2,170.0,97.0,200.0,127.0,True
6270,2,170.0,175.0,200.0,205.0,True
6271,2,23.0,173.0,53.0,203.0,True
6271,2,62.0,56.0,92.0,86.0,True
6271,2,101.0,173.0,131.0,203.0,True
6271,2,140.0,56.0,170.0,86.0,True
6271,2,140.0,173.0,170.0,203.0,True
6271,2,179.0,95.0,209.0,125.0,True
6271,2,179.0,173.0,209.0,203.0,True
6272,2,23.0,96.0,53.0,126.0,True
6272,2,62.0,57.0,92.0,87.0,True
6272,2,101.0,57.0,131.0,87.0,True
6272,2,101.0,96.0,131.0,126.0,True
6272,2,101.0,135.0,131.0,165.0,True
6272,2,140.0,96.0,170.0,126.0,True
6272,2,179.0,18.0,209.0,48.0,True
6273,2,22.0,56.0,52.0,86.0,True
6273,2,61.0,56.0,91.0,86.0,True
6273,2,61.0,95.0,91.0,125.0,True
6273,2,100.0,17.0,130.0,47.0,True
6273,2,100.0,134.0,130.0,164.0,True
6273,2,178.0,56.0,208.0,86.0,True
6273,2,178.0,95.0,208.0,125.0,True
6274,2,18.0,59.0,48.0,89.0,True
6274,2,57.0,20.0,87.0,50.0,True
6274,2,57.0,98.0,87.0,128.0,True
6274,2,57.0,137.0,87.0,167.0,True
6274,2,96.0,137.0,126.0,167.0,True
6274,2,174.0,98.0,204.0,128.0,True
6274,2,174.0,176.0,204.0,206.0,True
6275,2,19.0,97.0,49.0,127.0,True
6275,2,58.0,175.0,88.0,205.0,True
6275,2,136.0,19.0,166.0,49.0,True
6275,2,136.0,58.0,166.0,88.0,True
6275,2,136.0,97.0,166.0,127.0,True
6275,2,175.0,19.0,205.0,49.0,True
6275,2,175.0,58.0,205.0,88.0,True
6276,2,15.0,14.0,45.0,44.0,True
6276,2,15.0,131.0,45.0,161.0,True
6276,2,93.0,14.0,123.0,44.0,True
6276,2,93.0,92.0,123.0,122.0,True
6276,2,93.0,131.0,123.0,161.0,True
6276,2,132.0,131.0,162.0,161.0,True
6276,2,132.0,170.0,162.0,200.0,True
6277,2,17.0,22.0,47.0,52.0,True
6277,2,17.0,61.0,47.0,91.0,True
6277,2,56.0,61.0,86.0,91.0,True
6277,2,95.0,100.0,125.0,130.0,True
6277,2,134.0,139.0,164.0,169.0,True
6277,2,173.0,22.0,203.0,52.0,True
6277,2,173.0,178.0,203.0,208.0,True
6278,2,17.0,55.0,47.0,85.0,True
6278,2,17.0,133.0,47.0,163.0,True
6278,2,56.0,172.0,86.0,202.0,True
6278,2,95.0,133.0,125.0,163.0,True
6278,2,134.0,16.0,164.0,46.0,True
6278,2,134.0,55.0,164.0,85.0,True
6278,2,173.0,55.0,203.0,85.0,True
6279,2,14.0,60.0,44.0,90.0,True
6279,2,14.0,177.0,44.0,207.0,True
6279,2,53.0,21.0,83.0,51.0,True
6279,2,53.0,60.0,83.0,90.0,True
6279,2,92.0,99.0,122.0,129.0,True
6279,2,92.0,177.0,122.0,207.0,True
6279,2,170.0,99.0,200.0,129.0,True
6280,2,53.0,18.0,83.0,48.0,True
6280,2,53.0,135.0,83.0,165.0,True
6280,2,53.0,174.0,83.0,204.0,True
6280,2,131.0,135.0,161.0,165.0,True
6280,2,170.0,18.0,200.0,48.0,True
6280,2,170.0,57.0,200.0,87.0,True
6280,2,170.0,174.0,200.0,204.0,True
6281,2,19.0,99.0,49.0,129.0,True
6281,2,58.0,21.0,88.0,51.0,True
6281,2,58.0,60.0,88.0,90.0,True
6281,2,58.0,99.0,88.0,129.0,True
6281,2,97.0,138.0,127.0,168.0,True
6281,2,136.0,138.0,166.0,168.0,True
6281,2,175.0,60.0,205.0,90.0,True
6282,2,55.0,62.0,85.0,92.0,True
6282,2,55.0,140.0,85.0,170.0,True
6282,2,94.0,62.0,124.0,92.0,True
6282,2,94.0,179.0,124.0,209.0,True
6282,2,133.0,140.0,163.0,170.0,True
6282,2,172.0,62.0,202.0,92.0,True
6282,2,172.0,179.0,202.0,209.0,True
6283,2,20.0,21.0,50.0,51.0,True
6283,2,20.0,177.0,50.0,207.0,True
6283,2,59.0,99.0,89.0,129.0,True
6283,2,98.0,177.0,128.0,207.0,True
6283,2,137.0,60.0,167.0,90.0,True
6283,2,137.0,99.0,167.0,129.0,True
6283,2,176.0,99.0,206.0,129.0,True
6284,2,58.0,18.0,88.0,48.0,True
6284,2,58.0,96.0,88.0,126.0,True
6284,2,97.0,18.0,127.0,48.0,True
6284,2,97.0,135.0,127.0,165.0,True
6284,2,136.0,174.0,166.0,204.0,True
6284,2,175.0,96.0,205.0,126.0,True
6284,2,175.0,174.0,205.0,204.0,True
6285,2,18.0,177.0,48.0,207.0,True
6285,2,57.0,21.0,87.0,51.0,True
6285,2,57.0,60.0,87.0,90.0,True
6285,2,96.0,99.0,126.0,129.0,True
6285,2,96.0,138.0,126.0,168.0,True
6285,2,135.0,21.0,165.0,51.0,True
6285,2,174.0,99.0,204.0,129.0,True
6286,2,20.0,136.0,50.0,166.0,True
6286,2,59.0,58.0,89.0,88.0,True
6286,2,59.0,136.0,89.0,166.0,True
6286,2,98.0,97.0,128.0,127.0,True
6286,2,98.0,136.0,128.0,166.0,True
6286,2,98.0,175.0,128.0,205.0,True
6286,2,176.0,97.0,206.0,127.0,True
6287,2,23.0,54.0,53.0,84.0,True
6287,2,23.0,171.0,53.0,201.0,True
6287,2,101.0,15.0,131.0,45.0,True
6287,2,101.0,54.0,131.0,84.0,True
6287,2,140.0,15.0,170.0,45.0,True
6287,2,140.0,54.0,170.0,84.0,True
6287,2,179.0,93.0,209.0,123.0,True
6288,2,15.0,98.0,45.0,128.0,True
6288,2,93.0,98.0,123.0,128.0,True
6288,2,132.0,176.0,162.0,206.0,True
6288,2,171.0,59.0,201.0,89.0,True
6288,2,171.0,98.0,201.0,128.0,True
6288,2,171.0,137.0,201.0,167.0,True
6288,2,171.0,176.0,201.0,206.0,True
6289,2,23.0,101.0,53.0,131.0,True
6289,2,23.0,179.0,53.0,209.0,True
6289,2,62.0,23.0,92.0,53.0,True
6289,2,62.0,101.0,92.0,131.0,True
6289,2,101.0,140.0,131.0,170.0,True
6289,2,140.0,179.0,170.0,209.0,True
6289,2,179.0,140.0,209.0,170.0,True
6290,2,25.0,20.0,55.0,50.0,True
6290,2,25.0,137.0,55.0,167.0,True
6290,2,103.0,137.0,133.0,167.0,True
6290,2,103.0,176.0,133.0,206.0,True
6290,2,142.0,98.0,172.0,128.0,True
6290,2,142.0,137.0,172.0,167.0,True
6290,2,181.0,176.0,211.0,206.0,True
6291,2,25.0,15.0,55.0,45.0,True
6291,2,64.0,132.0,94.0,162.0,True
6291,2,103.0,171.0,133.0,201.0,True
6291,2,142.0,15.0,172.0,45.0,True
6291,2,181.0,15.0,211.0,45.0,True
6291,2,181.0,132.0,211.0,162.0,True
6291,2,181.0,171.0,211.0,201.0,True
6292,2,16.0,175.0,46.0,205.0,True
6292,2,55.0,58.0,85.0,88.0,True
6292,2,55.0,175.0,85.0,205.0,True
6292,2,94.0,58.0,124.0,88.0,True
6292,2,133.0,19.0,163.0,49.0,True
6292,2,133.0,58.0,163.0,88.0,True
6292,2,133.0,136.0,163.0,166.0,True
6293,2,55.0,102.0,85.0,132.0,True
6293,2,94.0,63.0,124.0,93.0,True
6293,2,133.0,63.0,163.0,93.0,True
6293,2,133.0,102.0,163.0,132.0,True
6293,2,133.0,180.0,163.0,210.0,True
6293,2,172.0,24.0,202.0,54.0,True
6293,2,172.0,102.0,202.0,132.0,True
6294,2,14.0,23.0,44.0,53.0,True
6294,2,14.0,140.0,44.0,170.0,True
6294,2,92.0,62.0,122.0,92.0,True
6294,2,131.0,62.0,161.0,92.0,True
6294,2,131.0,101.0,161.0,131.0,True
6294,2,170.0,62.0,200.0,92.0,True
6294,2,170.0,101.0,200.0,131.0,True
6295,2,19.0,14.0,49.0,44.0,True
6295,2,19.0,131.0,49.0,161.0,True
6295,2,58.0,170.0,88.0,200.0,True
6295,2,97.0,53.0,127.0,83.0,True
6295,2,97.0,170.0,127.0,200.0,True
6295,2,136.0,53.0,166.0,83.0,True
6295,2,175.0,14.0,205.0,44.0,True
6296,2,20.0,24.0,50.0,54.0,True
6296,2,59.0,102.0,89.0,132.0,True
6296,2,59.0,180.0,89.0,210.0,True
6296,2,98.0,63.0,128.0,93.0,True
6296,2,137.0,24.0,167.0,54.0,True
6296,2,176.0,63.0,206.0,93.0,True
6296,2,176.0,141.0,206.0,171.0,True
6297,2,22.0,93.0,52.0,123.0,True
6297,2,22.0,171.0,52.0,201.0,True
6297,2,61.0,171.0,91.0,201.0,True
6297,2,100.0,93.0,130.0,123.0,True
6297,2,139.0,15.0,169.0,45.0,True
6297,2,139.0,171.0,169.0,201.0,True
6297,2,178.0,171.0,208.0,201.0,True
6298,2,23.0,135.0,53.0,165.0,True
6298,2,23.0,174.0,53.0,204.0,True
6298,2,62.0,96.0,92.0,126.0,True
6298,2,101.0,57.0,131.0,87.0,True
6298,2,101.0,96.0,131.0,126.0,True
6298,2,140.0,174.0,170.0,204.0,True
6298,2,179.0,57.0,209.0,87.0,True
6299,2,25.0,174.0,55.0,204.0,True
6299,2,103.0,57.0,133.0,87.0,True
6299,2,103.0,135.0,133.0,165.0,True
6299,2,142.0,18.0,172.0,48.0,True
6299,2,142.0,57.0,172.0,87.0,True
6299,2,142.0,174.0,172.0,204.0,True
6299,2,181.0,174.0,211.0,204.0,True
6300,2,24.0,178.0,54.0,208.0,True
6300,2,63.0,22.0,93.0,52.0,True
6300,2,63.0,61.0,93.0,91.0,True
6300,2,102.0,61.0,132.0,91.0,True
6300,2,141.0,22.0,171.0,52.0,True
6300,2,141.0,178.0,171.0,208.0,True
6300,2,180.0,22.0,210.0,52.0,True
6300,2,180.0,61.0,210.0,91.0,True
6301,2,23.0,15.0,53.0,45.0,True
6301,2,23.0,171.0,53.0,201.0,True
6301,2,62.0,93.0,92.0,123.0,True
6301,2,140.0,93.0,170.0,123.0,True
6301,2,140.0,132.0,170.0,162.0,True
6301,2,140.0,171.0,170.0,201.0,True
6301,2,179.0,54.0,209.0,84.0,True
6301,2,179.0,132.0,209.0,162.0,True
6302,2,19.0,132.0,49.0,162.0,True
6302,2,97.0,54.0,127.0,84.0,True
6302,2,97.0,93.0,127.0,123.0,True
6302,2,97.0,132.0,127.0,162.0,True
6302,2,136.0,15.0,166.0,45.0,True
6302,2,136.0,132.0,166.0,162.0,True
6302,2,175.0,15.0,205.0,45.0,True
6302,2,175.0,171.0,205.0,201.0,True
6303,2,14.0,19.0,44.0,49.0,True
6303,2,14.0,136.0,44.0,166.0,True
6303,2,14.0,175.0,44.0,205.0,True
6303,2,92.0,58.0,122.0,88.0,True
6303,2,92.0,97.0,122.0,127.0,True
6303,2,92.0,136.0,122.0,166.0,True
6303,2,92.0,175.0,122.0,205.0,True
6303,2,131.0,136.0,161.0,166.0,True
6304,2,15.0,16.0,45.0,46.0,True
6304,2,54.0,133.0,84.0,163.0,True
6304,2,54.0,172.0,84.0,202.0,True
6304,2,93.0,94.0,123.0,124.0,True
6304,2,93.0,133.0,123.0,163.0,True
6304,2,171.0,16.0,201.0,46.0,True
6304,2,171.0,55.0,201.0,85.0,True
6304,2,171.0,133.0,201.0,163.0,True
6305,2,63.0,55.0,93.0,85.0,True
6305,2,63.0,94.0,93.0,124.0,True
6305,2,102.0,16.0,132.0,46.0,True
6305,2,102.0,94.0,132.0,124.0,True
6305,2,141.0,94.0,171.0,124.0,True
6305,2,141.0,172.0,171.0,202.0,True
6305,2,180.0,16.0,210.0,46.0,True
6305,2,180.0,172.0,210.0,202.0,True
6306,2,15.0,134.0,45.0,164.0,True
6306,2,54.0,17.0,84.0,47.0,True
6306,2,54.0,56.0,84.0,86.0,True
6306,2,93.0,17.0,123.0,47.0,True
6306,2,93.0,95.0,123.0,125.0,True
6306,2,93.0,134.0,123.0,164.0,True
6306,2,171.0,95.0,201.0,125.0,True
6306,2,171.0,173.0,201.0,203.0,True
6307,2,17.0,54.0,47.0,84.0,True
6307,2,17.0,93.0,47.0,123.0,True
6307,2,134.0,15.0,164.0,45.0,True
6307,2,134.0,132.0,164.0,162.0,True
6307,2,173.0,15.0,203.0,45.0,True
6307,2,173.0,54.0,203.0,84.0,True
6307,2,173.0,132.0,203.0,162.0,True
6307,2,173.0,171.0,203.0,201.0,True
6308,2,23.0,179.0,53.0,209.0,True
6308,2,62.0,62.0,92.0,92.0,True
6308,2,101.0,23.0,131.0,53.0,True
6308,2,101.0,62.0,131.0,92.0,True
6308,2,101.0,101.0,131.0,131.0,True
6308,2,101.0,140.0,131.0,170.0,True
6308,2,140.0,179.0,170.0,209.0,True
6308,2,179.0,179.0,209.0,209.0,True
6309,2,15.0,132.0,45.0,162.0,True
6309,2,15.0,171.0,45.0,201.0,True
6309,2,54.0,132.0,84.0,162.0,True
6309,2,54.0,171.0,84.0,201.0,True
6309,2,93.0,54.0,123.0,84.0,True
6309,2,93.0,132.0,123.0,162.0,True
6309,2,93.0,171.0,123.0,201.0,True
6309,2,171.0,171.0,201.0,201.0,True
6310,2,24.0,24.0,54.0,54.0,True
6310,2,63.0,24.0,93.0,54.0,True
6310,2,63.0,102.0,93.0,132.0,True
6310,2,63.0,141.0,93.0,171.0,True
6310,2,102.0,63.0,132.0,93.0,True
6310,2,102.0,141.0,132.0,171.0,True
6310,2,141.0,141.0,171.0,171.0,True
6310,2,180.0,102.0,210.0,132.0,True
6311,2,24.0,94.0,54.0,124.0,True
6311,2,24.0,172.0,54.0,202.0,True
6311,2,63.0,16.0,93.0,46.0,True
6311,2,63.0,94.0,93.0,124.0,True
6311,2,63.0,133.0,93.0,163.0,True
6311,2,180.0,16.0,210.0,46.0,True
6311,2,180.0,55.0,210.0,85.0,True
6311,2,180.0,133.0,210.0,163.0,True
6312,2,16.0,60.0,46.0,90.0,True
6312,2,16.0,99.0,46.0,129.0,True
6312,2,16.0,138.0,46.0,168.0,True
6312,2,55.0,177.0,85.0,207.0,True
6312,2,94.0,99.0,124.0,129.0,True
6312,2,94.0,138.0,124.0,168.0,True
6312,2,133.0,60.0,163.0,90.0,True
6312,2,172.0,21.0,202.0,51.0,True
6313,2,24.0,53.0,54.0,83.0,True
6313,2,24.0,92.0,54.0,122.0,True
6313,2,24.0,131.0,54.0,161.0,True
6313,2,102.0,53.0,132.0,83.0,True
6313,2,102.0,92.0,132.0,122.0,True
6313,2,102.0,170.0,132.0,200.0,True
6313,2,141.0,92.0,171.0,122.0,True
6313,2,180.0,170.0,210.0,200.0,True
6314,2,63.0,23.0,93.0,53.0,True
6314,2,63.0,101.0,93.0,131.0,True
6314,2,63.0,140.0,93.0,170.0,True
6314,2,102.0,179.0,132.0,209.0,True
6314,2,141.0,101.0,171.0,131.0,True
6314,2,141.0,179.0,171.0,209.0,True
6314,2,180.0,23.0,210.0,53.0,True
6314,2,180.0,101.0,210.0,131.0,True
6315,2,21.0,19.0,51.0,49.0,True
6315,2,60.0,58.0,90.0,88.0,True
6315,2,60.0,97.0,90.0,127.0,True
6315,2,138.0,19.0,168.0,49.0,True
6315,2,138.0,97.0,168.0,127.0,True
6315,2,177.0,19.0,207.0,49.0,True
6315,2,177.0,58.0,207.0,88.0,True
6315,2,177.0,97.0,207.0,127.0,True
6316,2,18.0,96.0,48.0,126.0,True
6316,2,96.0,18.0,126.0,48.0,True
6316,2,96.0,135.0,126.0,165.0,True
6316,2,135.0,18.0,165.0,48.0,True
6316,2,135.0,135.0,165.0,165.0,True
6316,2,174.0,57.0,204.0,87.0,True
6316,2,174.0,135.0,204.0,165.0,True
6316,2,174.0,174.0,204.0,204.0,True
6317,2,21.0,95.0,51.0,125.0,True
6317,2,60.0,95.0,90.0,125.0,True
6317,2,99.0,17.0,129.0,47.0,True
6317,2,138.0,56.0,168.0,86.0,True
6317,2,138.0,95.0,168.0,125.0,True
6317,2,138.0,134.0,168.0,164.0,True
6317,2,177.0,134.0,207.0,164.0,True
6317,2,177.0,173.0,207.0,203.0,True
6318,2,19.0,24.0,49.0,54.0,True
6318,2,19.0,102.0,49.0,132.0,True
6318,2,19.0,180.0,49.0,210.0,True
6318,2,58.0,102.0,88.0,132.0,True
6318,2,97.0,24.0,127.0,54.0,True
6318,2,97.0,141.0,127.0,171.0,True
6318,2,136.0,24.0,166.0,54.0,True
6318,2,175.0,102.0,205.0,132.0,True
6319,2,23.0,136.0,53.0,166.0,True
6319,2,62.0,175.0,92.0,205.0,True
6319,2,101.0,19.0,131.0,49.0,True
6319,2,101.0,175.0,131.0,205.0,True
6319,2,140.0,19.0,170.0,49.0,True
6319,2,179.0,19.0,209.0,49.0,True
6319,2,179.0,58.0,209.0,88.0,True
6319,2,179.0,97.0,209.0,127.0,True
6320,2,21.0,23.0,51.0,53.0,True
6320,2,21.0,179.0,51.0,209.0,True
6320,2,60.0,62.0,90.0,92.0,True
6320,2,99.0,23.0,129.0,53.0,True
6320,2,99.0,140.0,129.0,170.0,True
6320,2,138.0,101.0,168.0,131.0,True
6320,2,138.0,140.0,168.0,170.0,True
6320,2,177.0,179.0,207.0,209.0,True
6321,2,24.0,18.0,54.0,48.0,True
6321,2,24.0,135.0,54.0,165.0,True
6321,2,24.0,174.0,54.0,204.0,True
6321,2,63.0,135.0,93.0,165.0,True
6321,2,141.0,18.0,171.0,48.0,True
6321,2,141.0,174.0,171.0,204.0,True
6321,2,180.0,18.0,210.0,48.0,True
6321,2,180.0,57.0,210.0,87.0,True
6322,2,25.0,142.0,55.0,172.0,True
6322,2,25.0,181.0,55.0,211.0,True
6322,2,64.0,103.0,94.0,133.0,True
6322,2,103.0,142.0,133.0,172.0,True
6322,2,142.0,64.0,172.0,94.0,True
6322,2,142.0,103.0,172.0,133.0,True
6322,2,181.0,25.0,211.0,55.0,True
6322,2,181.0,103.0,211.0,133.0,True
6323,2,20.0,25.0,50.0,55.0,True
6323,2,20.0,181.0,50.0,211.0,True
6323,2,59.0,142.0,89.0,172.0,True
6323,2,98.0,64.0,128.0,94.0,True
6323,2,98.0,103.0,128.0,133.0,True
6323,2,137.0,142.0,167.0,172.0,True
6323,2,176.0,142.0,206.0,172.0,True
6323,2,176.0,181.0,206.0,211.0,True
6324,2,19.0,179.0,49.0,209.0,True
6324,2,97.0,23.0,127.0,53.0,True
6324,2,97.0,62.0,127.0,92.0,True
6324,2,97.0,101.0,127.0,131.0,True
6324,2,97.0,179.0,127.0,209.0,True
6324,2,136.0,62.0,166.0,92.0,True
6324,2,175.0,62.0,205.0,92.0,True
6324,2,175.0,140.0,205.0,170.0,True
6325,2,24.0,99.0,54.0,129.0,True
6325,2,24.0,138.0,54.0,168.0,True
6325,2,63.0,177.0,93.0,207.0,True
6325,2,102.0,177.0,132.0,207.0,True
6325,2,141.0,60.0,171.0,90.0,True
6325,2,141.0,99.0,171.0,129.0,True
6325,2,180.0,99.0,210.0,129.0,True
6325,2,180.0,177.0,210.0,207.0,True
6326,2,22.0,133.0,52.0,163.0,True
6326,2,61.0,55.0,91.0,85.0,True
6326,2,100.0,16.0,130.0,46.0,True
6326,2,100.0,133.0,130.0,163.0,True
6326,2,139.0,133.0,169.0,163.0,True
6326,2,178.0,55.0,208.0,85.0,True
6326,2,178.0,94.0,208.0,124.0,True
6326,2,178.0,172.0,208.0,202.0,True
6327,2,18.0,19.0,48.0,49.0,True
6327,2,18.0,175.0,48.0,205.0,True
6327,2,57.0,19.0,87.0,49.0,True
6327,2,96.0,19.0,126.0,49.0,True
6327,2,96.0,175.0,126.0,205.0,True
6327,2,135.0,19.0,165.0,49.0,True
6327,2,135.0,97.0,165.0,127.0,True
6327,2,174.0,136.0,204.0,166.0,True
6328,2,15.0,179.0,45.0,209.0,True
6328,2,54.0,62.0,84.0,92.0,True
6328,2,54.0,101.0,84.0,131.0,True
6328,2,54.0,140.0,84.0,170.0,True
6328,2,93.0,140.0,123.0,170.0,True
6328,2,171.0,23.0,201.0,53.0,True
6328,2,171.0,101.0,201.0,131.0,True
6328,2,171.0,179.0,201.0,209.0,True
6329,2,56.0,16.0,86.0,46.0,True
6329,2,56.0,94.0,86.0,124.0,True
6329,2,56.0,133.0,86.0,163.0,True
6329,2,56.0,172.0,86.0,202.0,True
6329,2,95.0,55.0,125.0,85.0,True
6329,2,95.0,133.0,125.0,163.0,True
6329,2,134.0,55.0,164.0,85.0,True
6329,2,173.0,16.0,203.0,46.0,True
6330,2,61.0,25.0,91.0,55.0,True
6330,2,61.0,142.0,91.0,172.0,True
6330,2,61.0,181.0,91.0,211.0,True
6330,2,100.0,25.0,130.0,55.0,True
6330,2,100.0,181.0,130.0,211.0,True
6330,2,139.0,25.0,169.0,55.0,True
6330,2,178.0,64.0,208.0,94.0,True
6330,2,178.0,142.0,208.0,172.0,True
6331,2,14.0,94.0,44.0,124.0,True
6331,2,92.0,16.0,122.0,46.0,True
6331,2,92.0,55.0,122.0,85.0,True
6331,2,131.0,94.0,161.0,124.0,True
6331,2,131.0,133.0,161.0,163.0,True
6331,2,131.0,172.0,161.0,202.0,True
6331,2,170.0,133.0,200.0,163.0,True
6331,2,170.0,172.0,200.0,202.0,True
6332,2,53.0,95.0,83.0,125.0,True
6332,2,92.0,17.0,122.0,47.0,True
6332,2,92.0,95.0,122.0,125.0,True
6332,2,92.0,173.0,122.0,203.0,True
6332,2,131.0,56.0,161.0,86.0,True
6332,2,131.0,173.0,161.0,203.0,True
6332,2,170.0,17.0,200.0,47.0,True
6332,2,170.0,134.0,200.0,164.0,True
6333,2,18.0,16.0,48.0,46.0,True
6333,2,57.0,172.0,87.0,202.0,True
6333,2,96.0,55.0,126.0,85.0,True
6333,2,96.0,172.0,126.0,202.0,True
6333,2,135.0,55.0,165.0,85.0,True
6333,2,135.0,94.0,165.0,124.0,True
6333,2,174.0,94.0,204.0,124.0,True
6333,2,174.0,133.0,204.0,163.0,True
6334,2,24.0,60.0,54.0,90.0,True
6334,2,63.0,21.0,93.0,51.0,True
6334,2,63.0,60.0,93.0,90.0,True
6334,2,63.0,138.0,93.0,168.0,True
6334,2,102.0,60.0,132.0,90.0,True
6334,2,102.0,99.0,132.0,129.0,True
6334,2,102.0,138.0,132.0,168.0,True
6334,2,180.0,21.0,210.0,51.0,True
6335,2,18.0,17.0,48.0,47.0,True
6335,2,18.0,134.0,48.0,164.0,True
6335,2,96.0,56.0,126.0,86.0,True
6335,2,96.0,95.0,126.0,125.0,True
6335,2,135.0,17.0,165.0,47.0,True
6335,2,135.0,134.0,165.0,164.0,True
6335,2,174.0,56.0,204.0,86.0,True
6335,2,174.0,95.0,204.0,125.0,True
6336,2,16.0,103.0,46.0,133.0,True
6336,2,16.0,142.0,46.0,172.0,True
6336,2,55.0,64.0,85.0,94.0,True
6336,2,94.0,25.0,124.0,55.0,True
6336,2,94.0,64.0,124.0,94.0,True
6336,2,94.0,181.0,124.0,211.0,True
6336,2,133.0,103.0,163.0,133.0,True
6336,2,172.0,142.0,202.0,172.0,True
6337,2,60.0,17.0,90.0,47.0,True
6337,2,60.0,56.0,90.0,86.0,True
6337,2,60.0,95.0,90.0,125.0,True
6337,2,60.0,134.0,90.0,164.0,True
6337,2,99.0,95.0,129.0,125.0,True
6337,2,99.0,173.0,129.0,203.0,True
6337,2,138.0,56.0,168.0,86.0,True
6337,2,177.0,173.0,207.0,203.0,True
6338,2,17.0,24.0,47.0,54.0,True
6338,2,17.0,63.0,47.0,93.0,True
6338,2,17.0,102.0,47.0,132.0,True
6338,2,56.0,24.0,86.0,54.0,True
6338,2,56.0,141.0,86.0,171.0,True
6338,2,95.0,180.0,125.0,210.0,True
6338,2,173.0,24.0,203.0,54.0,True
6338,2,173.0,63.0,203.0,93.0,True
6339,2,17.0,180.0,47.0,210.0,True
6339,2,56.0,102.0,86.0,132.0,True
6339,2,56.0,180.0,86.0,210.0,True
6339,2,95.0,24.0,125.0,54.0,True
6339,2,95.0,63.0,125.0,93.0,True
6339,2,95.0,180.0,125.0,210.0,True
6339,2,134.0,180.0,164.0,210.0,True
6339,2,173.0,24.0,203.0,54.0,True
6340,2,15.0,57.0,45.0,87.0,True
6340,2,54.0,18.0,84.0,48.0,True
6340,2,93.0,96.0,123.0,126.0,True
6340,2,93.0,135.0,123.0,165.0,True
6340,2,132.0,18.0,162.0,48.0,True
6340,2,132.0,57.0,162.0,87.0,True
6340,2,171.0,18.0,201.0,48.0,True
6340,2,171.0,174.0,201.0,204.0,True
6341,2,16.0,131.0,46.0,161.0,True
6341,2,55.0,14.0,85.0,44.0,True
6341,2,55.0,170.0,85.0,200.0,True
6341,2,133.0,92.0,163.0,122.0,True
6341,2,133.0,170.0,163.0,200.0,True
6341,2,172.0,14.0,202.0,44.0,True
6341,2,172.0,131.0,202.0,161.0,True
6341,2,172.0,170.0,202.0,200.0,True
6342,2,22.0,21.0,52.0,51.0,True
6342,2,22.0,60.0,52.0,90.0,True
6342,2,22.0,138.0,52.0,168.0,True
6342,2,61.0,177.0,91.0,207.0,True
6342,2,100.0,99.0,130.0,129.0,True
6342,2,139.0,60.0,169.0,90.0,True
6342,2,178.0,99.0,208.0,129.0,True
6342,2,178.0,138.0,208.0,168.0,True
6343,2,15.0,59.0,45.0,89.0,True
6343,2,15.0,98.0,45.0,128.0,True
6343,2,54.0,98.0,84.0,128.0,True
6343,2,93.0,20.0,123.0,50.0,True
6343,2,171.0,20.0,201.0,50.0,True
6343,2,171.0,59.0,201.0,89.0,True
6343,2,171.0,98.0,201.0,128.0,True
6343,2,171.0,176.0,201.0,206.0,True
6344,2,17.0,60.0,47.0,90.0,True
6344,2,56.0,21.0,86.0,51.0,True
6344,2,56.0,177.0,86.0,207.0,True
6344,2,95.0,21.0,125.0,51.0,True
6344,2,134.0,60.0,164.0,90.0,True
6344,2,134.0,138.0,164.0,168.0,True
6344,2,134.0,177.0,164.0,207.0,True
6344,2,173.0,21.0,203.0,51.0,True
6345,2,25.0,60.0,55.0,90.0,True
6345,2,25.0,138.0,55.0,168.0,True
6345,2,25.0,177.0,55.0,207.0,True
6345,2,64.0,21.0,94.0,51.0,True
6345,2,64.0,99.0,94.0,129.0,True
6345,2,103.0,60.0,133.0,90.0,True
6345,2,142.0,21.0,172.0,51.0,True
6345,2,181.0,21.0,211.0,51.0,True
6346,2,16.0,59.0,46.0,89.0,True
6346,2,16.0,137.0,46.0,167.0,True
6346,2,55.0,20.0,85.0,50.0,True
6346,2,94.0,20.0,124.0,50.0,True
6346,2,94.0,98.0,124.0,128.0,True
6346,2,94.0,176.0,124.0,206.0,True
6346,2,133.0,176.0,163.0,206.0,True
6346,2,172.0,176.0,202.0,206.0,True
6347,2,23.0,92.0,53.0,122.0,True
6347,2,23.0,131.0,53.0,161.0,True
6347,2,101.0,53.0,131.0,83.0,True
6347,2,101.0,92.0,131.0,122.0,True
6347,2,101.0,131.0,131.0,161.0,True
6347,2,140.0,92.0,170.0,122.0,True
6347,2,179.0,14.0,209.0,44.0,True
6347,2,179.0,131.0,209.0,161.0,True
6348,2,17.0,92.0,47.0,122.0,True
6348,2,17.0,131.0,47.0,161.0,True
6348,2,56.0,53.0,86.0,83.0,True
6348,2,95.0,14.0,125.0,44.0,True
6348,2,95.0,92.0,125.0,122.0,True
6348,2,134.0,131.0,164.0,161.0,True
6348,2,173.0,53.0,203.0,83.0,True
6348,2,173.0,170.0,203.0,200.0,True
6349,2,23.0,137.0,53.0,167.0,True
6349,2,62.0,20.0,92.0,50.0,True
6349,2,62.0,137.0,92.0,167.0,True
6349,2,101.0,137.0,131.0,167.0,True
6349,2,140.0,20.0,170.0,50.0,True
6349,2,140.0,98.0,170.0,128.0,True
6349,2,140.0,137.0,170.0,167.0,True
6349,2,140.0,176.0,170.0,206.0,True
6350,2,21.0,54.0,51.0,84.0,True
6350,2,21.0,132.0,51.0,162.0,True
6350,2,60.0,132.0,90.0,162.0,True
6350,2,99.0,54.0,129.0,84.0,True
6350,2,99.0,93.0,129.0,123.0,True
6350,2,138.0,54.0,168.0,84.0,True
6350,2,177.0,93.0,207.0,123.0,True
6350,2,177.0,132.0,207.0,162.0,True
6351,2,18.0,56.0,48.0,86.0,True
6351,2,18.0,95.0,48.0,125.0,True
6351,2,57.0,17.0,87.0,47.0,True
6351,2,57.0,95.0,87.0,125.0,True
6351,2,135.0,56.0,165.0,86.0,True
6351,2,174.0,95.0,204.0,125.0,True
6351,2,174.0,134.0,204.0,164.0,True
6351,2,174.0,173.0,204.0,203.0,True
6352,2,23.0,24.0,53.0,54.0,True
6352,2,101.0,24.0,131.0,54.0,True
6352,2,140.0,102.0,170.0,132.0,True
6352,2,140.0,141.0,170.0,171.0,True
6352,2,179.0,24.0,209.0,54.0,True
6352,2,179.0,63.0,209.0,93.0,True
6352,2,179.0,102.0,209.0,132.0,True
6352,2,179.0,180.0,209.0,210.0,True
6353,2,18.0,53.0,48.0,83.0,True
6353,2,18.0,92.0,48.0,122.0,True
6353,2,18.0,131.0,48.0,161.0,True
6353,2,57.0,53.0,87.0,83.0,True
6353,2,57.0,131.0,87.0,161.0,True
6353,2,96.0,131.0,126.0,161.0,True
6353,2,174.0,14.0,204.0,44.0,True
6353,2,174.0,170.0,204.0,200.0,True
6354,2,58.0,95.0,88.0,125.0,True
6354,2,97.0,17.0,127.0,47.0,True
6354,2,97.0,56.0,127.0,86.0,True
6354,2,97.0,173.0,127.0,203.0,True
6354,2,136.0,56.0,166.0,86.0,True
6354,2,136.0,134.0,166.0,164.0,True
6354,2,175.0,95.0,205.0,125.0,True
6354,2,175.0,134.0,205.0,164.0,True
6355,2,20.0,132.0,50.0,162.0,True
6355,2,20.0,171.0,50.0,201.0,True
6355,2,59.0,93.0,89.0,123.0,True
6355,2,59.0,171.0,89.0,201.0,True
6355,2,98.0,171.0,128.0,201.0,True
6355,2,137.0,132.0,167.0,162.0,True
6355,2,176.0,15.0,206.0,45.0,True
6355,2,176.0,93.0,206.0,123.0,True
6356,2,18.0,18.0,48.0,48.0,True
6356,2,57.0,96.0,87.0,126.0,True
6356,2,96.0,18.0,126.0,48.0,True
6356,2,96.0,96.0,126.0,126.0,True
6356,2,135.0,57.0,165.0,87.0,True
6356,2,135.0,174.0,165.0,204.0,True
6356,2,174.0,18.0,204.0,48.0,True
6356,2,174.0,57.0,204.0,87.0,True
6357,2,17.0,22.0,47.0,52.0,True
6357,2,17.0,61.0,47.0,91.0,True
6357,2,17.0,178.0,47.0,208.0,True
6357,2,56.0,22.0,86.0,52.0,True
6357,2,95.0,22.0,125.0,52.0,True
6357,2,95.0,61.0,125.0,91.0,True
6357,2,134.0,178.0,164.0,208.0,True
6357,2,173.0,61.0,203.0,91.0,True
6358,2,19.0,20.0,49.0,50.0,True
6358,2,19.0,176.0,49.0,206.0,True
6358,2,58.0,59.0,88.0,89.0,True
6358,2,58.0,98.0,88.0,128.0,True
6358,2,58.0,137.0,88.0,167.0,True
6358,2,97.0,20.0,127.0,50.0,True
6358,2,97.0,137.0,127.0,167.0,True
6358,2,175.0,59.0,205.0,89.0,True
6359,2,22.0,98.0,52.0,128.0,True
6359,2,22.0,176.0,52.0,206.0,True
6359,2,61.0,20.0,91.0,50.0,True
6359,2,61.0,59.0,91.0,89.0,True
6359,2,61.0,98.0,91.0,128.0,True
6359,2,61.0,137.0,91.0,167.0,True
6359,2,100.0,137.0,130.0,167.0,True
6359,2,139.0,98.0,169.0,128.0,True
6360,2,25.0,25.0,55.0,55.0,True
6360,2,25.0,103.0,55.0,133.0,True
6360,2,25.0,181.0,55.0,211.0,True
6360,2,64.0,25.0,94.0,55.0,True
6360,2,64.0,142.0,94.0,172.0,True
6360,2,103.0,25.0,133.0,55.0,True
6360,2,103.0,181.0,133.0,211.0,True
6360,2,142.0,64.0,172.0,94.0,True
6361,2,20.0,23.0,50.0,53.0,True
6361,2,20.0,101.0,50.0,131.0,True
6361,2,20.0,140.0,50.0,170.0,True
6361,2,59.0,179.0,89.0,209.0,True
6361,2,137.0,23.0,167.0,53.0,True
6361,2,137.0,140.0,167.0,170.0,True
6361,2,137.0,179.0,167.0,209.0,True
6361,2,176.0,140.0,206.0,170.0,True
6362,2,24.0,61.0,54.0,91.0,True
6362,2,24.0,100.0,54.0,130.0,True
6362,2,102.0,100.0,132.0,130.0,True
6362,2,102.0,139.0,132.0,169.0,True
6362,2,102.0,178.0,132.0,208.0,True
6362,2,141.0,22.0,171.0,52.0,True
6362,2,180.0,100.0,210.0,130.0,True
6362,2,180.0,178.0,210.0,208.0,True
6363,2,19.0,100.0,49.0,130.0,True
6363,2,58.0,22.0,88.0,52.0,True
6363,2,58.0,61.0,88.0,91.0,True
6363,2,97.0,22.0,127.0,52.0,True
6363,2,97.0,61.0,127.0,91.0,True
6363,2,97.0,100.0,127.0,130.0,True
6363,2,136.0,139.0,166.0,169.0,True
6363,2,175.0,139.0,205.0,169.0,True
6364,2,24.0,14.0,54.0,44.0,True
6364,2,24.0,92.0,54.0,122.0,True
6364,2,63.0,92.0,93.0,122.0,True
6364,2,141.0,14.0,171.0,44.0,True
6364,2,141.0,92.0,171.0,122.0,True
6364,2,180.0,14.0,210.0,44.0,True
6364,2,180.0,53.0,210.0,83.0,True
6364,2,180.0,92.0,210.0,122.0,True
6365,2,20.0,175.0,50.0,205.0,True
6365,2,59.0,58.0,89.0,88.0,True
6365,2,59.0,97.0,89.0,127.0,True
6365,2,59.0,175.0,89.0,205.0,True
6365,2,98.0,58.0,128.0,88.0,True
6365,2,137.0,175.0,167.0,205.0,True
6365,2,176.0,58.0,206.0,88.0,True
6365,2,176.0,136.0,206.0,166.0,True
6366,2,18.0,25.0,48.0,55.0,True
6366,2,18.0,103.0,48.0,133.0,True
6366,2,18.0,181.0,48.0,211.0,True
6366,2,174.0,25.0,204.0,55.0,True
6366,2,174.0,64.0,204.0,94.0,True
6366,2,174.0,103.0,204.0,133.0,True
6366,2,174.0,142.0,204.0,172.0,True
6366,2,174.0,181.0,204.0,211.0,True
6367,2,22.0,25.0,52.0,55.0,True
6367,2,22.0,64.0,52.0,94.0,True
6367,2,61.0,181.0,91.0,211.0,True
6367,2,100.0,64.0,130.0,94.0,True
6367,2,100.0,181.0,130.0,211.0,True
6367,2,139.0,25.0,169.0,55.0,True
6367,2,139.0,64.0,169.0,94.0,True
6367,2,139.0,181.0,169.0,211.0,True
6368,2,17.0,25.0,47.0,55.0,True
6368,2,56.0,25.0,86.0,55.0,True
6368,2,56.0,142.0,86.0,172.0,True
6368,2,95.0,103.0,125.0,133.0,True
6368,2,134.0,103.0,164.0,133.0,True
6368,2,134.0,181.0,164.0,211.0,True
6368,2,173.0,25.0,203.0,55.0,True
6368,2,173.0,103.0,203.0,133.0,True
6369,2,18.0,140.0,48.0,170.0,True
6369,2,57.0,23.0,87.0,53.0,True
6369,2,57.0,62.0,87.0,92.0,True
6369,2,96.0,179.0,126.0,209.0,True
6369,2,135.0,23.0,165.0,53.0,True
6369,2,174.0,62.0,204.0,92.0,True
6369,2,174.0,140.0,204.0,170.0,True
6369,2,174.0,179.0,204.0,209.0,True
6370,2,25.0,19.0,55.0,49.0,True
6370,2,25.0,58.0,55.0,88.0,True
6370,2,25.0,97.0,55.0,127.0,True
6370,2,25.0,136.0,55.0,166.0,True
6370,2,64.0,97.0,94.0,127.0,True
6370,2,103.0,136.0,133.0,166.0,True
6370,2,103.0,175.0,133.0,205.0,True
6370,2,142.0,97.0,172.0,127.0,True
6371,2,20.0,92.0,50.0,122.0,True
6371,2,59.0,53.0,89.0,83.0,True
6371,2,59.0,131.0,89.0,161.0,True
6371,2,59.0,170.0,89.0,200.0,True
6371,2,98.0,14.0,128.0,44.0,True
6371,2,98.0,53.0,128.0,83.0,True
6371,2,98.0,131.0,128.0,161.0,True
6371,2,137.0,131.0,167.0,161.0,True
6372,2,17.0,96.0,47.0,126.0,True
6372,2,17.0,174.0,47.0,204.0,True
6372,2,56.0,18.0,86.0,48.0,True
6372,2,56.0,57.0,86.0,87.0,True
6372,2,56.0,174.0,86.0,204.0,True
6372,2,95.0,57.0,125.0,87.0,True
6372,2,95.0,96.0,125.0,126.0,True
6372,2,173.0,135.0,203.0,165.0,True
6373,2,14.0,25.0,44.0,55.0,True
6373,2,14.0,103.0,44.0,133.0,True
6373,2,53.0,25.0,83.0,55.0,True
6373,2,53.0,64.0,83.0,94.0,True
6373,2,92.0,64.0,122.0,94.0,True
6373,2,92.0,142.0,122.0,172.0,True
6373,2,131.0,25.0,161.0,55.0,True
6373,2,131.0,103.0,161.0,133.0,True
6374,2,24.0,17.0,54.0,47.0,True
6374,2,63.0,56.0,93.0,86.0,True
6374,2,63.0,95.0,93.0,125.0,True
6374,2,63.0,134.0,93.0,164.0,True
6374,2,63.0,173.0,93.0,203.0,True
6374,2,141.0,56.0,171.0,86.0,True
6374,2,141.0,95.0,171.0,125.0,True
6374,2,141.0,134.0,171.0,164.0,True
6375,2,15.0,97.0,45.0,127.0,True
6375,2,54.0,19.0,84.0,49.0,True
6375,2,54.0,58.0,84.0,88.0,True
6375,2,54.0,97.0,84.0,127.0,True
6375,2,93.0,19.0,123.0,49.0,True
6375,2,132.0,19.0,162.0,49.0,True
6375,2,132.0,136.0,162.0,166.0,True
6375,2,171.0,175.0,201.0,205.0,True
6376,2,25.0,63.0,55.0,93.0,True
6376,2,64.0,102.0,94.0,132.0,True
6376,2,64.0,180.0,94.0,210.0,True
6376,2,103.0,102.0,133.0,132.0,True
6376,2,142.0,141.0,172.0,171.0,True
6376,2,142.0,180.0,172.0,210.0,True
6376,2,181.0,63.0,211.0,93.0,True
6376,2,181.0,102.0,211.0,132.0,True
6377,2,24.0,64.0,54.0,94.0,True
6377,2,63.0,103.0,93.0,133.0,True
6377,2,102.0,64.0,132.0,94.0,True
6377,2,141.0,64.0,171.0,94.0,True
6377,2,141.0,103.0,171.0,133.0,True
6377,2,141.0,181.0,171.0,211.0,True
6377,2,180.0,103.0,210.0,133.0,True
6377,2,180.0,181.0,210.0,211.0,True
6378,2,18.0,22.0,48.0,52.0,True
6378,2,18.0,61.0,48.0,91.0,True
6378,2,18.0,100.0,48.0,130.0,True
6378,2,18.0,178.0,48.0,208.0,True
6378,2,57.0,22.0,87.0,52.0,True
6378,2,57.0,139.0,87.0,169.0,True
6378,2,96.0,139.0,126.0,169.0,True
6378,2,96.0,178.0,126.0,208.0,True
6379,2,25.0,18.0,55.0,48.0,True
6379,2,25.0,96.0,55.0,126.0,True
6379,2,64.0,18.0,94.0,48.0,True
6379,2,64.0,57.0,94.0,87.0,True
6379,2,103.0,57.0,133.0,87.0,True
6379,2,142.0,18.0,172.0,48.0,True
6379,2,142.0,57.0,172.0,87.0,True
6379,2,142.0,96.0,172.0,126.0,True
6380,2,23.0,18.0,53.0,48.0,True
6380,2,23.0,57.0,53.0,87.0,True
6380,2,23.0,174.0,53.0,204.0,True
6380,2,101.0,57.0,131.0,87.0,True
6380,2,101.0,174.0,131.0,204.0,True
6380,2,140.0,18.0,170.0,48.0,True
6380,2,140.0,57.0,170.0,87.0,True
6380,2,140.0,174.0,170.0,204.0,True
6381,2,55.0,99.0,85.0,129.0,True
6381,2,55.0,138.0,85.0,168.0,True
6381,2,55.0,177.0,85.0,207.0,True
6381,2,94.0,138.0,124.0,168.0,True
6381,2,133.0,60.0,163.0,90.0,True
6381,2,133.0,99.0,163.0,129.0,True
6381,2,172.0,21.0,202.0,51.0,True
6381,2,172.0,99.0,202.0,129.0,True
6382,2,22.0,21.0,52.0,51.0,True
6382,2,22.0,99.0,52.0,129.0,True
6382,2,61.0,138.0,91.0,168.0,True
6382,2,61.0,177.0,91.0,207.0,True
6382,2,100.0,177.0,130.0,207.0,True
6382,2,139.0,21.0,169.0,51.0,True
6382,2,139.0,138.0,169.0,168.0,True
6382,2,178.0,99.0,208.0,129.0,True
6383,2,20.0,97.0,50.0,127.0,True
6383,2,20.0,175.0,50.0,205.0,True
6383,2,59.0,136.0,89.0,166.0,True
6383,2,59.0,175.0,89.0,205.0,True
6383,2,98.0,19.0,128.0,49.0,True
6383,2,98.0,136.0,128.0,166.0,True
6383,2,98.0,175.0,128.0,205.0,True
6383,2,176.0,58.0,206.0,88.0,True
6384,2,21.0,60.0,51.0,90.0,True
6384,2,21.0,177.0,51.0,207.0,True
6384,2,60.0,138.0,90.0,168.0,True
6384,2,60.0,177.0,90.0,207.0,True
6384,2,99.0,99.0,129.0,129.0,True
6384,2,138.0,21.0,168.0,51.0,True
6384,2,177.0,21.0,207.0,51.0,True
6384,2,177.0,177.0,207.0,207.0,True
6385,2,62.0,137.0,92.0,167.0,True
6385,2,101.0,20.0,131.0,50.0,True
6385,2,101.0,59.0,131.0,89.0,True
6385,2,101.0,98.0,131.0,128.0,True
6385,2,140.0,59.0,170.0,89.0,True
6385,2,140.0,137.0,170.0,167.0,True
6385,2,179.0,20.0,209.0,50.0,True
6385,2,179.0,176.0,209.0,206.0,True
6386,2,18.0,103.0,48.0,133.0,True
6386,2,18.0,181.0,48.0,211.0,True
6386,2,96.0,103.0,126.0,133.0,True
6386,2,96.0,142.0,126.0,172.0,True
6386,2,135.0,64.0,165.0,94.0,True
6386,2,174.0,25.0,204.0,55.0,True
6386,2,174.0,103.0,204.0,133.0,True
6386,2,174.0,181.0,204.0,211.0,True
6387,2,14.0,14.0,44.0,44.0,True
6387,2,53.0,14.0,83.0,44.0,True
6387,2,53.0,53.0,83.0,83.0,True
6387,2,53.0,170.0,83.0,200.0,True
6387,2,92.0,92.0,122.0,122.0,True
6387,2,131.0,170.0,161.0,200.0,True
6387,2,170.0,14.0,200.0,44.0,True
6387,2,170.0,53.0,200.0,83.0,True
6388,2,16.0,59.0,46.0,89.0,True
6388,2,16.0,137.0,46.0,167.0,True
6388,2,55.0,59.0,85.0,89.0,True
6388,2,133.0,98.0,163.0,128.0,True
6388,2,172.0,20.0,202.0,50.0,True
6388,2,172.0,59.0,202.0,89.0,True
6388,2,172.0,98.0,202.0,128.0,True
6388,2,172.0,176.0,202.0,206.0,True
6389,2,17.0,101.0,47.0,131.0,True
6389,2,17.0,140.0,47.0,170.0,True
6389,2,17.0,179.0,47.0,209.0,True
6389,2,56.0,62.0,86.0,92.0,True
6389,2,56.0,179.0,86.0,209.0,True
6389,2,95.0,23.0,125.0,53.0,True
6389,2,95.0,101.0,125.0,131.0,True
6389,2,95.0,140.0,125.0,170.0,True
6390,2,14.0,17.0,44.0,47.0,True
6390,2,14.0,95.0,44.0,125.0,True
6390,2,53.0,17.0,83.0,47.0,True
6390,2,53.0,56.0,83.0,86.0,True
6390,2,53.0,95.0,83.0,125.0,True
6390,2,92.0,134.0,122.0,164.0,True
6390,2,131.0,95.0,161.0,125.0,True
6390,2,170.0,173.0,200.0,203.0,True
6391,2,21.0,140.0,51.0,170.0,True
6391,2,99.0,23.0,129.0,53.0,True
6391,2,99.0,179.0,129.0,209.0,True
6391,2,138.0,62.0,168.0,92.0,True
6391,2,138.0,140.0,168.0,170.0,True
6391,2,138.0,179.0,168.0,209.0,True
6391,2,177.0,62.0,207.0,92.0,True
6391,2,177.0,101.0,207.0,131.0,True
6392,2,14.0,24.0,44.0,54.0,True
6392,2,92.0,24.0,122.0,54.0,True
6392,2,92.0,63.0,122.0,93.0,True
6392,2,92.0,141.0,122.0,171.0,True
6392,2,131.0,24.0,161.0,54.0,True
6392,2,131.0,63.0,161.0,93.0,True
6392,2,131.0,102.0,161.0,132.0,True
6392,2,170.0,180.0,200.0,210.0,True
6393,2,24.0,64.0,54.0,94.0,True
6393,2,24.0,103.0,54.0,133.0,True
6393,2,24.0,142.0,54.0,172.0,True
6393,2,63.0,64.0,93.0,94.0,True
6393,2,102.0,25.0,132.0,55.0,True
6393,2,102.0,142.0,132.0,172.0,True
6393,2,141.0,25.0,171.0,55.0,True
6393,2,180.0,181.0,210.0,211.0,True
6394,2,22.0,20.0,52.0,50.0,True
6394,2,22.0,176.0,52.0,206.0,True
6394,2,61.0,137.0,91.0,167.0,True
6394,2,100.0,20.0,130.0,50.0,True
6394,2,139.0,20.0,169.0,50.0,True
6394,2,139.0,59.0,169.0,89.0,True
6394,2,139.0,176.0,169.0,206.0,True
6394,2,178.0,176.0,208.0,206.0,True
6395,2,18.0,21.0,48.0,51.0,True
6395,2,18.0,99.0,48.0,129.0,True
6395,2,57.0,99.0,87.0,129.0,True
6395,2,57.0,177.0,87.0,207.0,True
6395,2,96.0,21.0,126.0,51.0,True
6395,2,96.0,60.0,126.0,90.0,True
6395,2,174.0,60.0,204.0,90.0,True
6395,2,174.0,99.0,204.0,129.0,True
6396,2,21.0,55.0,51.0,85.0,True
6396,2,21.0,94.0,51.0,124.0,True
6396,2,60.0,55.0,90.0,85.0,True
6396,2,60.0,94.0,90.0,124.0,True
6396,2,99.0,133.0,129.0,163.0,True
6396,2,177.0,55.0,207.0,85.0,True
6396,2,177.0,94.0,207.0,124.0,True
6396,2,177.0,172.0,207.0,202.0,True
6397,2,19.0,14.0,49.0,44.0,True
6397,2,19.0,131.0,49.0,161.0,True
6397,2,58.0,92.0,88.0,122.0,True
6397,2,97.0,92.0,127.0,122.0,True
6397,2,97.0,131.0,127.0,161.0,True
6397,2,136.0,14.0,166.0,44.0,True
6397,2,136.0,53.0,166.0,83.0,True
6397,2,175.0,53.0,205.0,83.0,True
6398,2,24.0,24.0,54.0,54.0,True
6398,2,24.0,180.0,54.0,210.0,True
6398,2,63.0,63.0,93.0,93.0,True
6398,2,102.0,63.0,132.0,93.0,True
6398,2,102.0,102.0,132.0,132.0,True
6398,2,141.0,102.0,171.0,132.0,True
6398,2,141.0,180.0,171.0,210.0,True
6398,2,180.0,63.0,210.0,93.0,True
6399,2,16.0,59.0,46.0,89.0,True
6399,2,16.0,98.0,46.0,128.0,True
6399,2,55.0,59.0,85.0,89.0,True
6399,2,55.0,98.0,85.0,128.0,True
6399,2,55.0,137.0,85.0,167.0,True
6399,2,94.0,59.0,124.0,89.0,True
6399,2,94.0,176.0,124.0,206.0,True
6399,2,172.0,98.0,202.0,128.0,True
